1287,83,801,1202,1149,1256,1011,39,1626,313,852,91,134,1171,932,584,488,769,1422,738,1505,1292,1319,169
255,1478,1170,390,346,1036,1096,501,565,683,383,172,940,662,397,267,278,142,1246,849,1629,567,699,1000
435,1037,935,388,635,1022,1282,407,248,427,561,240,639,38,1203,692,179,1436,1565,794,1620,1183,980,1503
64,216,339,235,1606,1066,1315,600,1555,1511,315,1258,731,790,1508,1229,1633,827,812,1086,168,733,299,901
127,494,912,960,1522,338,760,1280,1351,425,1085,620,1472,929,1303,413,590,401,645,737,987,873,75,953
1307,745,977,159,1331,1242,1017,697,1628,893,1327,1140,871,1388,184,874,316,1143,46,623,997,546,389,1015
166,1581,1515,1176,1530,1368,1093,1047,833,1408,1544,1076,1125,982,1451,1271,188,1192,804,446,1636,137,1299,1605
857,593,553,1071,1232,94,602,592,61,783,1493,947,1332,599,1521,814,1124,1006,1333,55,610,795,88,963
254,1621,1355,1420,53,1438,1370,490,1117,249,210,484,1112,1301,666,959,1461,764,1468,922,1275,177,1261,1440
343,861,846,1358,1147,133,304,145,1295,139,1533,223,308,410,6,1488,1132,974,1284,143,776,1395,1580,175
109,1611,492,261,885,63,821,872,66,667,1501,400,585,1294,265,598,1087,858,1144,230,164,691,883,194
723,1080,834,1546,1075,1512,1119,499,187,157,1578,1197,437,1593,1411,373,198,1520,1060,86,1392,1545,386,336
1070,467,1158,707,659,378,13,1373,353,439,211,1051,1243,35,108,1250,839,601,1172,1031,1199,570,508,1486
713,771,1221,136,295,1317,68,431,719,732,429,29,1426,395,718,829,888,280,1035,1385,661,1238,876,1416
1245,622,1557,328,171,976,372,203,1635,994,1104,1009,1227,879,840,1330,340,1272,1057,5,605,895,100,1152
1592,755,684,999,543,675,900,1139,618,1002,792,1200,766,466,796,627,1618,761,1155,763,696,1631,495,253
1098,1622,323,578,955,569,878,1088,908,1328,1405,348,734,1382,341,292,778,1400,996,1111,325,1027,10,1016
520,633,1456,384,1260,995,1356,358,1032,1159,641,1209,624,417,809,580,1427,368,1460,530,1423,1609,807,24
1113,1329,1049,793,1341,749,1065,1048,408,371,989,541,1019,1173,498,519,441,576,131,1349,485,1562,604,642
575,1532,1527,591,843,183,1374,1123,67,1108,724,1251,1384,119,258,226,1326,654,972,1089,1224,415,660,847
476,512,283,405,1148,937,1371,559,637,682,988,1403,200,708,84,1215,1357,1095,1194,1369,1079,447,1415,12
866,614,606,483,715,1024,746,848,162,782,113,1526,1021,752,870,1044,497,1625,798,1347,307,689,670,820
706,1407,1519,800,1293,1608,1312,916,658,1092,1345,785,1343,496,1587,714,573,509,199,1572,360,82,628,1535
726,403,728,869,1536,392,702,1414,1184,919,1219,1013,125,327,104,1496,579,1448,442,1524,1262,1061,754,33
1173,139,157,1416,869,5,249,325,723,1374,1258,1093,315,995,488,879,1384,1580,633,292,336,39,400,937
1197,467,100,793,1593,1427,1202,1019,614,1170,61,447,200,692,976,372,346,512,1002,874,343,83,1089,1024
395,579,866,405,490,386,1371,620,1423,162,63,353,1262,635,585,1015,885,1299,308,1317,1633,1060,1287,1587
843,570,1605,559,901,569,66,368,963,373,1086,1503,714,699,1521,1414,1355,593,848,183,878,348,323,1070
1140,1095,1468,807,1183,919,839,660,592,798,1456,383,327,1382,1037,760,584,509,530,435,1356,1319,1307,1385
425,734,397,1242,605,216,1232,639,670,1369,1071,654,974,814,771,211,846,604,313,280,1092,1292,1022,1224
820,328,1592,1275,1530,429,728,994,82,1358,972,1635,857,1565,1000,683,1388,628,338,485,1312,1013,627,1520
1611,255,1524,360,1508,601,1113,1282,1112,1581,849,442,1085,1343,1478,299,131,223,1515,1176,580,1347,804,645
169,1341,1123,1505,1436,1415,371,689,390,960,1392,733,718,691,1148,1215,64,1171,706,265,1125,1149,437,667
134,439,441,1622,738,713,715,1608,392,1536,912,778,708,1351,794,1035,143,226,1535,658,827,895,261,258
1631,1544,977,125,145,1006,384,1606,809,1460,697,29,1636,1527,1609,659,1295,171,1209,1016,996,776,199,1066
91,922,1251,508,1349,553,1578,1098,10,1061,1557,498,783,622,341,109,304,88,339,932,1373,187,1144,1111
682,1486,1330,1511,637,1200,136,1522,1119,133,1132,600,494,840,953,295,230,1438,1124,737,413,194,989,484
567,483,1011,988,137,852,401,1227,113,1315,1532,1250,159,997,1572,801,496,1501,598,94,618,763,1155,267
127,33,684,1076,497,1472,755,53,1357,1036,871,1238,641,947,745,184,900,1108,578,1512,1044,610,1147,1261
576,955,1329,872,599,642,1031,407,1117,495,833,766,1301,1533,1448,108,662,1246,104,1087,696,119,754,1139
278,1245,166,283,1080,1493,164,707,761,1021,1327,1326,1546,253,1440,858,210,1184,959,1368,1332,1032,1400,999
1625,1009,785,1057,307,1243,316,1488,1403,1422,769,408,55,1075,1451,1284,68,541,573,1172,1088,590,666,13
575,1049,749,1519,177,796,1096,790,520,24,746,446,702,591,812,203,1555,752,188,1203,795,1199,724,834
410,1620,499,1065,12,1562,168,142,565,1219,561,388,792,543,1152,198,476,378,1027,1280,870,172,1048,1628
719,501,1407,1408,916,821,358,888,1370,179,606,1221,6,389,876,466,1260,764,602,1079,1328,1104,1420,800
829,1303,84,35,1331,254,75,519,403,46,1629,1159,1051,1293,1621,1017,1271,908,1192,1256,675,731,782,861
732,235,987,1496,415,1461,86,38,1545,1626,929,624,427,883,1333,982,1345,661,1294,1405,1158,623,67,1426
726,417,1229,1618,1272,1526,340,431,935,980,873,1411,940,1047,1395,1143,1194,240,492,847,175,248,893,546
737,248,839,172,484,1132,55,1581,437,200,136,733,919,846,171,763,1478,706,778,935,546,1317,1184,1608
1087,1620,446,792,1272,1066,618,175,1183,1587,378,1488,543,145,295,857,771,1256,1294,809,635,559,1635,1629
1148,1147,338,724,573,1351,1002,1176,75,798,1519,10,1292,435,628,29,1275,807,541,388,980,1060,410,498
872,977,633,1636,12,108,1047,483,66,512,1011,1511,431,177,575,1422,849,307,1371,752,1149,1468,265,1051
166,211,793,133,908,929,1606,131,403,390,624,728,769,1546,726,1605,1330,1260,1258,137,755,495,139,1144
168,614,1293,1155,188,199,682,1251,1461,125,764,1123,1124,1527,827,304,821,922,392,1633,972,157,622,1299
198,794,1411,723,749,1119,1440,39,869,1085,645,1349,520,38,901,1448,1370,1505,997,1628,1049,599,642,1227
1229,1016,675,53,210,83,254,1021,86,641,415,1565,662,253,104,249,960,1104,427,561,1221,94,1009,1295
639,1426,834,795,1202,492,637,1108,1238,109,1112,1243,659,1626,1044,1593,1158,800,1501,804,994,714,216,963
1347,346,1395,888,159,389,852,1139,1341,325,384,1200,1071,745,1345,683,235,142,873,1427,833,490,223,308
313,1031,5,1088,1460,1438,1580,1232,1520,169,578,1385,1061,1522,776,565,1524,339,519,1111,1456,876,316,604
858,46,947,692,1209,1036,1006,976,576,1262,184,1307,134,91,1032,292,785,670,1508,829,999,33,1152,1486
754,732,912,407,187,1420,280,1423,1261,1113,348,1303,731,1246,667,226,299,900,1282,183,360,82,315,1530
373,372,283,113,1301,1013,814,1415,441,1219,707,1515,883,1065,666,871,1027,600,1172,1357,1536,1019,660,1024
1329,408,1203,570,623,1521,1332,1159,1280,760,1035,689,719,953,879,796,820,323,400,585,64,485,143,1140
405,1533,1076,591,343,100,1197,718,88,1373,261,1199,1170,1343,1327,1242,68,1284,1503,1015,1526,1089,1392,488
1358,988,35,995,1250,1080,1400,194,1609,417,989,1407,1408,499,230,397,1093,1436,1022,509,371,127,340,386
982,341,501,790,567,708,932,658,738,255,590,1621,1555,1096,1622,24,620,1611,1331,84,592,696,119,1384
383,1451,866,593,1086,1315,327,67,598,476,1194,497,1095,870,467,840,1493,466,684,6,1271,1171,959,1369
1544,1532,885,425,916,1215,1416,1143,494,63,1079,1368,601,843,605,761,1545,413,1057,697,987,783,1512,1414
1245,447,164,278,1048,61,1382,874,353,801,579,401,553,782,766,734,1125,1618,1224,1572,1631,584,627,746
602,654,13,691,1287,610,1355,1070,1333,661,203,179,1319,336,1326,606,1312,240,1192,569,442,847,1403,358
848,1075,395,940,1578,812,580,702,1496,1000,861,895,530,1037,1356,258,1535,699,1173,1017,162,955,368,996
429,893,267,1374,496,937,508,974,1098,1557,1092,1405,1328,1562,878,1388,1117,1592,1625,1472,439,713,328,715
798,801,908,684,1456,1079,188,172,1016,624,446,1356,136,569,61,541,989,900,1593,1076,1328,675,1232,1051
658,1326,1420,575,1370,1395,1065,91,1357,580,1618,466,66,1423,373,84,1171,280,86,1086,1527,415,29,593
1170,719,55,553,498,591,1123,315,308,1503,874,893,995,785,654,1578,1066,579,590,1488,947,1132,1546,1631
429,1139,339,1343,328,360,295,1330,307,1111,1315,292,483,871,645,876,642,1572,1293,33,567,980,390,1609
916,755,932,1448,1080,1461,1017,714,372,1242,1176,1496,1587,1224,778,131,1608,861,800,133,1562,35,435,821
827,1605,125,68,1512,1219,10,1515,1019,1282,509,1031,1049,1238,1096,1022,1159,177,1606,1262,384,734,316,199
1036,253,988,226,1035,1032,929,635,1307,187,1125,1098,637,1416,752,198,972,1371,1172,1385,371,976,1258,872
1037,1194,1093,1636,12,1060,620,977,378,1332,1229,1369,804,467,849,858,782,1011,745,769,1275,1486,1015,618
584,733,610,955,184,100,696,614,982,442,852,1347,901,512,413,702,1006,963,922,1331,216,1200,340,476
497,840,639,164,1628,1635,145,1280,530,974,501,953,919,496,682,749,760,598,670,737,127,1183,248,570
812,1536,400,870,327,1209,171,492,878,713,960,718,1468,119,1345,484,1555,1415,627,1202,833,601,1155,255
1422,1329,834,1149,1057,113,157,1104,134,561,606,223,1532,829,692,1451,408,783,1438,578,1403,1520,661,261
987,397,1544,707,659,395,1327,194,1629,1272,1384,792,1215,67,585,325,809,427,1611,604,1388,1545,1505,1508
732,1292,1592,1524,879,795,82,1333,1119,1299,1511,820,660,488,1089,166,1411,1414,142,499,935,771,726,1002
1478,1260,1626,866,168,1349,1535,46,847,5,313,240,738,764,1009,258,766,706,341,846,1199,1501,249,1070
254,869,1140,790,346,235,776,139,1436,410,1173,343,210,912,1319,1047,1405,761,230,183,389,304,1027,1625
796,1144,1530,431,1251,543,94,1565,1526,683,162,88,997,857,937,425,1117,708,763,388,1622,495,724,576
494,508,1355,1261,1147,83,1472,336,605,1460,699,1061,520,1294,75,353,283,1303,1152,1522,623,814,1341,143
592,368,1112,565,1426,348,490,1295,573,1287,383,633,1427,179,299,1000,1312,667,999,1044,200,1197,323,108
1580,754,1245,1184,959,1493,807,559,1250,519,622,159,602,1071,109,895,267,447,1557,104,401,873,1620,715
794,1351,1301,689,169,1440,1143,1368,407,1158,1521,1256,1092,793,338,1243,437,1021,386,1374,1024,137,746,1124
599,1227,600,403,628,1382,392,53,1148,405,697,1075,641,885,63,666,38,1533,417,1203,24,1392,1246,485
888,1221,546,439,1088,278,6,996,265,175,723,994,441,1113,1192,1633,1317,1095,848,691,843,1085,1373,1581
1519,13,1048,358,883,662,39,1408,940,64,1013,203,1621,728,1358,1271,1284,1087,731,1108,1407,1400,839,211
211,497,1197,999,1139,1478,1343,109,10,718,754,1395,408,843,1075,620,1371,386,1555,1307,437,295,974,929
1088,1144,258,1330,628,509,916,1327,627,38,610,1065,980,1112,1326,834,1280,1242,353,839,682,1232,1031,299
846,995,200,1287,1456,565,1047,91,900,1119,605,125,989,339,1633,316,53,639,1203,1341,1587,932,1521,814
441,1520,849,94,866,139,796,405,490,429,713,1219,879,953,633,937,1022,776,809,752,1345,660,410,869
543,1524,997,1468,724,313,731,1113,1609,861,580,1295,919,488,654,1215,873,996,1460,591,400,1111,1158,987
84,601,1628,336,1629,1408,1086,216,959,439,5,1170,389,494,1581,467,622,852,183,1593,1202,492,1631,283
431,876,13,901,1149,348,1315,1066,1620,340,83,874,1002,1423,442,1016,1272,1250,1124,719,1140,226,1123,870
1019,960,495,1347,373,579,1200,1384,119,893,792,812,1472,253,561,210,1461,658,567,1148,1405,75,635,857
392,137,769,1013,343,466,82,570,1403,358,1143,847,988,1557,401,763,604,1544,707,578,1155,642,1036,33
755,1532,1173,702,714,662,1093,1284,908,63,1293,1209,108,689,360,821,1021,1292,1048,1147,29,1349,885,940
6,1104,171,1530,1258,600,1024,498,1057,783,1486,435,840,602,1332,661,530,1635,188,248,1294,1496,1608,659
341,1221,888,1606,584,1301,499,585,1572,162,1519,598,912,1388,1032,1580,723,485,1370,1414,164,1373,790,697
1351,187,645,179,1009,39,1505,131,1440,955,691,1625,368,346,1071,86,1592,569,793,667,1448,519,378,1411
267,798,133,327,88,395,1562,1527,168,641,947,315,878,1096,198,407,1622,1271,734,782,994,1407,325,1184
1260,177,1224,795,1194,1275,827,1051,666,1061,1382,593,726,508,766,397,749,46,1355,871,778,1060,1415,699
1199,1238,833,415,371,1501,1436,895,127,1526,1605,576,240,68,230,738,1243,963,1011,1493,1282,1333,1536,1256
67,1331,1503,675,61,760,733,977,1427,715,166,1262,1098,976,820,328,1108,1451,172,573,476,447,1618,599
618,55,800,1420,100,413,157,761,623,807,1621,308,403,1159,1227,249,1152,223,1319,1017,184,829,546,512
1438,1546,64,1299,1488,883,1172,1422,1392,1369,1092,606,1511,575,1416,304,1545,972,175,1357,372,113,1000,935
737,1117,1245,1044,1080,1037,483,670,1565,1578,637,1400,383,1095,520,684,425,292,136,1176,1183,1626,278,169
1006,280,307,732,1368,1192,872,145,785,1522,254,1125,848,66,706,692,1229,194,1385,1089,801,1535,134,771
24,590,559,338,265,794,1171,1303,1085,1317,323,1261,1356,1426,143,1079,35,390,417,1328,624,1049,1508,1035
159,1374,1312,1329,614,1070,388,446,1512,1076,501,255,1015,1636,696,592,203,764,858,1027,12,541,683,982
553,1132,746,496,728,1515,1251,384,142,804,745,1246,922,708,104,1358,427,1611,261,1533,199,235,1087,484
325,177,996,1472,1408,576,1075,620,184,1124,1140,935,764,1123,292,870,498,1200,91,1009,1382,1219,401,1016
131,702,1341,1301,316,1593,713,403,912,641,1256,1095,1448,431,328,1251,134,901,1411,1112,166,1312,261,561
353,139,495,1184,746,46,833,776,820,1199,1209,1508,447,1011,1176,590,1562,749,1232,1229,591,338,963,113
792,1572,127,1629,1522,1329,336,827,738,689,696,446,210,900,977,1493,267,734,1349,1047,553,960,168,848
343,199,871,1295,1080,1238,405,39,885,1608,543,761,248,68,783,1280,987,1533,752,1293,800,1555,999,1027
600,1282,578,1132,1384,1496,675,1284,840,88,1245,137,724,1144,175,5,1536,763,940,488,1139,410,718,804
108,499,1326,1087,1294,1626,1333,1527,1580,1258,1385,1202,395,814,12,1605,86,852,1427,857,1345,1436,1618,1371
623,982,530,400,869,565,1111,1262,719,1299,760,959,194,429,1501,861,1622,593,29,368,83,1060,1024,598
937,1032,484,1355,390,1108,601,843,1609,125,1544,794,66,1098,10,1422,592,872,618,567,1456,1592,1036,726
916,798,187,307,708,1405,512,801,1017,1307,348,340,315,1628,1089,1317,1468,109,1271,606,635,683,642,1113
1438,667,1021,624,1535,203,249,496,1192,691,610,790,265,1085,929,1076,579,1149,327,1066,1440,1395,888,339
645,1511,508,145,397,223,1155,1505,1051,1351,67,1416,1224,408,732,304,119,386,754,1331,989,240,198,1152
1022,659,666,162,519,1403,159,807,1503,976,605,157,378,1070,1423,785,1451,1183,413,955,136,467,771,466
439,1347,1512,497,878,782,1092,133,441,520,1013,38,637,442,1287,1636,283,1631,1370,392,1546,295,1532,980
1242,1392,485,599,1275,660,723,1292,895,389,1519,1400,919,35,778,628,1420,384,1635,255,795,570,1530,1356
371,1158,796,1159,100,1526,1057,164,63,546,1002,793,509,437,235,1171,932,1460,584,953,1625,766,627,1172
1221,1086,1357,1328,1048,323,1330,341,1578,858,541,1096,874,84,200,697,839,769,1203,1545,280,1119,715,388
1373,997,171,1388,372,661,1173,947,1243,1197,1581,622,169,1088,55,809,24,253,1227,476,972,1611,358,1524
216,662,873,1015,692,1117,1071,492,104,1426,559,639,1079,425,1374,733,846,313,602,879,501,183,731,1044
1246,94,745,707,604,427,994,1061,1488,1319,1006,1147,682,1414,1565,1303,299,737,13,580,483,308,1621,1215
1250,1343,908,658,1407,1261,1065,821,1332,172,995,179,883,684,1093,1521,258,75,1272,755,142,1368,417,974
573,706,1461,1606,1587,922,230,494,1315,1035,847,714,188,1260,670,226,988,1125,1369,1037,1620,728,893,1415
82,1019,699,373,53,829,585,1148,614,1143,346,569,254,812,278,654,1327,61,1557,1170,33,1031,435,1633
575,876,834,849,866,415,407,64,1194,1478,360,633,490,6,1104,143,1515,211,1486,1520,1000,1049,1358,383
929,1093,100,1159,1035,852,599,157,315,38,1496,684,1618,783,1250,1221,715,1260,125,702,610,159,543,484
441,325,339,258,1635,226,778,645,734,1104,900,1356,731,1555,546,602,834,336,723,1392,492,1158,804,1009
771,1536,164,1609,713,809,1242,446,1319,1341,199,496,692,953,136,1626,1113,1403,578,1593,972,1371,1605,1544
235,719,666,1139,1071,866,764,447,1526,1522,843,1019,593,706,1606,1415,883,661,1197,699,466,1173,1303,104
169,1448,386,1328,519,994,995,1183,1076,415,1125,1332,1486,1085,372,1355,618,278,1095,1061,431,996,1468,592
1330,1315,1580,495,792,1503,1066,1256,368,1070,5,1358,879,1251,604,670,858,1262,1293,667,840,328,494,605
1232,576,280,839,1096,1086,782,183,255,1111,988,498,1461,940,1172,413,654,980,392,63,1345,353,1357,1060
932,829,1246,1140,660,922,935,662,390,1374,697,1370,982,1521,248,622,1037,737,1331,714,573,987,895,86
846,606,790,682,919,400,1119,265,240,733,1112,490,172,488,1295,575,108,1512,1275,12,316,1117,313,658
833,1144,1108,299,1333,1451,724,442,620,624,1002,745,1312,1075,916,308,223,1192,591,1629,113,1368,341,200
827,1143,1219,959,131,211,323,378,1343,83,1215,999,820,1284,109,1229,1016,798,1438,1631,127,340,1411,849
707,760,769,348,1405,1545,139,1349,628,1057,683,793,1628,1572,1407,1557,35,39,267,659,24,590,84,1427
55,641,567,1088,75,614,1385,1203,1416,955,901,439,388,752,1533,960,1280,119,565,343,203,691,696,410
483,1017,61,1155,1271,1527,1422,1080,1620,1488,1636,726,847,600,728,509,508,976,580,893,1327,198,776,977
1015,64,794,1245,1170,254,417,1326,175,796,874,168,1347,1132,878,29,989,1456,908,1089,1493,598,425,1299
1423,639,1460,559,888,179,1272,134,1351,1408,1414,1027,1395,637,633,1282,1124,1006,230,1501,1258,13,88,346
33,1384,1011,66,1369,1032,876,142,623,1436,718,569,292,194,1578,1292,427,1611,570,1511,397,184,1622,145
467,407,1382,947,68,1049,216,1440,94,435,553,499,1400,1546,821,1581,1152,1199,512,974,501,1520,249,763
584,177,1051,53,429,360,1202,1565,635,307,1184,689,1532,1519,746,675,1149,187,885,601,541,1621,1592,295
1171,1608,1036,1194,1243,1530,6,807,732,1508,1092,1472,1388,401,1373,1031,585,871,870,1000,801,338,1633,1209
210,1329,1048,1505,304,1625,497,1079,1022,91,869,937,253,520,1294,795,861,373,755,1123,812,1524,761,261
188,1013,1301,1024,997,857,10,1148,162,785,963,766,1426,166,143,1307,754,1317,283,579,1261,1044,171,1587
530,1200,1478,389,371,1287,848,1176,1098,137,133,627,485,814,1087,384,82,1515,561,738,912,403,800,437
46,749,1065,642,1047,872,873,358,327,383,395,408,1147,1021,1224,1238,708,1227,476,67,1535,1562,1420,405
1108,1027,10,1209,570,1047,258,492,541,579,995,1016,852,1351,408,641,812,600,1044,88,253,1088,1258,1085
346,383,12,660,994,94,1148,801,1328,623,139,1636,267,183,1293,1071,340,1227,127,870,1625,935,485,584
1256,203,371,1635,125,1035,230,1113,1125,738,804,1544,1546,1076,1460,104,732,929,1299,848,1262,792,610,1341
1414,635,963,389,1611,442,1312,108,1232,714,441,1608,1246,431,1631,764,427,1172,1521,561,1287,1080,313,592
1524,55,947,498,261,746,134,1472,1238,162,658,61,1006,1075,1117,1385,295,1251,1621,972,675,987,840,778
1123,1486,888,873,1317,1221,38,1294,713,599,403,1357,959,175,249,496,494,5,1440,814,1633,1535,642,1356
988,1408,798,1436,338,308,553,13,575,1519,726,1224,614,1036,1032,339,1089,1327,254,718,109,210,893,1501
35,299,1468,46,724,1326,1420,1415,659,1245,702,922,1307,604,977,1620,1011,761,1144,849,86,916,187,1271
520,1456,1173,439,745,179,796,633,1147,328,874,1478,790,1315,200,1132,415,476,1416,397,1260,601,590,1124
63,691,168,211,84,169,576,645,6,368,1488,283,142,1395,733,697,499,1423,1275,1511,839,734,1017,919
1333,827,715,1057,1176,883,188,670,1405,1061,1079,159,1403,425,1280,580,763,1292,1520,113,348,304,1349,519
997,879,265,731,1555,1533,869,795,847,136,488,83,1155,598,1384,198,1522,618,996,1373,895,800,1503,559
689,1184,661,1400,390,591,1015,24,728,1358,766,68,707,1392,1037,901,955,67,982,39,667,760,976,316
624,447,807,1295,932,1448,771,723,1194,1096,386,602,666,1438,53,1581,435,1002,143,133,785,1086,1562,1087
1427,501,752,145,1104,255,1451,417,1049,1048,1272,1580,119,388,1183,530,699,1170,567,1330,1605,782,248,749
1422,343,755,166,628,1371,708,446,177,857,1532,358,754,1618,1021,1243,226,1009,937,809,1626,1065,1261,1508
565,569,1051,1382,1347,846,606,833,497,821,1242,1530,1066,820,33,953,1515,1219,912,866,278,654,980,401
876,172,1565,1000,1111,495,1332,437,719,82,1203,1140,1197,1426,1578,484,585,1319,999,684,1093,407,1329,1496
793,292,1536,240,1355,794,1250,1171,100,639,341,184,395,373,737,64,223,706,908,490,1092,989,1343,900
1060,662,1112,1388,776,372,467,1031,199,1572,878,1149,1374,682,307,858,1370,1098,627,1606,1345,1609,573,413
829,543,861,483,1407,325,512,683,157,637,171,1282,315,509,696,1526,508,1628,605,392,1229,1119,622,466
1545,1593,384,1461,131,91,1622,1557,194,360,216,336,578,620,1202,872,66,235,29,1629,1159,1158,871,353
1587,327,783,1192,1505,1411,834,1527,843,1368,1215,1592,885,137,164,280,940,1331,378,410,405,400,1493,1369
1301,1019,546,1095,1512,323,593,769,1013,1024,75,1070,1152,692,1139,429,1200,974,1284,1199,1303,1022,960,1143
1275,1260,1371,1440,959,769,1536,601,660,498,1104,127,623,338,1011,1347,1333,1108,230,38,723,1272,989,417
1522,55,585,1407,1408,1345,1405,708,499,620,561,1356,543,336,1019,1242,39,869,719,1328,1246,1606,235,1202
1076,713,840,1027,1021,624,1341,226,814,483,916,125,1486,1332,584,1089,1521,852,645,912,1625,879,1112,340
829,66,1209,1526,658,315,199,804,793,714,1113,203,1184,171,849,602,592,1608,383,1060,1369,395,292,1572
937,782,1098,1080,567,590,675,763,1016,485,1478,974,1066,427,1319,1301,437,1282,1327,932,1530,308,255,776
386,953,492,771,1238,490,1022,1171,785,35,162,413,778,358,425,307,441,1200,871,24,1117,1524,495,100
724,997,1086,82,795,1392,1426,265,509,988,963,1192,530,1578,783,63,1232,1400,390,766,1292,999,1093,1243
1032,929,1170,113,248,1221,996,919,697,746,1416,109,1565,606,136,64,1092,84,1580,1373,1370,254,177,637
1355,188,1155,834,61,790,980,169,1144,1493,476,874,1420,847,1403,261,755,179,1312,1343,1629,283,1123,580
1633,142,553,667,1307,605,976,372,1194,666,1215,1448,184,706,137,622,108,1411,1158,104,1037,702,1505,68
1262,1009,1605,75,1635,839,972,172,858,1229,1261,801,575,684,175,403,728,1047,159,1628,1015,682,726,13
46,749,1351,569,1224,718,1331,1197,29,752,94,267,1520,654,1299,67,661,699,1031,1496,325,327,1293,1621
447,164,827,1172,1065,1422,908,1287,796,346,633,1143,573,1415,1251,576,922,1159,1544,53,143,1456,83,1326
878,1148,1618,1256,1280,405,313,798,194,166,738,240,955,392,683,627,1315,600,1140,328,341,1395,378,733
1488,1176,1119,1519,400,408,1095,1049,977,187,895,618,410,1533,960,1071,1622,1374,1124,982,388,821,1626,598
1000,628,995,1002,1258,987,593,641,1611,91,1451,339,809,1294,371,1088,745,439,1173,343,5,1545,316,466
1460,1461,1125,1468,732,570,1512,1051,662,794,119,1384,1147,1245,807,1085,812,1546,1532,843,1414,446,497,1382
1358,484,304,1609,578,278,893,1438,1385,1048,33,210,1227,1511,1317,1388,1075,866,670,883,715,604,86,1329
610,1219,258,401,373,691,1357,1295,1349,1631,467,870,1017,846,139,496,614,397,183,1035,833,1183,435,635
696,295,216,157,559,360,792,1503,1044,299,1284,389,1527,384,692,1006,1149,1368,1139,415,442,494,508,1013
1111,520,731,1087,761,940,1303,659,1427,1036,253,947,501,885,1330,565,689,431,519,133,1515,1057,6,760
737,872,707,1562,1557,348,200,1593,873,888,1581,512,12,198,1152,88,211,488,407,935,368,1250,1271,1061
1587,1070,1636,546,876,10,1132,1592,223,280,541,1079,168,1555,579,429,754,848,145,131,800,734,1096,1203
1508,820,1501,134,249,764,1472,353,900,857,323,1024,599,1535,591,861,1199,642,1436,994,639,1423,1620,901
1392,691,1357,618,796,1229,1282,446,198,1411,792,415,1461,166,960,1426,82,283,1515,999,1227,75,1606,1060
1328,211,66,692,745,591,1032,104,1147,323,1405,261,177,661,783,746,1261,512,1155,1027,814,1271,733,179
373,706,210,1341,1351,339,1327,627,738,675,108,861,223,316,397,683,1294,843,766,883,1173,1119,280,492
484,749,1423,278,1006,1092,1047,1332,1522,530,1373,395,1544,1219,642,1626,1123,304,637,496,1460,1124,1587,368
702,1520,343,955,125,1345,353,346,553,1572,1238,35,1440,994,976,1152,145,752,1037,1633,610,654,761,55
793,1545,585,1080,800,315,763,769,599,417,109,839,847,249,1456,1113,1370,1385,94,840,248,5,1049,1013
188,113,119,1232,1019,873,541,578,68,1557,100,1546,200,559,1349,893,614,947,1472,689,708,833,1061,1176
1048,723,383,1468,408,1194,916,442,662,728,1358,1315,645,403,1051,584,1251,878,386,413,982,809,567,494
1098,1284,922,713,142,1200,1272,1242,737,734,1329,1132,660,1095,127,1486,718,1258,378,1416,1501,895,715,580
846,1057,467,1580,977,1326,624,1070,1250,171,1209,509,1317,829,592,1203,137,226,1017,407,707,1093,820,476
1246,866,857,1144,328,295,908,1368,623,1140,755,139,929,1009,684,1636,593,1532,972,1293,495,435,134,1086
771,253,1197,390,1170,1022,732,1158,605,590,807,888,292,989,325,1319,439,1605,1183,168,848,858,1139,162
1535,1611,1620,143,437,1262,1044,546,778,1493,871,1415,876,12,932,1448,639,901,33,1307,1581,216,86,974
1172,870,658,1096,1369,940,719,754,995,1287,1503,1148,1024,963,1066,1275,1407,1511,1260,371,313,1221,1608,157
67,46,659,872,1031,1184,1422,579,764,1622,697,1171,635,159,852,175,1609,1036,1330,980,1628,1104,410,427
53,696,1526,164,490,1578,1519,827,133,1592,682,203,265,1215,953,628,1625,601,447,519,1505,1085,997,1002
670,1076,1521,1527,573,869,795,1451,633,466,834,1299,172,1508,1618,699,1199,267,1438,131,1112,508,570,136
1065,384,187,1295,39,307,1343,760,1280,497,199,1496,1488,1388,372,6,1347,327,622,1143,598,429,1079,400
1403,498,1087,84,1292,801,1312,254,666,874,169,91,798,520,83,1117,1301,63,885,88,24,1382,499,1021
641,308,1245,230,1436,604,1224,1016,794,606,600,358,919,1374,1414,996,1202,1015,488,1555,731,1533,959,1621
1108,1631,1356,1512,388,726,1408,194,1524,401,602,1333,1635,1071,576,1420,912,389,785,724,258,441,1088,900
1256,812,1395,849,1478,879,543,61,987,1000,336,1192,405,348,667,255,1331,10,620,485,776,1427,1355,184
1562,988,1565,561,360,341,235,1159,782,937,1303,240,38,29,1243,13,1371,1075,1593,821,1011,565,1111,183
338,1089,392,299,804,1035,1400,431,1530,64,1629,1149,1125,1536,340,790,483,935,714,575,501,425,569,1384
1382,1242,1113,820,963,413,749,752,339,84,1578,1635,561,1611,1194,1420,1345,1104,137,353,908,388,1245,405
1605,592,988,255,164,591,386,796,1075,447,1496,134,1284,916,570,885,1626,682,1592,620,980,840,520,91
1117,1295,442,987,1200,1374,177,795,1013,848,879,211,893,425,328,1522,580,395,1215,919,1280,614,1370,1262
248,1625,766,852,119,127,384,1173,1508,495,1384,142,1170,834,1243,437,1438,714,5,761,1562,410,883,658
1533,584,94,168,866,1271,390,100,804,1385,734,183,61,1184,623,408,63,697,1071,1633,483,861,974,843
1006,1149,492,1140,82,1098,1080,75,605,1468,947,307,1343,280,336,1326,878,1511,360,1536,1357,691,378,1572
999,1260,1111,46,1319,567,1422,793,1275,1227,715,1545,258,184,1015,1272,397,1620,1079,327,383,254,692,800
368,1493,553,1293,1587,1557,1299,600,666,299,801,1019,960,1089,194,778,707,1152,593,635,439,1486,578,348
1371,1011,55,338,827,1047,745,874,857,997,417,200,12,512,1261,565,633,1229,1403,1144,598,576,912,159
1448,113,733,794,901,1256,304,1022,1405,235,821,1287,1238,702,689,86,723,1246,253,1535,870,1108,982,1250
169,654,1546,283,1451,1515,876,585,1544,659,624,559,1251,1035,1351,292,660,1303,599,628,131,1032,1621,203
932,1349,1057,1176,210,341,431,873,143,278,267,1232,1092,1460,1183,719,684,485,172,785,1329,935,769,732
1461,6,295,618,1618,1415,1341,1392,446,1093,13,708,1332,573,1037,392,179,1060,849,427,718,1070,953,496
1628,922,64,29,1519,1355,764,1017,162,1016,807,1148,1532,1112,1087,166,407,1066,313,1408,792,1581,1631,1356
1622,847,1530,68,509,937,760,1088,871,1328,1593,1414,188,1555,994,1472,187,358,249,240,989,1327,261,1488
670,494,746,1258,1315,590,1065,1527,1400,1426,24,1202,839,1159,1609,484,900,1197,1143,1440,340,1608,661,872
1048,435,1317,441,771,1524,1580,1331,683,1395,995,315,1132,104,1526,696,265,508,929,1411,1124,346,1606,133
316,1049,1219,343,466,519,1373,108,1009,1155,1095,959,216,1358,403,223,1307,35,308,1505,604,1520,812,1139
645,1021,389,763,1427,501,67,976,488,1292,325,662,627,175,88,699,610,639,125,83,1282,543,1119,1086
809,1436,1224,1158,776,1503,1002,1501,38,1000,895,602,642,1203,226,1416,1565,1061,1221,1123,1147,1636,530,198
1301,713,230,869,940,833,814,139,675,858,1051,737,706,1036,1199,1044,546,109,783,1312,755,415,1125,829
199,754,429,1423,171,888,10,1171,996,1629,977,1031,1330,401,579,33,39,66,1368,373,972,782,622,724
467,1369,601,323,490,1521,136,371,1096,476,145,726,1333,641,53,400,499,1085,637,1192,1076,955,498,541
1478,1347,1388,372,1209,1456,731,1172,1294,798,846,1027,667,497,1512,1024,575,728,790,569,1407,157,738,606
495,1119,280,1356,1358,292,169,91,1319,82,476,874,796,395,403,346,559,576,1080,1148,996,1355,601,1066
1159,660,484,1049,852,1200,315,960,1170,408,1329,1022,980,1292,713,1515,737,1194,261,591,1351,1405,1420,1260
1493,1293,1287,1488,793,746,61,368,1478,997,86,707,188,171,1371,1075,706,490,127,1149,972,1411,628,858
666,1436,1501,1295,642,567,1536,1009,871,1332,843,100,307,878,974,543,373,814,541,916,929,1345,829,1246
1245,1232,407,908,618,1330,919,861,546,895,870,1079,624,1580,1271,1284,1027,397,598,872,959,1400,1144,800
627,699,857,1124,1349,795,417,38,602,415,519,1562,358,75,1112,1328,1044,1065,1002,893,371,431,1422,1280
1017,1341,499,714,401,1388,496,1031,769,1093,1572,10,839,249,198,1519,801,162,1392,113,876,900,372,1408
1262,590,1294,336,639,846,1618,1521,108,400,84,947,143,1440,216,1021,578,348,388,389,136,483,606,883
488,1051,1587,682,383,1312,1508,1486,1224,749,119,179,55,1057,776,88,66,614,353,1307,792,1373,1427,447
1581,1202,1155,133,1384,1048,1219,211,1369,1626,764,834,1472,35,1533,849,437,1524,1282,265,1403,341,530,1461
1000,1629,901,1261,1011,1071,248,175,708,1221,497,1565,1555,641,1158,1327,761,755,654,1085,573,1096,804,1557
254,258,1609,63,1605,696,325,1132,1315,1061,1631,1209,1456,955,718,885,172,1415,1117,157,1621,343,1199,278
1299,637,1176,1111,584,1024,848,553,1625,569,575,798,492,1258,1089,763,6,1374,183,1229,593,1611,760,323
145,600,166,501,1592,509,1628,1184,623,888,922,1546,1104,1331,313,441,1238,1527,866,203,604,987,137,937
570,164,1407,1368,1036,304,994,953,1098,24,46,989,1088,267,1016,778,734,731,53,442,585,1622,1006,83
809,520,840,39,1203,1578,982,384,879,812,662,427,316,1013,299,494,827,413,661,1076,1108,1250,1275,142
670,29,1060,1544,1395,1426,512,392,1037,1357,580,340,338,1143,724,109,1530,1243,963,1496,1423,390,230,833
125,1087,1333,255,467,723,667,67,728,1251,1633,1535,1608,386,999,466,675,1343,599,1147,1070,873,1092,508
1460,820,328,187,446,1636,732,33,435,977,940,360,1095,1451,64,659,1183,177,1532,610,976,131,752,1303
771,935,1123,68,645,754,782,410,199,790,592,1172,605,104,1370,1317,912,1139,1173,635,159,684,253,995
1503,139,1347,738,240,1416,184,745,1382,210,783,1526,1140,498,847,1125,94,821,283,1015,692,485,226,235
5,1192,561,1468,1215,633,12,620,1272,1047,807,339,223,425,579,697,308,1620,658,200,1256,726,733,1197
1448,1511,702,988,194,1635,719,1545,405,565,429,1032,1227,1242,1326,932,1593,1019,1113,1438,1505,794,295,715
622,1414,766,785,1171,1512,691,689,1606,1152,1301,1086,168,1520,134,1385,13,869,378,683,1522,327,1035,439
1287,304,108,1027,667,871,858,1140,1293,874,1111,446,267,172,1515,996,39,1420,261,1606,1628,1171,1565,576
1303,134,601,248,401,1385,776,35,323,1086,179,1312,339,6,1232,1608,131,1183,1472,737,1536,431,390,407
519,1319,635,869,63,1392,283,316,1448,413,1371,1403,125,1636,847,1546,645,752,658,1478,1049,1347,199,139
171,661,1284,1044,1299,1017,84,368,792,959,1184,795,697,821,561,1172,1460,325,159,1011,1358,866,1261,745
1032,1036,83,295,994,109,1258,1626,885,1635,893,1197,940,1089,38,800,1104,1016,809,253,1426,624,498,573
1015,492,1526,987,1060,1351,400,490,341,1438,916,1176,1155,1292,187,754,670,1159,1095,546,590,24,1520,476
1148,976,1440,1345,378,1108,980,766,530,1006,497,569,397,919,900,857,888,166,137,1423,86,820,1173,488
1557,1221,1227,1242,53,1544,1158,801,1093,692,1124,879,439,1427,1070,798,593,168,1245,1147,1625,415,1219,696
494,230,1368,579,929,1071,143,814,1522,1332,1555,662,210,373,1580,610,553,1411,1400,429,499,249,1246,731
133,691,559,307,389,1031,1521,843,846,618,353,733,963,883,1609,746,749,1113,328,1356,1468,1243,512,1199
61,760,995,466,604,734,849,782,1272,778,955,1496,198,1125,1530,1524,119,953,718,567,908,520,417,336
501,912,794,1092,1527,575,437,1611,1096,255,1416,543,901,719,699,496,1592,1374,388,100,1355,483,1152,1066
200,278,1317,64,280,592,602,1194,46,852,485,989,1192,960,327,790,684,783,343,1262,1341,113,833,66
637,682,1587,706,1331,659,988,755,829,1076,299,1119,5,598,761,1065,1048,410,660,628,1112,183,383,1143
1505,764,1229,570,702,1578,1456,1132,977,88,935,1047,585,1009,1021,29,403,1382,724,1123,441,1512,1327,1224
258,591,1051,142,769,641,1572,683,1170,1061,600,1203,771,715,1501,895,675,1256,157,796,1503,1315,763,1202
13,1024,878,714,1079,1408,1330,1415,177,226,1002,723,145,1037,922,1075,1461,240,1407,427,639,1405,12,292
870,972,1085,627,104,1532,834,235,732,1436,947,55,10,392,541,840,937,425,68,1000,211,606,654,509
265,1508,599,1098,338,1251,1333,371,1250,1373,785,384,360,386,999,94,175,203,254,194,1117,1519,738,1057
1357,188,313,1343,1295,584,1139,1280,1019,642,395,1200,447,164,605,435,1535,614,1301,136,372,315,1369,75
1080,812,827,1294,495,932,1511,308,1486,1488,33,67,1215,666,580,565,876,622,508,1633,793,1271,1618,1562
713,442,1621,169,1593,804,1620,127,91,1388,872,1022,408,1451,974,405,1260,1275,1414,1149,620,484,1545,1013
1581,1395,346,839,728,997,1493,807,82,1329,1328,1370,1422,1088,1349,223,1087,578,348,689,708,162,848,707
1631,1144,1238,1307,1326,358,1282,1035,623,1209,1622,1384,1533,873,467,216,633,1629,184,1605,982,340,861,726
839,593,1194,874,1580,425,873,187,1031,1349,1147,1209,707,776,1496,1633,1143,888,313,476,390,820,771,658
235,119,833,857,198,790,401,714,1515,1606,137,610,10,871,210,1251,278,1557,635,1224,1092,389,1098,1066
785,1370,614,1327,1242,974,1312,403,895,691,1124,1618,1625,1345,598,211,1299,1385,1562,1152,1202,689,100,183
600,1019,660,340,989,713,1060,723,1155,1002,200,988,682,929,1027,1036,383,792,1522,12,752,1093,1326,258
699,893,168,1527,580,431,1526,696,633,392,1333,1262,1427,358,520,226,553,1530,24,1493,1347,1245,987,847
368,1411,223,1371,848,94,1065,1048,1631,1328,793,576,1358,590,75,1011,1140,485,579,883,1581,1368,1080,253
261,496,947,1524,386,1200,175,940,1246,1456,1197,972,68,133,353,1587,127,1319,620,33,683,134,488,919
1280,922,84,67,417,809,1017,976,1486,1123,959,265,1275,908,760,1478,348,339,1501,684,83,584,1592,199
726,1384,1609,1272,169,702,728,1149,1125,623,360,82,982,599,308,1331,509,1032,622,13,1512,1061,91,467
963,1307,1555,519,1089,497,1000,157,1511,307,754,372,1565,254,494,1049,953,483,1448,104,1414,732,1536,1095
1505,1088,415,1503,172,1395,1176,1620,1440,46,388,295,645,912,1315,255,1112,346,1373,573,439,870,384,900
885,543,53,1622,142,1229,88,1096,731,1611,1086,916,639,498,697,849,1219,960,1258,1356,1460,627,866,61
64,407,1423,1171,1282,1357,738,1104,996,843,798,1422,492,1635,801,512,501,39,1332,1535,1578,1113,1382,827
821,1227,715,427,749,248,662,1047,1472,1468,796,642,1085,755,1532,1132,724,1037,769,1369,1355,1024,1243,852
490,585,316,1250,605,35,980,1294,746,670,591,618,55,1170,171,1416,1238,661,395,1343,1629,1159,194,1117
937,766,1317,1119,1295,397,66,719,1519,162,637,230,1203,1544,1593,718,373,1075,812,795,955,1192,108,29
6,834,441,410,1329,1451,338,315,876,1426,1035,559,846,861,1184,1303,1148,466,139,1070,435,429,869,1521
1139,378,131,336,1021,606,1330,323,1293,932,1144,995,1261,1461,782,734,565,1287,1260,343,994,38,1626,1256
872,145,249,592,63,575,1232,113,578,1057,601,1173,216,1183,413,280,602,794,761,1415,5,442,1111,778
143,125,1221,1488,1076,405,624,136,188,692,1044,800,1408,840,999,1407,530,1015,1271,706,159,1533,901,667
733,935,858,1400,1374,1016,1199,484,325,1438,283,977,1520,708,1405,184,675,763,1392,1051,166,1006,1022,569
666,764,304,408,1351,1215,1546,659,1087,807,641,267,567,1608,737,328,879,299,1284,878,508,499,1545,654
1628,561,1621,371,495,997,86,604,1292,745,437,814,1158,1013,628,804,400,327,177,541,570,1388,240,1079
341,1572,1341,1436,829,292,1071,179,1172,446,1636,1108,783,1508,1420,109,1301,164,203,1009,1605,447,546,1403
175,368,1355,996,1438,1411,1092,1593,713,119,1219,1048,441,1049,371,13,641,1508,476,100,795,916,932,83
1625,1089,1009,937,439,12,1328,724,1011,633,543,1524,1312,1232,706,235,88,912,1282,1000,127,1242,1511,1159
1565,997,874,575,159,627,1618,807,1326,1140,1581,1384,1295,417,1139,66,771,519,1262,1349,1448,1536,1271,1629
84,343,338,340,346,1032,68,10,959,590,696,1460,662,764,846,697,715,1173,888,400,183,38,1176,604
509,689,446,1027,1284,794,1088,1112,901,800,600,435,429,1022,866,593,1272,834,467,1060,1123,1426,578,280
792,1246,203,829,1317,1407,723,6,1333,642,567,55,1343,1606,145,1620,410,339,258,1229,1171,763,75,313
1075,1192,64,240,35,61,1184,776,255,987,1408,660,1070,666,184,1202,307,1388,1200,1356,798,1422,1299,1035
1199,559,947,104,606,1621,908,682,1515,1478,1245,143,1079,605,94,267,1238,1036,1440,466,1562,1415,989,719
1019,1368,745,623,732,976,164,553,728,498,576,974,1341,157,541,778,373,953,323,1358,871,670,413,388
1403,766,1468,425,1021,1503,1592,1093,752,699,1037,1330,1215,1423,1250,1608,848,869,796,1170,166,308,1292,1331
39,900,1319,833,483,1085,1301,408,1124,1345,790,384,179,131,812,1108,873,494,1061,940,1636,755,1017,1158
570,1357,283,852,878,1071,922,1405,327,1628,895,223,592,737,248,431,328,1521,1451,29,849,86,584,1472
1605,386,372,1382,316,508,1535,591,1545,194,1096,960,530,1119,1044,401,870,801,1371,561,501,1251,226,336
769,172,1572,1332,1260,1148,254,622,1194,142,1505,1261,1143,1414,1065,654,879,1416,168,614,1557,397,488,1420
292,390,265,1527,995,1519,1400,935,1051,1024,692,383,734,177,885,1392,1080,63,1488,840,520,1626,847,1155
24,1587,955,628,1132,1117,485,1496,1635,1227,1016,585,684,783,403,1275,1144,827,1031,1086,639,569,1224,199
1280,1287,139,1095,635,253,210,814,1611,1147,341,754,358,53,760,427,1580,216,637,1104,407,1533,858,1544
599,785,484,499,1203,820,618,1373,1329,1578,353,714,602,512,1351,187,1622,1501,738,162,999,708,211,839
1113,200,861,598,963,883,661,1327,977,33,497,1493,1631,392,91,683,1294,994,82,893,658,198,1152,857
490,718,691,749,1258,988,1609,1098,1303,659,707,1076,667,46,1015,299,1183,1256,1347,395,872,109,304,67
295,610,249,1243,447,188,125,876,437,1002,702,675,1111,136,579,134,1149,1522,1486,378,793,573,1221,1057
1209,1456,171,601,1293,1047,565,580,108,1369,645,1395,624,278,169,731,782,980,982,1197,1526,821,919,495
5,809,1427,726,1461,1172,620,325,360,1087,1006,843,804,415,1555,1307,746,1532,496,389,315,1125,1374,733
133,1315,1066,113,972,1385,348,261,1530,230,546,137,442,1013,1512,1546,1633,929,761,405,1436,492,1370,1520
339,559,627,1527,360,848,605,137,1317,1530,1104,427,1294,520,172,1243,666,565,6,1024,893,591,1565,593
104,785,691,35,1293,139,778,253,790,248,599,622,159,1022,1328,437,10,1280,325,1405,869,484,1087,307
576,343,1173,1609,1301,442,372,852,847,67,752,1515,1176,1251,1027,1403,431,662,1546,1622,804,1618,1414,358
1511,861,1422,1626,38,738,1408,1172,1221,1407,33,1071,1092,675,1578,715,1526,1581,723,988,696,1456,1415,866
171,1037,1098,989,1284,684,1147,1011,1184,1420,821,960,1395,745,100,660,1580,1089,397,86,1625,974,1271,573
1009,388,749,1555,996,328,200,1478,1079,1060,827,1370,265,1199,726,1085,999,682,706,1245,280,392,601,683
1272,1524,292,405,541,746,1047,346,230,46,937,1070,255,1096,661,801,843,13,1132,1438,187,408,614,249
1460,639,1400,1488,1333,338,278,53,1572,1295,1111,295,1356,1319,1355,1246,782,600,494,872,483,413,1631,731
435,1532,1371,199,766,570,1170,64,692,1065,702,724,1533,1358,728,800,235,699,1015,628,119,1606,783,29
1229,624,812,798,1351,466,997,336,1562,908,1426,1031,488,1124,162,976,1468,916,509,261,883,1349,1496,1017
1374,1292,1368,211,1592,439,1076,760,501,407,1048,1044,1536,1197,1544,1501,1049,737,620,1261,955,1200,708,977
1628,771,497,1505,496,1332,403,994,1587,610,1312,876,1608,901,492,590,24,1382,1224,323,980,569,88,1215
874,467,1086,304,718,733,1006,922,254,240,1019,839,919,447,340,580,83,1635,963,184,1112,953,1436,987
1258,1343,226,177,794,1075,575,1232,761,982,1282,175,878,373,792,383,645,637,1148,719,401,579,1385,84
546,1262,1002,348,512,368,670,959,127,1036,1021,210,1202,94,267,793,1149,1140,1139,108,1051,1373,1035,857
1088,143,91,553,769,1307,425,795,641,895,166,1557,1345,203,316,618,929,1203,169,498,134,1117,602,1016
198,1451,68,606,1486,1192,707,846,713,194,530,1611,1123,490,871,415,1125,1000,667,561,879,888,623,1521
1503,592,258,1535,495,814,1143,585,932,1227,1440,1250,390,1303,315,1275,1013,299,972,1347,714,164,1287,689
485,833,912,1384,873,179,183,145,1416,807,1093,327,386,125,578,39,834,378,499,1545,1095,654,1512,1411
840,1242,1057,131,384,1158,1326,543,633,353,519,1448,1388,1331,755,642,567,995,441,82,1633,1629,1260,1219
1171,113,870,947,1080,1605,1493,283,157,188,371,1330,133,313,1369,1159,796,1066,55,395,476,1108,885,63
12,136,1341,1636,1194,1392,1209,75,1461,216,1238,1508,697,446,1119,1032,429,764,849,1520,66,389,168,940
1155,1593,417,732,1472,809,1620,763,1427,400,1522,1152,142,829,1621,410,1423,820,935,1299,1315,1061,341,1256
584,223,308,754,1329,659,900,604,1357,1183,1144,776,5,858,1519,635,1113,1327,658,598,109,61,734,508
809,313,1049,852,658,974,1061,12,1478,760,497,1315,194,1192,792,1224,659,776,1626,145,119,953,384,407
622,439,1511,1199,947,932,639,895,261,675,839,1415,627,1587,873,427,1611,900,1085,1392,1032,1132,592,1202
1438,1520,1580,604,1242,467,1047,199,1092,746,1426,166,1088,368,88,937,226,171,661,734,378,63,885,1148
849,1104,1608,783,812,827,820,1123,446,466,901,769,591,846,559,1395,495,1086,1117,499,1307,216,172,1618
159,997,490,737,1411,223,714,752,963,175,908,1002,745,929,397,1219,1243,1013,1048,755,441,1284,1119,39
1329,876,821,1423,1635,987,1461,699,580,134,431,570,578,715,53,1221,795,184,1456,1051,733,5,210,1327
84,689,940,866,1215,1468,415,565,1312,442,1035,874,1227,683,692,1527,1258,553,410,512,1533,1089,691,628
1384,1440,1147,1400,125,1530,248,719,498,1171,1209,1229,977,408,1508,848,1299,1633,870,360,645,579,623,543
796,1628,1403,249,211,635,33,814,1009,782,1488,955,593,476,1184,1076,1631,113,1238,1562,1622,485,413,307
843,601,798,1519,1374,1546,315,1287,857,283,1031,1357,1200,764,785,1343,1355,1262,136,624,682,1578,304,861
1581,778,1408,179,1282,999,1555,667,68,666,1176,1356,35,187,142,1557,1016,1256,602,82,1301,1006,1605,1625
1071,1272,267,94,1358,1271,508,728,292,976,1460,1493,86,1158,1060,327,935,1065,793,530,55,1066,401,316
670,203,584,1075,1113,888,800,1170,1326,1330,1319,127,429,308,1139,108,1037,1593,713,104,1022,960,343,1027
338,567,1385,1159,858,336,1382,230,1095,633,834,198,959,1011,1197,1333,541,390,346,1486,706,804,610,339
766,1295,1373,1345,183,1275,46,1260,325,177,1420,590,732,749,1515,392,1292,405,1636,371,200,492,879,662
1080,871,660,1203,139,425,1368,1057,38,1294,100,1017,1172,1526,696,546,573,561,718,494,1609,1087,1096,1140
188,341,1407,980,1332,519,919,1149,1512,922,1606,1522,1535,278,358,1422,295,24,133,1369,1124,1388,605,1448
606,1331,1472,137,501,403,131,168,509,1303,483,989,1098,1436,1021,883,372,164,10,328,447,872,66,1108
253,684,996,763,1144,916,386,157,75,255,761,240,738,1545,1505,598,64,299,1015,1245,235,1079,6,496
13,1251,1194,143,847,724,869,1019,1152,1044,576,109,994,1112,771,1000,1629,1328,400,972,169,340,1143,585
29,61,833,697,995,840,1232,1173,91,790,642,620,280,1036,1351,1451,395,654,912,1280,1501,383,1183,988
265,520,373,1070,488,1524,1250,1521,614,417,353,1341,1592,1427,1503,794,1620,807,437,258,1155,754,1349,618
1125,1532,1621,1544,575,1572,723,702,323,1496,1317,1416,1405,254,1261,1347,801,1536,641,707,708,1414,67,348
83,878,569,599,893,726,388,829,1370,484,1024,435,389,637,1246,731,1093,1565,1293,600,1111,1371,162,982
29,55,1251,1170,1125,1149,427,1572,1202,1408,1608,955,1172,639,1312,139,1171,134,1000,658,1620,1246,1132,576
1501,827,922,142,1112,1436,86,642,719,211,1330,304,820,328,145,425,216,1451,1087,157,1327,1173,255,707
798,738,24,1626,872,1011,1002,1194,82,187,866,1036,1048,697,338,166,1027,1294,1176,431,169,1016,1530,10
371,1183,1512,575,598,1049,1260,1331,315,919,1546,171,635,235,1545,84,512,1403,175,1232,1332,64,1295,83
159,654,839,761,316,1275,947,1631,1155,997,446,143,1423,278,403,861,267,1095,1520,1015,198,1400,1384,119
1079,1238,1098,794,386,999,39,989,732,1022,1635,131,895,785,230,1349,1369,1108,94,702,726,755,900,336
1329,871,1088,339,1385,1524,885,1144,728,908,1301,1427,210,1426,847,804,400,1358,893,666,408,1374,660,976
1143,1089,579,1622,848,1017,745,807,1535,1200,1057,1625,1061,622,1113,600,323,1405,1527,168,888,437,982,1192
1636,327,1096,591,372,883,1085,601,1416,754,1047,100,254,1388,1124,353,1317,766,561,670,200,1611,415,1415
974,1472,253,299,624,834,108,137,1224,932,1629,662,1032,439,389,901,91,980,977,188,843,46,1147,1044
1242,1262,519,1284,1351,569,940,127,1532,869,795,708,959,996,1328,699,223,675,441,718,1080,800,937,68
179,442,623,466,1075,492,1051,483,490,605,1119,593,1587,1519,136,113,661,620,295,715,280,1592,1035,1382
771,1503,1478,870,401,1562,109,1420,929,358,343,1621,599,1578,1341,75,1536,1140,164,1271,714,1065,240,476
395,1158,88,373,485,627,809,1581,935,1092,1448,682,1159,1526,752,307,578,1013,1456,1197,1293,261,553,392
840,614,1219,378,543,405,713,1347,283,1511,340,1009,1152,1440,1593,162,1258,1315,341,1493,499,1123,1199,1245
308,645,696,602,265,1461,873,829,1117,764,1628,125,67,33,1468,876,633,1508,360,852,972,1111,1557,1282
1373,1505,792,858,584,248,790,801,509,546,592,796,1486,1522,760,1303,659,508,407,184,1299,995,1357,484
61,1411,723,410,565,749,857,1076,429,388,541,63,1243,1307,1618,1438,692,1565,1019,987,447,348,1422,814
1414,1215,916,1037,559,1460,737,606,313,35,604,846,199,778,203,776,746,1261,1488,1070,13,782,53,706
637,346,684,1287,610,249,1343,292,1250,12,104,691,1368,1395,1355,683,783,177,1605,383,1292,1031,874,1407
1221,1203,1024,1633,1256,133,501,1544,435,994,1148,495,988,1093,628,963,763,6,5,734,1392,368,580,1021
793,912,1580,618,769,960,1280,1371,1184,1272,530,1006,878,226,812,417,194,413,590,172,496,1606,1319,689
397,1104,1370,585,1515,724,258,821,1609,498,1227,1496,567,38,1139,833,1356,1209,1060,1071,733,1533,1229,1521
494,325,667,1066,953,520,1555,66,467,849,1326,1086,1345,879,731,488,641,183,1333,573,384,570,497,390
599,724,706,821,164,1184,584,601,169,1371,1460,1370,1578,980,654,1002,1420,699,1416,316,1076,203,858,223
127,1572,623,1075,620,108,13,1070,84,940,733,226,814,384,659,1521,194,1085,959,91,476,760,372,1016
1493,109,809,1024,541,764,598,1172,249,1027,1066,963,1505,1031,405,490,216,1395,1143,929,1626,1631,879,442
1087,339,732,1633,1501,307,467,895,618,1117,922,166,763,604,1202,408,1079,230,1329,1275,295,1170,1326,1411
5,10,1224,1232,1343,1448,1251,1036,670,719,999,801,397,143,495,1319,447,843,315,1192,1057,754,738,188
1356,401,666,82,360,1294,24,1369,88,325,1015,1229,731,752,590,579,1260,520,267,1427,812,1227,987,390
494,1625,645,1139,1022,248,1071,737,792,846,383,1011,782,134,299,602,1258,386,1200,1620,794,723,1250,1144
1119,313,696,1508,793,580,38,576,561,955,833,592,585,635,834,413,1328,1530,995,46,578,39,546,829
53,1347,769,512,1478,847,783,1000,869,1511,641,68,1284,1282,67,827,1526,873,417,508,1292,1203,1622,874
839,61,639,258,1535,1132,707,304,1488,606,283,1486,427,1098,199,1426,1345,1503,1295,142,1333,1272,1303,622
1104,565,974,692,1611,483,1261,1147,1422,1388,1331,776,1035,1197,1436,373,1519,1522,849,785,162,1183,1317,292
6,410,610,1618,175,119,388,338,341,840,1152,371,210,1158,637,1384,1351,1113,1546,488,184,200,1092,900
485,1051,1037,125,1581,1271,1580,553,519,683,575,901,1032,1159,1155,746,484,766,888,171,499,591,261,1349
75,996,1468,1520,1341,593,407,953,139,327,1609,912,343,1407,1086,982,395,94,1221,1635,872,1108,1368,1408
1557,1194,353,1171,807,1565,1440,346,1044,1048,1536,530,1461,708,340,1373,172,55,1587,159,437,1357,1423,1374
378,691,1256,1080,1089,1392,177,861,1123,1629,642,1293,866,1124,64,1148,389,1472,35,1382,976,790,86,429
1009,1532,624,1049,1312,392,100,908,745,1065,972,1405,63,1403,400,323,509,871,131,800,1287,254,496,1006
1017,1219,1262,1301,870,600,1621,1061,179,403,358,682,431,932,1209,1111,1013,658,1608,1149,415,661,660,1140
136,893,771,308,749,573,878,569,104,1496,1415,614,715,1605,157,559,1243,240,989,278,168,1060,183,848
689,439,734,1606,501,1096,543,778,994,702,1307,113,1021,1515,368,425,605,1238,627,761,1545,798,1512,714
1242,935,29,628,960,137,133,235,684,1093,570,446,1562,211,265,633,336,1088,667,876,1414,1047,977,1280
1524,947,1358,1330,1019,255,1112,755,1332,497,492,804,1199,435,567,1533,33,1400,1245,441,1438,328,728,1355
713,1385,1095,1215,1555,1125,1176,919,1593,1527,662,348,795,1299,198,466,885,726,145,1246,988,1592,916,820
718,937,1544,280,1456,1173,66,12,1636,1327,857,1451,187,852,1628,1315,697,796,253,997,83,498,883,675
91,1382,610,1355,1262,1456,1245,88,752,1526,1031,1295,1555,278,371,1144,183,724,708,235,689,441,706,1071
1184,734,866,383,972,1388,203,1546,508,327,1403,1631,1373,1092,723,179,782,1532,606,162,1356,1460,682,1171
384,1173,1519,68,922,702,1527,620,579,1238,715,793,1326,976,929,1472,1085,1315,1111,1243,696,125,1611,1108
171,1088,33,565,1176,807,1125,879,410,1260,1275,1358,728,431,1331,1580,368,530,1209,447,1006,46,1511,63
145,726,1051,94,1618,872,801,316,980,496,627,1158,211,1200,660,386,494,1066,142,1019,1423,1384,1048,1347
358,64,843,127,425,1079,1572,1505,1159,1557,1147,1015,1488,1070,796,166,1272,834,137,745,974,1044,249,814
390,1345,283,1112,1152,1341,639,427,1139,1022,1493,1292,659,133,585,1282,172,442,360,1303,198,876,188,955
569,760,1280,858,13,113,108,1057,1368,1096,1215,570,53,1512,848,1451,1609,691,670,415,932,255,1478,336
654,633,1271,1330,1438,718,1194,1284,488,429,389,1426,591,501,397,184,325,737,407,258,543,999,997,1370
10,820,1545,400,168,541,467,388,1508,749,861,483,959,1427,1132,1119,1227,593,346,714,187,771,476,1328
1104,313,1258,485,1496,764,1246,1016,299,216,1405,778,1515,783,699,1400,1448,1349,1374,561,1501,408,67,601
888,1113,895,435,989,1319,1307,230,512,1170,248,131,1468,1199,1242,873,254,754,792,1392,1140,1312,1250,846
719,1578,960,869,1621,308,977,1229,1251,100,1000,1629,6,839,697,795,683,1011,261,5,1626,495,1080,731
893,637,1522,315,635,937,1221,1333,1565,1172,573,940,766,159,280,307,1635,916,567,1536,1203,1087,509,1407
590,39,996,840,878,1049,599,1503,83,1124,746,1035,1385,776,1343,492,1486,642,1332,675,885,953,84,1422
1606,240,1411,1123,1608,658,1461,1061,1395,982,847,821,919,584,1192,1075,1202,809,339,1581,576,1002,600,692
395,738,661,378,666,901,405,1117,1047,1013,1089,497,829,870,401,265,466,641,614,1060,136,372,794,804
29,1301,798,520,164,341,35,1544,1224,575,373,82,175,199,988,857,104,292,732,109,1605,602,1076,446
1093,519,223,134,1024,963,1636,439,295,1287,139,604,1086,61,1098,490,413,1256,1587,1095,605,12,684,800
1408,157,580,484,1440,1219,622,790,348,1436,761,353,143,1369,994,200,1197,995,1294,417,707,1232,1021,578
1622,1530,498,1625,733,304,833,55,900,403,662,947,935,1183,1329,628,1620,559,908,1036,912,1149,1327,328
66,1357,592,883,340,763,1593,392,253,1017,1415,267,713,1416,75,1420,1628,1592,874,226,177,86,871,1143
755,1155,1535,987,1351,1533,1032,624,812,119,194,1524,437,623,210,1562,827,1009,1148,1633,553,546,1317,849
1261,1065,499,1027,667,645,769,343,1293,1521,1414,338,1520,1299,785,852,1371,1037,38,169,618,24,598,323
485,496,210,682,697,827,1635,199,466,795,1326,495,1438,1533,873,559,1333,1238,1501,1260,982,623,91,166
24,999,731,755,658,601,763,397,1112,1245,922,592,1544,794,1006,372,994,249,1478,1440,1143,198,714,499
974,599,1414,861,1251,1027,1486,483,476,323,383,1426,429,1139,501,955,1016,1158,1019,1636,139,987,593,1229
618,1194,1392,1606,490,1294,573,216,585,879,1355,1416,1503,1493,1057,1124,871,1076,771,1232,1095,405,5,761
1080,530,814,64,940,497,492,919,1535,1411,1209,171,1170,1071,142,1557,407,591,1315,127,339,67,254,133
1144,820,578,1113,346,783,1511,1242,1171,82,84,1347,1261,684,1578,785,75,1036,1633,766,1272,1341,508,519
162,1203,1371,846,972,1013,1303,959,782,168,1527,1262,384,1009,66,1085,718,1622,488,605,1155,1343,425,561
169,265,1327,340,1369,395,1015,793,642,313,840,1070,662,1292,278,431,1530,157,960,108,1227,187,1593,670
778,119,833,602,35,427,1611,796,627,1098,876,341,1271,1022,569,494,1374,1546,86,1422,1388,1088,1496,29
1096,336,1373,963,874,1184,1280,179,1079,745,901,1345,1488,327,620,1250,691,308,639,390,408,1031,1520,988
1075,1197,295,1405,734,38,292,104,989,172,1061,353,733,878,1545,1608,843,900,484,760,575,1519,1512,839
1295,304,1147,143,834,1047,1331,255,131,1468,235,580,1173,567,1626,708,689,1407,145,401,1192,194,134,1420
1631,800,1456,307,637,866,661,600,1176,13,633,10,1351,715,857,1461,315,995,200,1199,1256,1048,68,641
177,883,728,1508,1385,667,1395,1609,371,738,713,113,546,1415,776,512,1086,723,916,929,1065,83,1000,869
675,1618,895,553,467,1119,159,348,1370,1628,852,1284,804,61,885,1330,829,1448,1562,635,447,164,1032,1536
1319,316,752,203,1060,1258,732,435,821,792,368,908,1581,1159,1092,1356,1200,261,1629,437,610,654,935,1565
39,1312,1301,358,590,769,442,1089,509,937,614,1423,211,807,1505,1382,1328,1532,1066,1368,1625,870,997,1017
932,498,996,798,707,659,1011,1282,570,338,446,1408,184,1140,576,801,392,1620,947,666,1148,1384,1358,1093
1460,726,699,848,63,706,702,283,410,749,415,660,1219,584,1521,1572,1037,764,1104,622,976,1580,386,754
100,226,1215,267,1605,1526,1555,1472,977,175,328,1123,1299,1621,1307,109,1221,719,812,1246,1357,1024,1202,1243
183,1132,565,6,1021,624,858,343,1152,1224,1524,543,1275,953,388,46,888,628,604,1111,1349,1287,55,94
1172,847,1403,53,692,1451,1149,1183,1049,378,809,606,441,1051,417,520,413,1035,872,746,280,258,541,389
223,230,1317,912,403,400,1522,439,1427,980,125,1400,248,188,579,12,88,696,893,1592,645,1332,790,137
1108,724,598,373,325,1087,683,737,1002,33,1044,1293,253,1125,1436,849,136,1117,1587,1515,360,240,299,1329
1184,64,159,1621,164,1123,1016,530,940,1104,997,1051,55,1332,885,1633,1280,476,1260,1272,1580,570,1368,53
1000,908,718,871,304,1085,1079,1238,1635,175,660,1382,1032,253,1229,745,932,1369,840,1422,1071,1341,280,624
1021,699,1070,1009,714,1546,1587,591,715,1060,849,1015,1301,633,496,490,68,82,580,994,620,553,157,1521
327,84,829,358,125,599,1202,771,1006,843,872,1155,622,546,734,782,795,1080,5,6,1345,953,561,623
447,210,1292,313,1312,179,1089,1472,1282,814,508,873,960,783,766,737,407,1170,248,1520,410,1147,883,585
283,654,1405,292,136,662,495,1086,600,724,848,793,484,755,1374,995,315,785,203,278,104,1524,578,667
88,1112,1545,732,1022,384,728,1125,336,834,1526,1049,1403,328,1330,1149,606,719,1315,900,169,1221,982,800
211,392,1533,1057,821,602,1037,702,183,1093,1293,1232,1108,113,1183,746,373,133,697,1536,388,919,261,987
1092,1203,1544,1011,415,1636,1555,738,989,1261,439,340,1328,255,371,200,1035,1209,339,1461,343,83,1631,408
901,378,1611,639,1415,820,1384,610,441,389,1608,108,764,240,386,512,1618,761,726,1411,360,1319,1036,1426
199,417,809,691,162,1219,959,937,1113,383,24,792,427,627,1620,235,1284,1420,134,565,752,846,1299,1307
659,61,145,223,827,485,1197,1456,33,348,1295,1199,1172,372,1250,696,1087,947,1119,413,184,1132,467,974
833,1358,368,1468,509,754,1075,1227,1371,39,1460,1356,559,194,498,1392,541,86,847,576,1609,996,75,1512
972,1532,1117,713,390,922,1606,1326,1061,778,929,137,1303,1416,171,109,1448,605,1414,168,1427,188,1388,807
575,353,733,1047,1192,876,1407,916,637,295,1565,46,1287,869,499,749,878,308,682,494,1111,1173,1478,1215
1486,1329,790,1002,520,584,1076,1438,1066,1578,1522,879,435,1625,1622,1065,1140,999,866,601,492,1027,1527,598
618,1562,1096,226,801,1357,1139,708,1408,635,1451,100,1243,405,592,798,497,1515,1508,142,1088,604,1246,707
1258,131,299,1530,1256,760,1351,684,172,401,689,466,658,895,1013,10,1176,94,187,1242,935,519,29,628
1024,567,1626,325,437,1423,1373,397,1171,1440,543,1143,963,980,1095,683,323,1629,400,852,1200,216,1019,119
483,857,1370,692,593,776,307,1124,858,1152,12,1496,1317,870,1271,1581,1557,341,35,442,675,254,1503,139
1385,1395,1331,661,573,166,1245,1493,1511,501,706,1355,1275,395,346,1572,1593,127,316,1347,1251,38,1294,1501
1158,1592,988,431,1224,794,1044,590,198,641,13,1343,912,1535,1048,645,579,249,1031,91,642,429,796,874
1159,177,976,265,1505,1017,670,1605,403,861,1262,338,769,1144,66,1628,258,143,888,812,67,955,446,893
763,731,1148,1488,1333,839,1098,804,1436,1349,267,425,230,723,1194,1327,614,1519,1400,63,569,666,488,977
1111,530,484,1374,1411,1312,442,249,1292,620,292,879,1530,431,315,642,283,1159,718,265,916,248,995,901
1440,790,230,253,346,488,1219,1294,1587,177,1420,166,499,731,210,1229,194,61,1527,1000,814,24,614,1357
1095,235,1139,706,439,834,801,1405,953,840,1282,5,604,35,255,261,1358,1017,940,885,63,798,1022,53
415,1508,670,980,397,821,143,989,1194,378,223,580,1317,1124,590,1414,184,133,1170,848,699,1326,666,390
203,883,1019,795,1287,755,1493,307,109,113,829,1108,1238,187,1329,761,1295,800,1416,689,546,812,732,745
1592,392,771,446,878,1200,858,1155,127,1371,575,494,591,1373,353,598,1021,988,1071,1486,1280,807,1621,1258
871,136,639,1132,341,278,1125,395,172,211,849,1519,1015,600,134,1565,1512,796,576,1061,1370,425,937,935
1307,1505,437,1299,593,578,994,955,794,10,496,483,719,188,1315,358,585,1096,724,1085,726,1176,1395,1572
6,1620,1221,1147,267,1112,1158,94,1098,1422,662,857,997,683,1245,403,304,567,1048,519,1626,1148,1618,754
1408,316,847,697,1496,485,1209,601,641,327,145,1027,383,723,660,1079,1331,466,509,338,1123,1468,1633,1622
339,1149,1546,408,1461,804,1580,86,33,1578,1535,258,492,1351,476,401,240,84,1080,29,919,738,1144,792
82,1593,1060,104,1403,627,171,610,1183,75,846,1605,169,162,200,1076,1438,1341,1172,749,541,1608,1562,83
1032,929,1024,809,763,908,769,384,684,125,1037,340,1104,959,1152,1051,827,1520,38,561,579,119,1427,987
888,1460,157,1143,570,417,520,702,605,1368,715,336,131,498,1606,1511,713,778,658,435,602,592,569,1349
429,573,368,1011,139,508,661,1232,1092,866,1319,1035,1031,852,999,1555,1343,874,1426,1044,1006,328,198,313
1049,734,782,637,348,1002,64,960,1328,299,1184,645,68,912,793,1369,1197,13,1070,1066,1256,1635,667,1581
565,1533,785,1423,501,974,1628,405,100,1355,427,1327,308,833,137,1243,254,1093,1171,606,1065,1478,280,1392
373,46,1009,764,55,633,372,839,1536,1407,624,1036,142,682,199,1199,675,737,407,164,1275,1173,843,1451
1448,691,1261,512,783,175,869,1140,389,1400,1215,635,1521,1284,1515,947,1224,1057,1629,733,183,12,441,108
91,543,1524,1544,1203,1242,976,876,1522,1227,400,1345,39,1075,820,67,388,1388,1472,977,497,752,495,386
553,168,696,982,654,1501,776,1385,1117,1456,1526,1013,467,216,1088,323,360,1250,1611,584,1260,622,159,1436
861,1609,1272,1271,1113,746,1631,708,1545,659,226,325,1356,1303,922,628,1488,728,1262,1016,870,760,410,932
1347,1246,1382,1047,1532,1086,66,872,1202,1301,179,714,707,1332,1192,1330,447,963,900,371,1636,88,343,972
873,599,1087,1251,1333,559,295,1293,996,1625,766,1415,1503,1557,1384,490,623,1089,893,413,1119,618,895,692
1302,341,344,374,453,1005,1263,556,311,1394,168,1517,10,555,666,1326,1117,138,1282,1159,906,1267,190,1588
1022,592,1070,810,1276,1256,1367,13,994,834,732,1611,639,1274,635,447,43,609,700,1484,1059,191,478,1413
1066,1080,1578,640,1408,442,1270,829,1185,135,852,1200,514,281,1122,1330,64,885,940,769,628,1407,189,1049
327,240,492,547,675,832,1095,1124,722,343,623,435,684,879,22,1304,1074,1335,338,999,803,1152,1486,498
431,1144,724,100,1013,179,837,1140,1478,1608,467,1347,155,280,1369,967,603,116,399,580,909,1530,840,1252
1113,55,109,1458,1363,324,626,1393,1524,154,234,1455,297,1102,1044,1084,867,1238,789,410,1350,1401,278,1046
127,316,86,702,1618,1628,1162,390,1289,836,1042,1627,1345,1202,780,1467,412,1010,1579,949,441,346,588,912
501,46,977,1482,1483,1418,141,718,541,1118,855,621,585,494,1535,591,166,337,774,401,1324,1139,1619,1106
1373,883,35,108,95,579,258,342,417,680,1052,1612,364,606,846,11,214,38,1214,305,358,313,433,335
1294,893,1358,1101,1143,1395,1372,130,1032,1420,618,772,452,71,798,1250,1352,519,1448,52,934,655,1584,607
230,443,1359,1319,1370,413,738,596,495,477,1558,308,1109,876,599,487,1614,1501,1248,1018,849,1083,808,139
434,970,1223,1340,418,256,575,552,1078,1526,1091,1630,733,99,1273,864,1442,476,746,1262,557,1606,799,573
153,56,1000,984,1303,1142,18,1362,88,1260,574,93,285,530,1460,1334,1323,750,781,1199,33,526,1585,1163
687,247,1563,53,740,1189,778,546,233,1594,1468,194,507,121,681,1195,941,1461,801,277,1181,1383,1510,1017
174,1547,1132,1225,160,1361,685,202,3,554,8,1593,75,725,848,1280,1309,1235,887,1269,1581,916,1329,1297
321,1423,1171,1509,1229,1098,1285,159,997,1307,935,608,446,921,624,1411,845,943,1415,173,188,1037,373,559
387,497,1089,1272,490,1344,1035,1385,1592,771,661,1567,1076,859,638,659,728,759,133,1271,682,429,1313,1507
480,839,371,719,1104,1456,1629,111,61,119,1384,1513,960,1621,1532,79,753,869,24,1533,398,562,1216,1405
572,1215,601,1311,162,697,124,350,950,1505,667,68,955,1153,403,131,706,84,567,368,908,694,509,1236
1284,1071,1170,239,1315,1258,1251,873,1557,911,658,1028,322,1475,1321,833,1110,1127,81,361,847,370,1230,1242
251,1012,1404,881,796,564,1500,163,813,830,1437,1186,1336,758,1237,1440,1622,1399,1427,764,215,378,800,627
1024,974,500,1060,1328,924,1451,6,408,1151,1419,1597,216,164,1389,213,458,1234,636,1204,143,641,1351,1469
1086,632,255,1021,1331,861,483,1244,1075,1371,1036,304,1283,1400,21,383,942,1009,723,1184,204,1566,181,959
1312,185,747,761,1587,57,326,1396,1090,901,597,440,404,1342,493,1332,395,1082,120,510,237,1125,646,1546
