599,1194,1221,1578,785,1405,1070,1374,771,392,1631,157,6,1057,1246,1044,1536,1395,1515,1015,1347,1545,1301,706
1037,1427,585,1176,248,1117,959,1351,1299,900,876,977,127,1581,567,408,1343,624,175,840,1152,1486,339,749
755,1287,446,169,125,666,1215,1407,1292,338,467,1113,1626,100,1636,1022,670,88,395,1158,1373,38,980,1096
82,1400,605,592,1546,827,763,1262,1149,346,1436,283,1076,1511,397,1440,1332,683,492,728,790,724,315,307
793,1382,13,184,520,1416,1621,761,86,1159,1520,427,798,1422,187,1451,637,417,1532,569,1468,628,861,874
1530,29,1472,1496,496,1618,407,1388,995,497,1183,610,1031,5,498,199,495,1209,109,1555,546,447,553,1493
1508,953,61,878,974,501,1011,960,1242,575,999,584,821,198,1460,1426,1522,932,488,1071,1112,1075,989,937
1111,1544,1392,1371,343,778,639,812,403,702,622,618,1088,871,410,327,177,1144,858,1000,1184,139,1104,1049
541,1172,172,893,1408,388,1438,1312,1355,987,593,1132,143,1009,947,833,1258,194,1192,1357,1108,131,304,940
373,226,604,46,413,1086,1369,635,997,1079,1238,1605,776,1307,800,1414,919,912,782,1066,879,1572,1124,620
1256,1203,1282,1562,372,1331,642,769,922,353,883,561,689,55,1021,292,1095,1140,104,783,390,715,1227,570
33,210,137,732,994,885,368,1173,254,579,113,371,807,1098,240,316,707,661,171,183,1232,401,1415,723
820,91,1533,1275,627,1202,929,662,108,1329,963,466,84,439,494,1580,1271,211,580,734,1635,766,1002,1328
857,1370,1119,1295,94,267,606,713,1501,425,1319,1341,203,1488,888,591,168,216,733,75,684,1461,699,1294
136,988,378,162,1519,1155,435,249,848,66,559,253,1048,325,1527,308,1625,1089,600,667,795,431,223,590
1303,870,1261,1024,1027,1403,849,1368,1609,1358,731,1503,714,719,258,872,68,1315,794,697,1060,10,295,485
1293,441,645,1143,188,64,737,384,764,839,323,83,1219,1587,843,754,1592,313,1628,1139,145,1620,1125,1006
972,235,614,67,1317,955,846,543,760,159,1260,340,1148,476,484,895,261,348,1326,1593,976,1017,738,512
1061,829,265,916,602,1047,442,358,1448,641,1087,1349,519,908,280,1565,415,1092,578,278,1123,1199,483,1411
691,901,1608,1478,1224,1535,660,386,1197,12,565,1521,801,692,1345,1622,834,1200,852,1512,336,164,119,389
35,745,847,598,658,654,509,682,383,573,804,935,576,429,1280,633,142,718,1065,1147,255,1019,746,230
39,869,796,360,166,1384,1524,866,696,1629,1633,1036,1423,708,1080,792,726,1330,200,1456,299,1032,752,328
133,341,437,982,1333,1606,1093,1170,530,508,1051,1016,1229,24,1284,490,1356,1526,659,873,1557,809,400,623
1251,601,1085,134,179,1611,1505,1327,675,53,1250,1420,1035,1385,405,996,499,1243,1272,814,63,1013,1245,1171
388,733,658,84,790,599,977,1351,446,879,91,1319,628,1049,1148,1123,840,618,1460,1631,561,1315,573,724
1606,871,1609,159,82,1124,1006,390,1172,702,1511,1451,1524,641,1065,635,415,1622,1111,738,1562,670,1200,852
485,940,1017,1096,407,1374,592,1117,83,1144,598,1301,179,343,360,255,194,794,559,392,919,829,1405,386
591,872,66,1468,778,723,675,1535,307,1358,661,203,1197,200,600,793,64,1423,1250,763,198,785,164,53
68,371,490,29,734,1461,1125,1287,1349,1633,199,254,261,746,1356,1194,1415,216,437,1176,211,893,614,1420
1625,1527,1159,715,1403,13,782,929,1522,125,223,796,1075,1060,1293,1294,1192,142,1184,848,699,593,1093,684
1016,814,567,1384,857,439,697,1317,1258,590,383,543,798,1544,1113,1370,706,901,226,520,760,696,1333,494
820,346,1440,403,584,804,1385,623,895,1555,1368,1280,133,1533,1292,139,691,1373,662,235,1545,1628,732,1024
737,1536,313,812,912,295,719,1232,1593,718,833,846,1037,776,1275,492,100,184,1580,12,764,497,1532,916
1011,955,1022,1331,1427,827,1031,610,530,405,1183,766,1369,408,666,761,187,484,888,1400,659,378,935,989
323,708,601,1388,1057,1621,972,1171,1626,1086,427,265,1002,94,292,683,1472,476,340,1408,569,358,1530,1587
982,1036,1119,1328,240,900,1456,576,731,466,578,39,1578,410,908,1245,987,997,585,1015,169,134,177,869
1155,1519,401,1515,372,131,994,1505,579,447,1629,368,137,570,783,35,580,1227,800,327,483,754,467,109
315,995,553,654,1079,248,1426,1009,304,336,299,278,1618,1332,755,431,1611,1345,1066,870,1326,1019,1221,546
660,645,429,496,682,843,1104,495,1219,878,1262,119,55,104,795,1295,874,1139,633,620,707,801,1327,980
1080,1061,341,413,61,807,67,348,953,976,1098,667,1095,1085,1243,230,127,689,136,1521,338,88,6,5
1143,400,876,253,512,1347,280,1089,328,417,33,605,1520,602,728,183,1526,501,974,435,745,885,498,1140
373,1392,499,188,1202,861,1147,1330,1355,622,1076,1272,145,1546,1512,1209,1395,166,1027,627,1493,726,46,1636
1488,1112,108,1581,172,1149,249,1051,1508,397,308,1088,999,1307,1173,849,267,575,769,384,713,1271,1282,113
932,642,1256,1170,834,714,1605,960,937,1486,1329,606,792,63,821,157,604,1021,1224,162,1048,1246,1044,519
1448,1422,1496,1608,10,75,1341,847,1242,1251,1557,873,1620,1087,1284,1371,283,441,1092,24,565,996,389,858
922,1438,988,1303,1501,1436,1261,639,171,771,1158,508,752,38,637,509,1215,316,692,1357,1071,1592,1000,963
1572,1478,1382,1343,1260,1414,883,1070,143,258,1152,749,541,1635,809,210,325,1411,1229,1047,86,1199,353,1238
624,1013,1132,947,1407,1416,425,866,1035,168,1503,442,1312,1565,1299,839,395,339,1108,959,175,1203,1032,488
604,1200,1400,1422,1184,959,567,134,1519,1557,660,1587,708,1545,496,999,1468,136,61,793,67,1238,792,987
715,1275,1520,895,1440,171,1246,1148,447,1147,618,66,388,843,488,1036,829,847,283,794,439,5,410,401
1149,373,53,1024,100,1317,982,1331,1292,1152,210,1622,1139,620,937,498,1501,1388,561,702,278,728,1358,1022
731,1478,466,254,654,610,292,976,183,598,258,600,1522,143,1124,172,1027,888,1079,94,1329,265,495,1295
405,1006,1319,800,499,1451,408,1427,1086,1262,307,267,1272,35,91,807,216,849,639,157,1370,1357,801,1219
1271,591,1438,821,1294,417,706,1521,940,869,1232,400,194,484,1031,389,68,1261,83,908,796,490,543,785
1021,223,878,1070,13,1000,108,997,295,1526,1015,659,858,1227,988,1013,624,1618,1546,874,164,1065,313,885
508,1347,935,901,1423,883,1066,1621,1307,593,1369,1032,253,1243,162,168,1633,1119,119,1533,972,637,1606,64
1250,814,199,682,919,446,1093,955,1505,6,327,483,929,467,1532,1256,1544,308,691,1104,565,429,1488,692
397,606,358,876,633,707,1407,328,820,726,1108,1511,601,1011,746,1089,184,1037,509,916,1095,492,699,1303
1113,1635,338,1628,1111,932,839,323,12,752,1293,1229,749,1341,325,994,974,1009,812,46,1593,1456,38,879
852,360,1472,372,1349,395,541,1060,1368,776,187,1351,1215,546,33,88,520,390,724,226,179,24,1203,177
235,1171,592,442,628,870,530,809,1626,1405,1408,627,766,1085,718,1536,494,1535,1173,1356,441,1330,713,1555
614,198,1496,697,641,1035,512,125,340,1183,790,1530,339,684,1224,476,1326,833,866,1416,1508,602,1048,485
346,1087,871,86,1426,995,1611,427,1620,737,769,142,1503,1460,1420,667,384,1075,670,1301,1194,501,1192,578
1512,159,635,1251,1605,666,1002,642,754,1578,1123,1299,425,861,315,683,963,249,1125,29,953,1461,415,989
977,1245,1625,900,280,1355,872,1071,848,569,166,1343,1371,431,261,109,795,579,1221,248,1636,1080,599,778
1581,1374,1209,623,732,386,63,1284,1098,1140,1159,723,1112,553,1486,1117,1242,1199,922,580,1411,383,1580,113
980,570,827,846,1493,497,575,1096,1197,169,1143,435,1345,519,1448,1260,139,1287,590,584,1158,39,304,798
1155,368,255,1562,996,1282,1057,1176,1088,299,1392,392,211,661,403,131,763,1527,1315,127,1384,75,1258,1328
1395,1044,1019,960,1061,1076,1608,734,760,947,1049,1170,1565,1629,348,1382,407,1280,696,145,771,1132,804,1572
719,738,873,230,137,1332,689,585,188,1016,1202,714,133,1515,1524,437,573,840,1312,1172,240,1415,761,82
605,658,55,203,783,336,1333,645,912,857,662,1592,1436,1092,1373,371,200,893,755,1047,341,1385,1327,413
559,1017,1403,622,764,1414,1631,316,1144,10,745,175,782,353,733,1051,834,576,1609,378,675,343,84,104
764,1250,691,1108,637,1088,1173,1562,39,1171,327,869,1522,1486,383,1123,5,240,75,872,431,1287,590,1065
1347,68,1593,1625,541,258,689,1606,1209,661,499,947,953,718,63,1438,1546,1330,1303,546,843,1085,1197,1478
1587,199,1111,1295,1140,341,437,600,1049,13,988,1319,794,601,1618,410,565,1076,1080,834,1456,1408,660,1144
1635,509,157,584,401,579,858,1633,724,796,38,1294,639,1416,1139,1086,216,12,171,1271,1422,883,1075,467
675,67,846,304,1382,372,255,1292,33,1242,738,575,1519,871,267,94,793,371,1096,368,1341,1009,977,763
488,1219,188,295,1215,916,1407,139,1526,1345,1261,1044,812,645,1388,1299,1544,1061,1527,131,670,1358,839,714
348,1093,360,1243,137,667,662,166,1512,1420,210,253,627,1006,223,1104,1036,413,307,175,1488,879,82,1124
1176,386,194,1192,1521,1051,1284,10,752,792,919,230,498,1460,801,136,1307,134,974,996,46,769,1331,1426
1251,492,55,1272,373,1021,1224,1229,86,987,989,1608,1256,1079,1351,1501,1013,299,1037,125,955,885,1246,1132
1545,1411,1440,893,1017,1301,100,248,840,1374,999,88,1329,1184,127,1356,1405,1275,83,852,1200,795,1060,866
1535,861,995,972,254,684,1395,591,849,783,1400,821,1511,1149,415,315,439,184,389,580,29,1605,622,702
1327,614,109,1333,113,692,198,732,1349,91,226,1622,1533,1087,1326,585,1631,745,261,1555,1385,1199,353,1183
598,874,1581,708,900,731,553,1370,734,895,1221,1403,929,1343,642,543,203,1125,1461,593,378,602,592,997
340,870,1066,618,1170,715,1027,417,733,1532,1427,782,908,606,1508,343,922,1373,809,1423,1451,408,1203,442
339,749,405,804,658,940,187,1092,829,169,484,1158,313,108,633,143,133,162,346,530,388,265,707,659
567,1194,104,278,520,976,1520,1436,561,24,620,654,1355,785,706,425,937,1609,1057,1113,857,1280,1019,483
960,760,179,696,746,61,682,1095,790,1368,569,211,1505,754,1245,1227,1496,833,1117,497,145,496,1011,1493
1015,737,64,876,53,476,723,435,142,604,1572,1620,559,1152,1016,1155,249,932,1565,485,1282,1143,200,66
1047,441,1332,6,446,814,159,494,168,994,728,1258,1315,1503,800,328,778,1468,392,1536,119,635,1524,578
1032,1048,235,912,172,683,1629,1000,1293,495,641,1317,508,697,599,308,776,624,827,384,323,1328,1472,666
807,447,35,798,755,490,1002,1414,878,901,820,183,164,1022,573,605,1636,519,1448,1384,407,1312,397,1260
719,873,771,935,1578,1580,325,1119,1530,1070,570,1232,280,1202,1515,959,1371,847,390,400,1071,888,1262,1238
512,403,726,713,963,1392,1557,623,766,1172,292,628,1628,1592,982,1148,316,761,1112,1147,466,84,699,848
1357,1098,1369,395,501,576,980,1089,358,1621,610,1024,336,1415,1626,283,429,1031,1035,1611,427,338,1159,177
1013,1578,88,1415,1456,249,1149,1626,872,972,749,442,1098,1357,134,614,1260,827,1341,397,46,1328,299,1301
689,929,1633,1545,405,794,1436,1246,1416,839,1486,996,809,1245,389,1448,605,1299,593,12,726,82,24,1315
1155,1620,683,136,1307,1468,1333,403,1280,1019,1332,1536,682,292,104,67,901,1625,327,1472,763,84,338,1085
235,987,1065,166,346,520,590,994,843,541,874,498,1512,879,261,1526,1108,133,776,485,567,1557,576,53
1535,1356,1319,407,940,1215,546,410,343,1229,258,575,801,804,378,1119,1158,1388,1317,1521,870,1035,606,1608
83,466,240,1125,1282,1093,1636,509,94,734,600,265,900,408,171,766,697,415,488,778,641,1111,1524,755
168,708,1405,490,642,1075,1192,769,336,162,91,869,1611,1060,1423,38,211,1243,840,1385,895,198,325,846
1580,1199,1546,1123,662,497,654,858,1382,1330,360,670,267,764,1051,216,1293,484,953,280,637,579,833,1016
1422,388,1049,627,660,947,989,1562,5,878,210,733,675,591,1159,1194,995,1355,1209,492,1171,796,599,39
371,847,1089,584,623,175,55,169,1037,1275,635,1017,795,1096,783,1403,499,1501,1132,752,798,1519,628,254
341,792,782,1011,959,1493,1219,1284,194,876,1104,1329,1395,1079,1076,1272,373,1095,127,495,559,10,908,1555
937,1006,1124,1572,1533,142,1371,137,1183,696,982,723,935,618,1140,1427,441,483,431,1032,383,1015,1261,1092
400,348,667,821,960,1343,553,467,1044,1184,109,598,1345,1251,771,439,131,183,1400,61,304,1565,1629,1203
1530,639,1515,1024,861,724,692,1022,732,1581,1331,1143,1622,429,1414,738,1440,339,66,125,565,1451,1461,278
1522,1618,1420,100,857,807,1621,706,919,6,645,145,519,1373,1370,1271,912,358,476,512,602,592,315,179
761,561,1176,659,63,1628,1496,1238,885,1295,1438,707,834,1460,1031,1139,754,1347,75,283,1478,1351,852,578
392,1327,580,1227,447,340,203,1312,1258,893,119,308,223,658,368,187,1593,1635,1048,1426,307,417,1294,1609
113,435,200,1087,1511,922,188,177,437,814,714,313,715,569,1520,1197,1250,974,1631,1326,1544,1505,719,248
812,164,1349,446,848,1080,800,1117,871,1303,159,316,427,997,746,1002,976,199,496,384,916,601,1488,1368
543,1262,64,1071,108,86,573,1527,866,977,1113,1592,1587,1374,1036,610,143,1086,570,980,1070,390,1202,1200
413,386,157,1605,295,718,1144,1009,372,1384,883,1061,494,988,184,745,888,604,713,328,401,530,666,999
1047,624,731,737,1221,13,172,353,1503,1508,33,1170,1057,323,1088,1173,1242,1606,1369,661,1358,728,793,932
849,35,1407,1408,633,620,585,963,1292,1411,1027,508,1066,29,1172,790,691,785,255,1112,622,829,68,425
1152,699,1224,1232,684,1532,1147,253,395,501,702,1000,1392,820,955,1256,230,873,1021,1287,139,226,1148,760
169,988,249,125,1037,1159,1048,1626,755,119,642,360,1192,1384,866,1438,145,567,299,188,994,403,466,166
1587,210,1546,714,484,628,348,1330,708,1328,738,682,1232,976,989,749,1086,790,497,1593,601,267,1456,397
598,108,520,1022,1415,766,1221,230,1436,91,1287,879,1093,1533,901,919,792,1527,1152,955,1011,1369,723,127
248,134,732,1262,724,1395,785,848,947,645,1373,1451,604,1113,159,1520,1411,1578,358,1414,654,807,873,1092
109,304,1488,684,1545,1592,1294,199,12,1536,441,697,605,1448,1096,1245,168,313,839,1200,211,323,88,392
1620,878,575,139,1400,1275,179,1312,200,175,794,683,590,184,1140,336,715,804,292,1358,83,699,55,847
519,94,963,1508,1098,1293,1460,509,1176,1355,508,763,1155,29,1636,718,371,104,752,446,1505,565,600,1468
413,295,483,431,1371,1427,194,1565,494,769,569,570,592,439,1382,1405,235,226,1258,1119,1060,953,1016,142
1307,84,498,620,861,1017,1440,1317,1144,812,840,496,485,338,578,427,1143,999,113,778,871,1088,66,872
633,372,1461,1183,675,389,495,415,584,1299,1544,883,1044,745,641,53,726,1184,1327,814,171,183,760,849
283,1408,240,1148,1108,67,982,1284,10,1486,1332,35,429,254,602,1057,1629,876,1374,713,1572,980,1251,1282
660,1171,383,405,869,935,38,912,131,809,1608,874,1416,707,1104,203,1341,546,974,501,378,143,829,637
1555,1478,1139,1256,960,932,1407,916,937,1345,579,1013,1066,401,488,1199,1618,1280,1622,368,425,341,1580,761
340,599,172,719,1260,373,606,162,1085,512,1015,400,82,1036,395,1197,1049,410,1158,1035,1503,987,793,1246
1496,1243,1215,5,255,1628,624,1511,1242,1392,1224,1147,1209,1024,1272,1229,437,1219,692,1422,1524,908,308,223
198,1557,1635,764,801,1515,1071,388,46,1095,670,6,1125,1370,553,261,1065,1633,253,689,100,1420,1009,796
618,661,776,996,384,662,1112,467,1238,386,435,623,1606,659,1343,734,852,407,833,1631,1117,1261,1172,870
137,800,447,573,1132,499,492,900,339,1519,1111,771,315,827,187,706,733,1349,1303,593,995,834,1333,1292
1501,1227,75,922,1271,1032,442,1301,1605,1021,1535,635,820,580,1351,1006,1611,639,278,702,68,1027,1512,1368
1347,1203,627,1526,658,782,1076,610,585,1388,731,1562,1522,164,972,622,1173,1315,1061,1326,177,737,1170,1031
353,1202,543,959,490,559,1089,1625,885,1530,821,1047,754,1472,846,1521,795,1000,346,157,63,61,325,530
576,265,666,1621,1295,843,541,1532,858,940,1051,1423,1079,86,1002,929,136,1385,316,798,33,1329,408,1194
893,561,64,476,691,1319,1080,328,1357,1331,1426,783,1019,977,1581,746,133,327,39,614,1403,1356,24,417
997,1149,857,591,258,1250,307,280,888,895,1493,216,1609,1075,1087,343,696,13,667,390,1123,728,1070,1124
1426,947,593,339,919,1051,1415,1098,801,575,1451,707,253,559,1292,1017,1280,1527,733,1592,199,1172,104,1327
737,187,255,280,708,959,1170,1407,439,793,94,976,384,265,1468,175,389,1199,714,1438,408,188,641,800
1202,211,590,997,1227,1349,666,1215,386,809,849,1411,1532,397,635,1301,368,496,425,1317,963,1194,1486,713
1546,1544,1184,578,1171,1140,63,1330,378,1031,1219,908,1382,1047,691,1580,1581,996,336,476,134,614,1158,1011
937,1057,240,1562,166,922,972,1505,1089,883,1060,283,776,1593,1625,316,360,782,127,230,1501,139,1423,738
1461,1478,726,223,91,1149,1209,1520,561,953,125,601,1065,692,715,622,1232,1242,912,546,1075,541,1555,893
390,987,852,834,1333,137,119,955,999,1636,565,6,1132,761,1533,734,1087,591,1200,1416,870,210,1013,1312
1526,660,1066,879,200,1578,1076,501,994,1024,579,932,1006,261,620,764,341,795,982,821,570,1345,1628,1621
258,543,654,38,417,1096,1125,869,133,169,1535,313,142,749,658,785,1357,415,1284,763,177,509,637,171
1173,327,642,1626,599,1512,1629,401,405,164,1159,1622,778,1508,145,325,490,1631,1117,520,392,1536,519,388
1009,847,783,1022,1557,699,1414,53,343,131,848,873,159,696,1385,605,395,248,68,1027,1460,977,403,267
1282,172,1203,1392,88,1341,183,55,1368,179,1611,639,661,861,495,75,497,766,1524,670,1123,812,627,1221
1271,1000,995,1093,39,1080,1016,1521,814,1224,1343,1260,1002,508,1148,315,1287,483,1448,1085,807,278,29,484
64,1303,410,1104,1403,1488,585,667,46,254,871,427,109,794,1035,1095,1370,1119,143,1329,194,407,888,1605
136,1472,33,1036,24,1021,940,752,980,308,1608,1355,100,1358,1294,1295,624,1229,1519,840,323,1144,488,929
1420,719,1522,1152,843,1192,1347,1374,1427,1328,1496,1112,1572,82,512,1061,1258,662,1369,1635,796,1373,728,1176
724,372,1326,67,1405,846,299,442,113,447,895,618,682,383,441,235,769,675,1243,792,371,1511,35,10
576,1351,755,1440,346,307,885,702,1251,723,1272,706,1565,466,839,1092,353,1293,628,760,1620,168,1037,974
1238,876,1049,358,610,1633,203,584,435,348,499,1400,84,833,249,829,1197,1315,1111,295,989,1319,83,1256
988,1070,492,804,400,198,340,1088,1422,1331,157,580,604,900,732,1545,86,1086,13,413,1155,1262,771,1388
874,1048,592,1250,66,872,746,689,1071,429,437,1044,226,446,1587,1245,901,602,467,216,1609,1606,1079,485
1384,683,567,12,857,162,606,866,1618,1332,820,1183,373,798,600,1113,790,5,858,494,1147,1307,598,633
827,108,553,1436,328,623,338,1493,659,745,1143,1395,935,1108,530,431,1456,1530,304,1032,1408,1015,718,498
569,573,731,1246,645,1139,754,1299,1371,684,1124,1261,1515,697,61,916,184,1503,1356,878,1019,292,960,1275
873,798,1422,912,447,336,782,766,800,139,604,1608,976,29,1294,1333,295,1533,1200,1478,63,194,1395,1349
994,248,88,403,439,624,1089,1592,199,541,593,866,1147,1415,499,476,1625,1532,553,1197,989,580,1341,1048
1013,769,1143,166,1140,327,278,35,315,776,1440,1620,1088,1329,1065,1192,692,384,559,1546,184,916,509,1087
569,119,1384,1021,210,1037,682,254,94,1261,1176,1385,157,1124,1000,869,623,395,738,600,605,697,543,84
1460,292,1024,1545,895,999,353,627,131,888,578,172,183,1411,1125,39,1369,1436,1501,33,610,1243,1113,1139
501,145,997,348,878,874,405,1420,1280,1451,258,1535,240,666,1345,66,872,408,1382,492,1079,1407,708,575
871,1152,714,198,570,1123,508,1051,870,579,728,1170,834,1066,792,171,1224,1629,901,955,64,598,125,1358
127,1355,427,1611,715,1496,1070,737,435,620,498,216,1092,12,1194,1017,267,338,576,253,61,1019,162,584
1522,307,1438,1636,108,783,804,400,1238,341,1609,637,846,796,1493,840,299,599,1508,561,1332,340,67,437
13,1327,1246,546,1260,749,847,988,1275,932,635,1530,133,1022,164,308,223,519,360,852,1370,1262,429,1292
633,1400,807,719,46,1486,1488,1006,1295,843,724,1144,699,885,940,861,1203,389,1076,1184,168,977,833,857
982,1057,1148,10,68,1027,1408,188,1080,1111,849,908,1293,283,1061,1633,1209,565,1299,1448,1519,814,702,614
313,1505,390,1461,1242,1511,169,839,639,425,386,1426,401,1562,659,959,358,255,919,683,760,696,388,497
963,372,159,1011,323,1096,346,1287,1512,1536,230,1515,177,745,1044,5,937,764,485,495,660,6,1036,1032
1047,1580,1282,530,794,667,1622,972,771,935,996,602,1315,175,801,187,793,431,407,1117,1229,113,1621,734
821,1555,893,1456,104,1119,200,1416,1347,1245,641,53,328,922,484,1565,900,820,755,733,265,1085,829,325
974,1427,1527,1626,601,304,261,520,567,1628,1098,1606,1374,1035,1371,1405,483,1373,235,731,410,1015,1149,415
662,1272,490,628,373,1202,417,1108,1016,1423,343,316,1215,670,689,1095,1328,1317,778,1199,1173,960,494,203
1049,1392,1159,809,24,1581,1086,1009,467,1172,1544,1219,142,618,707,1075,226,1112,827,1002,790,91,280,1524
1368,1572,1403,1232,1414,645,413,1635,1221,1578,1593,1343,713,392,754,858,995,378,691,1303,488,211,848,718
1472,723,383,706,1356,1631,1271,606,1256,1171,929,573,980,368,1250,82,1521,1031,752,1251,1307,136,1312,137
83,1301,179,1526,1326,883,1183,661,684,442,592,876,371,1093,1468,466,1520,134,585,441,746,591,100,55
512,1158,397,654,446,947,75,987,732,1132,1319,879,339,1104,1503,1258,1605,86,953,1357,785,249,658,726
1155,763,143,1388,795,812,675,1331,1351,1587,1284,1227,1330,1618,761,1071,496,38,622,1060,1557,590,642,109
1448,134,719,713,718,328,388,795,1416,878,127,175,871,601,29,1221,1312,1472,1087,1493,820,194,849,1369
590,1197,1060,576,519,1066,766,1368,639,235,708,211,1606,1618,1544,670,1209,177,659,627,541,346,959,1521
446,1533,248,1351,520,304,994,341,614,885,63,316,199,580,1171,1400,408,1440,133,976,1330,395,1086,1024
1243,348,39,1535,963,1079,873,1070,441,1027,912,403,591,662,1215,792,136,738,1478,761,872,82,109,230
1049,280,125,754,439,258,1347,226,1555,1080,378,1075,484,183,100,702,645,1593,561,585,620,1565,413,1224
628,714,417,1609,1328,1423,749,579,1508,1149,932,715,210,1057,697,157,159,488,1562,1327,1158,839,874,1140
1227,1275,1503,1414,1299,1192,794,955,494,1557,437,283,660,1258,1371,1605,405,143,605,295,1123,1159,171,1331
1147,667,633,368,61,997,1505,1282,1009,876,847,13,1620,1625,1280,857,169,278,683,737,339,410,637,1015
1262,567,1532,1000,869,1326,492,1415,1117,1317,1524,501,1037,1301,724,1144,495,1021,893,578,848,972,1388,733
852,1488,1370,253,1546,1420,696,84,833,814,1295,776,1395,383,327,728,726,131,987,94,1382,888,166,137
940,66,1148,1071,407,64,373,1307,1132,829,546,807,999,801,104,1631,699,764,1349,86,325,610,1088,935
490,1022,1580,1358,265,384,1173,908,358,883,1272,658,67,723,431,1530,1451,796,1315,1427,1242,1635,1621,600
476,307,755,778,1119,1194,1407,360,689,559,240,1405,10,1155,139,1093,763,573,1536,1373,929,1333,734,782
771,661,618,785,1047,1229,1520,509,12,1426,1036,400,1345,386,338,425,1271,1261,1232,216,1460,508,1202,466
602,666,895,901,1170,336,682,1501,858,635,24,843,1511,1294,995,315,988,198,1486,223,88,769,1245,879
187,485,1515,1176,1013,800,684,83,1219,1628,1260,343,340,1374,804,1152,249,575,553,1587,584,442,812,798
1292,980,1183,1284,1622,1581,512,75,1519,119,861,543,919,1293,827,1112,1629,846,53,641,1384,752,1468,746
35,1438,624,1422,1011,1256,1403,1092,1343,203,113,593,1545,179,1108,496,569,142,499,599,308,977,1203,1044
172,261,6,353,164,622,1633,46,467,996,498,1329,1332,168,866,922,1512,372,483,530,313,1251,1522,1356
68,371,989,267,1496,292,793,1184,1065,323,397,1636,1608,429,1238,497,692,1032,55,947,1319,1357,675,401
1355,745,1526,1139,1048,392,1113,1436,570,840,790,900,606,809,760,1085,1095,1089,960,1385,1035,1341,1287,1199
299,1200,598,108,623,1016,200,1456,870,1124,1408,184,162,732,1051,1527,1002,447,1461,1104,834,1172,1392,1592
254,974,1143,390,707,1303,1578,982,1061,592,937,706,435,38,916,783,1111,731,1250,691,642,389,1096,1626
91,654,1006,1098,1611,427,1411,604,1246,1019,1017,33,1572,565,415,1125,821,953,188,145,1031,1076,5,255
437,794,871,1060,400,1071,1070,1089,265,1036,230,1262,682,988,199,1524,143,240,1355,410,1436,1202,620,796
1328,1183,223,1037,119,1261,708,833,1633,283,1049,801,1405,776,976,67,1098,46,1438,166,834,1326,1117,413
1260,843,388,1388,760,935,994,1086,1287,183,940,1065,847,431,1275,1403,509,916,872,569,371,637,606,258
6,5,635,348,1356,304,1333,1019,1155,696,1299,483,439,1609,82,1176,543,960,846,109,955,662,248,88
164,384,1125,1221,1017,162,604,343,142,585,1200,888,1032,1341,1581,1416,497,405,1209,1282,211,1508,358,1092
1505,530,1047,373,372,397,1148,1076,1243,1024,876,200,1521,1555,829,492,1124,737,1572,316,1242,1087,1327,1415
1280,1557,755,368,782,401,254,383,1472,177,267,627,1625,873,559,1620,1592,1147,429,754,1392,723,839,623
315,1501,1192,1229,977,501,1292,113,1104,1079,766,1272,731,1411,1456,989,1232,508,541,1636,495,614,1123,601
783,661,520,1427,1172,1044,1112,340,1631,63,1031,1468,1215,417,692,325,1294,929,1108,746,900,171,1580,1331
895,726,403,1493,1293,313,1343,1622,1373,1315,999,869,1159,476,378,1096,1080,133,53,226,820,1258,622,974
339,1565,827,108,1544,75,561,10,466,1545,1629,125,546,360,592,1011,697,866,849,1284,1111,494,1048,1329
1009,1605,435,1478,1626,386,427,599,1628,982,715,1400,1022,893,1488,1173,771,785,641,1408,86,1608,578,39
447,33,1533,1144,425,64,299,1562,490,1015,593,1384,496,1587,761,857,922,724,1536,1319,24,1414,499,1382
1370,1511,1448,639,858,793,732,131,441,1578,821,159,1371,658,584,932,590,1199,1347,972,1143,565,901,61
66,100,1426,1451,187,1075,484,255,392,1312,987,91,184,719,798,1119,795,188,1635,1184,1246,280,295,1002
1407,168,848,307,1158,1152,485,136,35,778,1295,553,1522,1486,235,1519,605,1256,659,713,1621,624,1351,55
172,1238,338,718,1593,684,908,1303,29,390,883,1520,203,327,1460,769,1066,1374,1526,628,1349,1332,1503,874
1618,1016,137,1170,38,812,1369,395,1021,1171,134,576,336,598,1051,292,1006,861,84,870,959,1149,512,253
1224,807,580,1227,68,488,1139,1250,408,1606,1027,1307,852,591,1085,792,1546,1368,249,198,1530,809,953,963
997,1245,175,1013,179,127,1301,618,567,1061,1140,1197,602,670,442,714,995,1113,600,1088,733,353,1358,728
1057,738,763,12,1317,308,145,216,1203,169,1251,912,645,261,937,341,947,1357,1515,1395,745,804,104,1194
1440,706,446,328,800,139,157,570,878,996,666,879,667,1423,689,83,840,1271,1095,346,749,980,1345,407
1611,790,94,734,885,1420,1219,1496,579,1532,919,1461,702,1000,633,13,415,660,278,498,1422,675,699,1512
1330,1093,194,1132,323,691,1527,575,752,683,814,1535,642,654,610,764,573,389,519,210,467,707,1385,1035
1388,546,1503,68,995,53,313,702,783,1183,64,682,496,761,175,1066,691,1565,1622,593,113,1170,723,383
1293,1456,1197,1124,602,1200,1392,645,403,829,446,1512,336,976,1415,389,959,1096,159,699,378,476,1341,1140
752,764,1075,194,1051,790,1581,667,1036,754,1048,1017,1536,1416,226,358,353,1079,162,292,1345,1172,339,1275
13,520,697,230,1022,1173,1535,600,29,628,368,1618,660,1047,852,592,776,1307,1493,417,1061,172,1011,689
573,590,1405,1113,1246,401,579,713,280,1009,1108,963,1251,620,203,883,360,858,235,1256,726,1076,1171,974
1496,145,485,839,955,559,1147,435,139,1080,1478,1620,1202,900,1262,91,157,6,1608,1521,1370,1357,171,1159
604,497,240,1272,1369,1199,1245,1044,641,325,431,1176,1626,248,1508,211,1629,872,760,1095,1557,873,1148,601
84,1088,908,1349,1400,1089,843,1002,1123,1013,442,1060,371,1351,373,1403,847,996,1488,874,885,567,804,706
684,1373,833,610,1031,901,198,728,1021,200,1562,1093,249,947,390,1312,258,724,666,392,792,169,718,187
869,1621,1520,441,1440,346,1184,849,997,483,580,1546,633,642,490,253,1532,127,348,1303,1384,999,1139,738
38,24,1515,1422,1315,508,407,429,134,800,1287,133,1016,1299,940,1423,1329,749,1580,1472,1593,919,299,585
635,541,384,1209,1242,340,605,499,386,769,623,1132,1448,1544,659,1356,495,1119,876,1194,55,719,1221,1035
1524,63,737,1526,637,188,1328,793,1555,1606,413,415,1125,893,343,466,1092,994,733,1238,104,1347,1587,261
1327,763,1486,982,1461,614,283,746,1155,5,1355,400,109,66,565,410,953,1427,501,766,755,530,1572,861
627,295,932,519,179,1426,745,1280,82,1104,1530,1112,1592,143,606,1578,834,304,670,654,1229,88,1098,1625
255,575,731,658,879,75,1070,12,397,1368,888,1522,1332,1511,509,1631,1407,561,94,1215,846,662,840,488
1086,820,1203,1319,1019,83,33,408,1343,675,622,125,1037,119,807,86,427,553,1219,61,1358,183,100,821
988,1371,166,1408,425,732,437,1527,46,388,1258,1111,1533,1468,177,1545,1032,937,267,67,137,1085,265,734
1609,1006,1149,512,661,498,1505,405,576,929,131,1144,812,1232,1301,827,1330,328,624,315,980,1261,1192,871
782,866,168,916,795,1000,1438,1152,1636,591,1633,878,922,1317,1260,39,578,372,199,692,327,1382,1414,798
1628,1411,447,164,857,210,35,1024,1460,108,1243,1385,1374,10,1027,1605,1331,1158,484,1071,184,714,683,316
696,794,1015,935,1326,778,1065,1057,848,492,439,1049,639,1611,543,707,1143,1420,809,570,569,1294,785,1519
1284,1635,1451,801,1250,618,494,870,1395,1117,323,715,1227,395,1282,142,341,1271,989,254,1087,1224,307,895
960,771,977,1292,278,1295,987,796,972,912,467,584,223,308,1333,136,216,1501,1436,708,814,599,338,598
605,280,1526,798,187,339,437,812,1111,509,63,307,368,1184,639,1411,883,1625,1468,1113,427,1011,976,683
573,5,88,1031,980,935,498,576,959,1095,441,606,12,519,675,383,1312,1427,1183,373,737,1448,1384,658
1385,1315,64,136,637,142,172,1172,782,919,929,604,1261,530,1070,13,108,360,407,1132,119,1520,299,1388
1087,579,697,733,988,1347,960,353,994,977,666,1119,706,1620,1049,1343,258,1048,1022,439,670,922,1158,553
248,1493,570,1093,567,1626,654,857,168,1051,1635,29,755,1400,1108,776,901,143,1368,989,1436,230,738,937
1075,996,874,879,801,1422,1628,1096,1047,840,1092,732,188,1330,1140,1373,388,46,821,1200,997,75,849,340
1544,888,496,1496,778,164,429,1357,1587,1258,1546,1024,1562,1246,1044,1374,1260,543,963,442,1013,1608,223,308
1027,389,645,912,194,794,627,336,728,378,1002,386,761,131,580,1221,1369,397,599,1349,283,1420,495,1636
1242,415,1124,1631,1527,104,261,1194,292,1245,820,1272,723,766,1519,1250,829,1256,760,834,35,833,1227,203
1392,628,932,1123,848,1408,1407,800,871,501,169,1341,1326,1545,166,499,372,410,1076,133,94,641,565,1503
171,763,1017,1605,858,315,869,1356,66,157,1066,520,24,255,1478,600,1192,1155,1460,1307,1629,466,1555,1371
134,1532,561,1515,591,1275,1021,1423,39,483,1511,162,1176,127,1295,508,86,484,184,745,417,435,1332,1416
325,814,33,792,1006,1262,53,1293,1287,947,327,1144,125,1508,618,6,702,620,1370,999,1426,447,715,578
67,726,1609,1395,346,847,1524,796,1143,1215,1032,1173,10,265,175,358,1328,198,249,177,485,390,1035,1209
585,793,846,900,1358,719,145,807,83,635,1461,1317,1633,1085,843,610,490,861,1202,267,769,1098,1149,559
497,1488,139,622,718,713,754,1057,876,1621,972,1333,403,590,1351,446,895,328,1301,592,371,512,431,240
584,1037,1557,1061,541,601,708,827,211,1229,1060,624,200,839,1572,1203,790,771,873,1271,1232,852,1592,1472
1536,1148,492,1501,1486,304,1405,235,1080,1219,1611,1580,870,1438,878,1139,1159,226,1015,691,546,1414,392,494
731,662,940,1382,1036,1284,137,885,642,667,68,1197,660,84,254,91,1280,159,401,982,689,1329,253,1535
179,908,1565,38,809,659,476,1125,1243,974,1533,752,804,400,1199,1319,995,1088,1089,1251,1000,569,313,707
866,682,1016,764,413,1355,405,1345,1456,749,1303,183,100,1170,1147,1065,614,1622,795,1292,348,593,1581,1331
575,684,916,61,987,692,1578,1512,1530,55,1440,343,1019,1152,598,623,661,1522,734,109,278,338,1112,724
1521,714,1505,395,872,633,316,341,1009,1618,82,1593,602,295,216,1294,1282,384,1224,1117,488,425,1171,1606
113,746,953,467,408,1451,1299,1238,785,1104,699,1403,955,893,210,1071,1327,1086,783,323,1079,1415,696,199
410,397,764,1341,955,1243,1345,733,1555,635,785,578,869,798,801,1143,307,35,425,1060,1636,33,602,446
1071,292,1503,866,576,1019,133,143,1355,1159,405,718,1229,1545,1032,1527,1493,666,1047,590,1358,68,776,435
699,585,1522,622,857,858,1194,752,1535,591,1440,1451,901,1152,315,1620,1260,1461,605,1530,1486,1086,661,13
488,339,1144,1343,476,1326,833,960,989,408,230,1436,353,1533,1200,203,371,1108,1232,1280,1295,490,258,1170
660,1261,1065,746,1388,157,198,216,840,953,431,164,496,265,1085,1202,873,601,922,1015,570,159,623,1203
441,113,1149,1512,1221,75,328,761,1089,1242,1501,1488,1438,697,541,1219,1349,876,633,821,427,1611,1508,1176
1104,467,200,1456,358,580,1155,10,1070,338,1511,1333,1572,1076,61,447,64,127,1371,1096,994,1132,12,336
719,1448,683,996,1092,1557,497,878,253,183,1626,1119,627,175,368,1258,1293,1061,659,692,1407,1184,1519,707
639,1251,592,1405,1299,963,809,790,885,940,171,1035,749,442,1605,378,1117,168,1271,199,871,1426,386,1565
1496,1618,1017,792,169,278,136,1319,383,519,1385,579,1609,766,1472,995,1312,340,987,1400,1578,702,1250,1317
600,1544,1049,308,874,1420,827,812,1275,1625,211,1282,495,1272,1635,1227,1123,108,267,1347,1414,139,782,343
1183,977,834,109,1460,598,323,177,1140,1369,1158,1392,313,1172,599,1262,304,1505,1209,1633,708,1256,1546,1013
843,1621,1329,932,415,1075,131,738,240,509,508,846,1521,346,584,794,249,1526,974,849,1066,972,870,1332
255,1478,848,658,1468,916,94,795,395,976,912,1587,1307,210,145,593,388,1580,1328,494,1147,67,1294,88
641,53,723,63,1192,814,501,1016,1581,662,403,745,226,829,1036,498,104,1112,553,726,466,1303,546,1011
724,642,1002,796,1327,618,624,512,390,771,100,929,1562,1415,1006,715,280,755,1395,1416,223,413,1124,754
55,179,734,162,606,543,769,172,520,248,1301,670,1515,935,982,1427,620,888,188,614,1021,1224,691,194
29,1374,134,316,499,800,24,38,39,1048,1044,714,299,1423,485,900,283,1622,1368,1197,6,820,1057,295
5,763,1629,1199,82,628,1245,908,783,731,682,778,1411,1287,1080,1009,1093,327,1592,1037,1608,861,417,604
1027,1173,988,1532,645,372,1536,937,804,235,373,737,847,1330,166,959,261,392,561,1606,689,360,999,879
125,1051,713,732,1095,1088,1148,84,1593,839,1524,1408,654,947,66,872,1382,1284,389,919,1022,1171,980,1292
893,1079,484,1520,254,1000,384,1031,760,1087,706,1373,895,567,807,1331,1628,852,187,1351,348,83,142,46
1098,137,728,559,1238,407,437,401,91,1125,684,675,184,119,883,1370,1113,530,1139,637,483,1111,1315,1384
1246,86,429,341,439,325,1357,1024,492,569,997,1631,400,1422,575,1356,793,565,667,696,1403,573,610,1215
203,113,1343,591,1532,75,1200,425,1356,1319,623,1123,492,328,1519,1493,1505,804,1280,308,1086,852,67,1621
495,446,580,908,1438,1330,573,1035,1037,861,417,1496,635,119,821,763,667,707,1303,1420,325,916,1036,1155
1147,1625,1111,1051,83,530,1580,1238,732,575,1315,997,846,29,55,1132,1061,847,1349,1520,599,624,240,1148
499,519,1032,760,959,142,1260,127,1047,989,200,166,684,408,1460,343,1144,598,922,620,427,567,708,437
253,764,1070,900,1440,304,109,1093,313,1382,339,565,543,827,316,1049,1535,839,666,1117,977,323,327,812
1327,1312,33,980,497,100,1079,1002,1329,131,248,1332,1512,714,164,726,1369,840,403,35,982,1307,1140,198
1578,1080,602,820,960,1242,346,1374,553,1373,1345,622,871,1546,184,1075,932,1355,64,407,972,546,876,143
415,39,814,210,267,401,912,645,752,1326,1461,633,1626,1629,1031,389,1400,795,869,307,579,498,692,223
292,104,660,1456,995,1000,1194,1620,724,258,341,187,1215,168,794,226,1203,441,199,82,1232,230,1272,211
1171,395,1202,895,484,793,1275,731,604,715,592,295,1384,1112,1608,1011,360,145,348,996,340,919,1422,878
508,1104,1022,1611,807,1139,1351,618,1536,1408,829,761,749,639,490,1472,1261,1015,315,405,410,1095,605,1448
179,641,766,1562,1092,1385,776,929,1294,358,476,702,940,447,86,216,1224,1508,53,590,1176,1057,584,91
1478,1592,1587,834,1416,255,1017,66,872,1636,512,136,488,999,798,610,1013,12,734,1526,1021,746,782,442
368,84,994,1341,1192,392,38,879,159,1521,689,520,883,628,1427,501,125,1219,888,1581,265,6,697,485
1284,1027,283,1557,353,893,691,1197,570,901,790,935,1357,866,378,873,614,46,843,578,974,683,885,1451
1170,1229,600,1085,1545,235,1411,1423,771,183,606,139,1125,435,384,1199,94,1060,338,576,1119,1245,162,1209
1388,987,1271,637,857,858,280,947,496,1605,177,1243,13,1403,1113,1371,785,509,661,833,1159,1503,134,593
675,1076,1251,88,1486,953,1087,1395,1143,976,796,336,373,706,1184,1293,1333,10,1246,1405,1328,1633,1555,175
1331,1098,1108,483,1227,733,254,754,188,1347,718,585,1019,371,738,429,413,1282,1158,169,737,783,1066,870
963,541,755,778,1501,1088,723,494,1024,670,561,1609,745,1488,699,372,1317,1544,1301,1172,1407,1436,728,1258
1089,1044,1522,467,1292,383,1262,1299,1527,249,1524,1622,559,171,63,400,988,801,696,439,1152,627,1628,1572
1533,874,278,172,5,1358,654,1048,569,1468,1287,659,137,1631,642,1415,1149,1009,108,390,1006,1065,1530,431
848,1221,682,792,1368,658,1096,157,719,1016,955,1124,1515,1606,1565,299,1250,601,1071,466,1173,261,133,1635
61,662,1295,68,1370,24,386,1511,397,1392,1426,194,809,1414,713,1593,388,1183,1256,800,937,849,769,1618
278,145,1420,1140,1017,341,682,559,654,689,183,666,1251,840,879,575,338,576,1294,1250,265,726,143,848
304,1013,476,33,776,485,635,732,642,1200,852,172,280,1202,1587,35,159,1015,872,893,389,68,1536,1022
38,1009,988,127,579,960,1065,1633,738,989,1384,980,996,870,1319,1317,1066,210,1158,1197,91,100,778,1355
316,340,1301,1312,498,1148,997,328,763,383,1347,1330,1284,1293,1061,1478,1096,592,820,691,546,1125,169,1245
1287,1620,1448,561,1108,1221,1370,794,429,1315,1256,358,1581,645,932,1349,1358,1172,895,1021,888,1307,495,1395
919,1496,378,1456,339,1173,1385,591,1343,343,590,1416,187,1422,1371,947,104,922,509,5,108,109,697,1555
1261,737,1503,900,64,1199,618,490,484,323,1535,1080,1472,327,494,1258,827,66,628,199,299,754,1493,1572
987,746,1373,733,131,1505,499,198,261,567,606,1593,1578,1565,953,1089,798,719,809,846,1260,812,82,670
1171,935,633,119,408,771,1224,849,1238,731,1351,1530,1369,248,512,1117,1246,1606,157,658,793,839,683,1520
13,641,1519,1006,724,1144,959,1411,1400,605,639,1036,1621,1532,994,974,1524,1468,1048,972,162,1183,1545,1215
659,1057,12,164,113,1143,415,530,1501,230,390,346,24,599,871,1625,1533,573,1071,1631,1526,637,1088,752
1031,1488,483,1271,885,427,782,336,171,1209,883,1580,200,1415,1403,496,766,1562,1011,400,1184,63,745,292
601,313,699,1002,1628,442,1139,790,795,1159,1329,707,1303,405,660,55,1111,1438,714,1436,833,1299,1176,593
1092,874,861,1486,1075,194,916,1608,1229,963,604,1070,1521,1047,1243,1423,501,1123,937,177,804,417,1079,785
792,467,492,435,982,1219,661,1170,1155,1280,1227,295,1027,249,235,1192,620,1124,1461,413,1427,764,61,211
188,1546,696,662,1609,137,995,585,553,86,977,508,425,253,1636,315,1295,800,439,976,372,1060,627,761
1326,1451,497,1132,543,348,769,216,125,1051,226,623,622,1093,684,136,53,1622,584,1232,388,223,667,401
1147,397,1388,718,713,1242,447,869,1357,783,39,371,1414,929,1032,600,821,1037,384,692,570,728,395,1611
83,1086,1104,1635,1049,1035,565,614,1275,876,1016,1203,75,1341,715,1511,1095,267,1019,258,67,431,908,675
446,84,1508,569,392,466,829,801,142,541,1382,1112,1262,1557,139,437,360,240,1512,441,1000,1629,1368,1527
520,834,166,519,1605,1076,1392,1544,1194,1113,602,1592,955,1044,184,1282,488,386,1024,1331,373,179,912,1327
1345,353,403,1292,814,624,708,723,873,203,134,610,88,29,1356,133,1272,843,1149,1405,254,598,1333,1440
578,308,46,749,878,1460,1152,755,847,1098,702,368,999,1426,407,1408,10,1522,580,1374,760,1407,940,1085
6,410,1332,1515,1328,1626,168,307,1119,1087,734,94,283,175,255,796,807,857,1618,325,858,901,706,866
715,1319,258,1049,977,1535,313,278,133,512,1635,1221,1307,55,783,143,501,1197,497,83,1292,292,1202,1565
1200,1488,731,372,662,1117,706,1416,343,807,1621,169,498,488,874,1493,876,1326,1522,1093,1282,769,1246,1427
553,127,800,223,771,327,947,908,403,131,839,1132,1527,341,1341,1370,1262,707,1194,91,383,659,916,670
614,893,1242,726,1203,708,340,1451,861,1009,410,1087,1075,935,1414,1438,879,999,485,929,1456,494,1183,794
1096,691,390,1251,253,858,1079,1532,1011,100,1076,1108,1238,1395,689,446,1021,591,29,628,12,601,338,834
1436,484,1606,1611,895,734,183,1085,1374,570,427,546,267,94,188,1572,1472,1533,179,622,283,346,108,304
1256,1415,749,1355,397,866,168,1243,447,561,814,738,733,623,766,761,1143,996,1119,1061,541,1095,203,1384
61,1317,1536,1112,1047,1618,142,1111,600,1184,994,1593,1511,499,109,1486,871,1368,857,888,752,1382,392,1460
755,33,661,1019,1080,1580,1271,1521,1544,395,809,801,46,53,675,336,1636,1022,210,1158,654,1170,1312,940
439,360,6,737,407,1369,796,1224,995,843,1461,919,798,598,1144,1512,1159,437,754,82,442,1411,1373,576
912,323,1330,682,618,997,1060,778,988,1092,1520,1065,1530,1113,184,827,1104,584,885,1592,604,1089,1625,200
1407,1505,937,697,1048,869,1408,1328,235,1405,1581,348,760,1631,1125,575,492,1357,849,1036,1032,384,955,723
1006,496,1070,466,1031,1294,1626,1315,415,530,1301,405,1215,1620,559,328,829,368,1258,1171,1400,13,1016,1232
746,520,641,1329,1172,299,714,642,1343,782,211,1027,1280,960,1013,1333,795,1332,593,1219,847,226,1578,922
308,254,872,249,980,684,718,873,198,804,1422,86,88,1017,66,145,1557,280,1403,883,113,637,1124,852
1331,134,1057,216,1149,240,164,1555,467,565,1609,1358,901,1562,371,63,699,230,732,68,1526,660,425,248
1515,1051,602,579,1035,953,1385,776,171,483,358,435,1123,1088,764,1176,1015,1199,580,166,431,519,172,590
1587,194,353,1545,1192,401,255,1478,1501,1155,1152,959,1327,763,1496,567,24,1173,1349,702,1440,1371,1345,400
1272,490,476,1628,1066,870,1000,315,125,1037,1229,75,667,1633,606,974,261,1392,1622,104,35,719,1629,624
713,666,1261,1044,645,417,820,1347,38,1024,1519,1351,339,1209,833,592,1139,585,963,976,989,728,388,119
1303,846,900,683,578,1098,620,408,696,1284,1388,39,1608,658,1605,569,878,162,64,373,1524,793,1260,378
1275,1227,295,199,543,67,848,1426,1295,785,1250,639,84,1245,187,1299,10,1140,1148,5,136,1503,1002,139
1071,386,840,175,972,633,982,177,1468,724,1293,635,509,627,159,599,137,1508,429,1287,932,441,1546,792
821,316,812,1423,790,1147,1448,307,508,1086,745,605,413,157,610,1420,389,987,265,692,325,1356,495,573
1374,1194,340,495,959,1144,316,177,1071,1341,793,1580,1546,1478,578,728,1358,820,1287,1440,590,575,878,1272
846,1606,100,839,1357,1117,407,360,307,1197,253,519,46,388,1327,169,573,935,658,200,814,1172,5,1373
1448,801,1519,429,866,804,1572,659,737,546,932,888,570,1139,400,405,1420,308,1618,682,988,893,1317,569
1438,179,606,483,467,995,1332,1292,496,776,1496,384,488,1096,188,1587,872,1592,623,1155,1331,639,1048,348
1192,764,637,1108,501,733,1202,723,633,1522,641,53,598,1295,466,29,1258,304,64,328,628,769,172,1123
109,410,1486,691,1319,415,604,35,373,585,795,261,226,476,874,699,216,1112,1631,441,955,1488,734,724
1392,1628,670,1355,852,497,258,1436,1307,1088,602,1080,1275,68,254,610,249,1329,1351,442,1524,437,1158,157
1508,622,1414,1200,408,1261,343,821,1037,346,895,1422,383,876,1416,1229,1047,1333,752,1635,1370,987,83,108
1271,565,403,1113,24,1395,1250,1224,1060,661,732,782,425,1086,746,1011,1256,431,203,997,494,719,113,401
974,1427,543,1345,947,427,1611,1299,1032,916,397,901,843,530,313,1022,413,1621,645,39,600,315,593,605
223,794,718,336,1620,211,1085,1382,175,1087,168,627,766,972,1143,136,184,745,1044,982,1343,1124,553,1066
94,1293,509,508,137,1215,1051,873,1280,848,1159,584,358,139,1530,10,1075,371,738,267,1426,1349,395,1405
1629,989,809,1535,61,1415,198,166,1605,715,1227,372,389,1262,592,1511,1242,683,417,861,1057,1609,707,1328
1013,908,1593,1626,1636,963,883,84,755,579,299,446,1021,1183,771,1369,1493,499,210,731,1246,1403,1209,1148
171,919,1472,86,295,1371,127,12,38,520,953,857,1027,159,1536,235,635,1515,792,960,798,1557,392,601
1544,378,248,1356,1460,1147,1505,561,125,1521,1282,1368,1140,1251,900,82,790,327,812,131,162,1622,869,1024
840,134,706,353,91,620,255,1232,858,1132,1407,754,1219,929,292,849,871,1006,1095,879,1260,1315,1061,194
338,576,940,75,1017,435,1170,88,977,580,63,1098,199,1173,341,1149,1243,230,66,834,885,323,708,447
278,1532,1326,1002,713,1501,485,142,667,624,800,1019,386,1119,1545,1578,783,1555,183,1035,1385,1203,999,697
1461,1625,1456,1408,618,912,785,1581,1125,1111,1176,1221,994,1000,827,1468,1089,1520,283,922,1171,662,689,1565
484,33,696,1031,847,490,1562,870,1294,559,714,660,996,1199,145,567,761,599,1049,1093,684,1512,642,1312
368,541,749,614,143,492,240,829,666,1533,1092,937,512,692,1347,1388,164,1411,119,1384,1015,1503,1526,325
104,1036,778,1633,439,1451,187,6,133,702,1152,675,265,339,591,763,1104,1330,807,1423,1079,1238,1303,390
726,796,1527,760,1284,1065,1245,1070,13,280,833,1016,67,1400,1009,1076,976,1608,654,980,1301,55,1184,498
184,1511,1199,1144,248,1221,125,1088,908,1037,1250,834,1148,211,919,590,476,1371,937,829,1326,994,1096,139
1605,1526,670,1104,912,1139,754,578,1173,807,1501,1227,708,1546,405,1260,171,1562,1295,1070,1124,874,955,1048
715,769,622,1426,766,627,1149,1125,1414,1508,633,188,1456,1515,340,1261,1440,1271,935,922,1520,1343,794,1183
12,198,604,1060,1388,1184,734,1519,162,1493,1395,1111,745,691,1209,771,328,1347,947,1384,119,1132,1242,820
1158,814,1633,1374,1626,1219,764,1119,749,1031,559,728,1044,1369,1420,1631,1009,1578,441,719,857,960,959,1112
187,1301,1170,82,893,1032,1086,778,1468,64,283,916,509,940,639,1403,108,46,442,179,812,1373,389,407
614,1232,689,1087,1245,1415,737,435,1076,718,713,1587,1408,804,360,1358,38,1079,553,397,378,755,1557,210
216,1331,68,1503,84,879,143,1535,996,876,1224,761,175,1002,431,104,997,413,1448,801,1609,1370,576,660
580,1422,1330,658,157,565,137,1328,1581,1194,573,1284,1293,1246,94,383,410,519,932,1592,1200,1061,267,974
1532,541,230,1022,1580,1505,1202,610,429,821,1533,953,88,467,790,642,13,1411,1621,353,1345,142,699,1527
341,869,795,166,1472,348,796,792,601,929,1171,223,724,258,484,403,109,338,848,127,358,199,972,900
1294,265,1392,1416,168,183,1258,871,308,508,1407,1530,1071,5,323,63,885,307,373,901,6,584,760,593
1611,1051,1176,1629,1159,1355,1143,1066,628,692,1243,888,39,1262,1307,1057,1095,415,530,987,172,488,401,1036
494,1027,667,645,392,485,1192,1536,1287,800,1197,1006,29,292,600,1496,1606,343,731,1085,1089,1357,833,620
1215,425,1098,10,1451,592,1272,1608,861,483,254,606,1280,1625,427,1203,1478,299,1123,280,490,883,684,1351
782,1251,1385,145,726,1303,706,1035,495,395,390,1093,738,240,752,1013,843,1015,988,840,839,1521,1080,1524
134,253,1329,113,785,714,1620,1319,1024,963,304,783,866,1172,325,520,24,858,327,67,1108,372,682,499
194,624,746,1275,999,591,169,498,1618,1488,585,1317,599,870,313,1315,1049,1238,496,295,1368,315,575,847
33,1312,1545,1405,512,827,437,316,1512,1229,439,501,75,546,1436,83,466,1011,696,1047,1333,226,1021,763
579,136,702,569,497,605,666,417,570,1400,86,35,662,66,1555,809,977,1628,543,641,1092,1635,164,447
1636,446,400,849,1332,1152,133,1522,659,598,661,1423,203,995,697,1544,793,492,1117,602,567,637,1113,776
707,1017,561,388,91,278,1427,852,131,339,235,386,1572,623,982,261,1460,1292,1140,255,1438,1356,1147,675
1565,1000,371,200,368,1461,618,346,732,1065,61,1256,733,336,683,980,249,1486,895,872,723,1019,654,1016
1299,635,1341,1593,384,1282,1622,1075,989,1155,846,1349,55,878,177,100,1382,976,408,798,873,159,53,1327
13,384,963,682,847,1293,684,919,708,814,755,283,614,1070,879,145,872,852,972,179,870,388,749,1080
820,328,1219,1183,833,308,1427,782,666,1526,254,1519,1546,959,499,1000,325,1368,766,707,1303,771,1408,1505
171,869,1420,1197,91,1143,373,1049,1530,1104,878,216,339,187,1440,848,553,908,108,783,292,415,175,137
1275,569,641,1633,530,1511,162,1017,1124,1140,1238,1184,198,485,295,316,134,1527,1299,1356,604,1331,846,1170
83,1555,353,1411,1092,618,895,466,371,793,579,1088,327,164,441,94,10,1384,940,790,64,1369,484,995
249,358,1317,1581,960,1258,1076,1200,1057,1037,1158,127,467,849,1147,442,769,821,654,723,702,1572,662,109
139,1426,1562,1618,1374,827,223,1093,1611,1307,1301,33,812,840,1245,752,29,628,561,1089,691,446,900,1349
1520,1036,1006,1423,1503,1628,1414,372,1047,1392,1415,989,1108,348,1221,75,88,142,38,210,1635,885,839,488
1532,792,1347,1139,1096,66,1329,304,861,437,1580,1271,724,498,483,1111,248,255,1282,893,955,395,340,1227
6,1171,492,1606,866,713,1472,509,508,240,719,1176,801,341,843,1422,570,605,1328,575,798,235,633,1621
541,737,1373,659,378,1079,159,1326,714,996,100,1355,738,670,1260,157,732,1578,496,1087,397,261,113,734
1024,1243,1061,280,307,953,1159,874,1060,999,512,403,1132,494,565,988,600,63,635,1287,1587,211,1256,1592
1284,435,1242,368,1521,1016,1605,431,313,203,1173,1536,1400,1625,392,795,1009,1512,1493,315,929,1545,323,39
1405,1295,1071,696,265,796,1002,1262,1246,1119,413,726,1460,1027,1098,1272,976,1468,1403,602,136,1488,1388,1065
1515,1461,1125,1149,1341,1544,1155,194,1436,407,1343,578,1333,620,425,1385,922,731,809,1294,1192,937,1357,546
336,495,683,642,715,429,829,778,624,977,1202,728,401,1315,1292,935,386,1508,580,390,125,447,131,754
408,410,490,1022,1152,661,658,660,760,667,1501,1086,68,24,567,389,1382,1565,1629,133,188,5,230,1407
1332,543,593,1261,994,61,519,932,299,1013,253,697,585,745,1203,1522,1075,1117,427,916,1478,834,1095,338
166,706,476,46,871,764,1123,637,1113,997,86,1486,576,1194,1456,417,689,82,226,559,1438,1031,606,1229
1032,1011,1524,1609,1358,12,599,610,1144,1535,591,55,1626,876,1232,947,794,104,639,383,857,200,1330,258
1209,761,627,598,1251,1557,1066,143,1351,1395,346,645,592,1312,1085,675,883,278,1051,400,804,1035,1199,1112
1280,1019,584,699,888,1631,1345,987,184,439,800,67,1370,1608,622,172,912,35,982,623,169,1015,177,267
718,1048,1448,733,343,1593,119,1044,520,692,573,168,785,1215,1533,858,1021,763,1620,901,1319,1636,1250,1371
873,1416,84,1327,1622,53,405,1148,497,1451,1172,746,360,776,1496,501,974,1224,807,980,199,590,183,601
628,509,1016,203,113,278,1329,1271,1051,793,713,200,169,1355,415,119,940,977,782,1405,1089,1526,1219,131
1368,908,606,1468,893,166,937,1427,590,6,1070,24,738,989,5,211,754,790,929,591,339,719,1092,1557
1149,706,654,585,870,401,1519,136,1330,308,467,1261,599,175,1011,265,373,932,982,1202,733,1461,675,1392
142,1358,1384,670,637,1006,809,38,346,1132,172,1085,1087,953,1625,1327,546,592,371,766,879,501,1124,340
13,1448,1031,1140,53,1224,814,624,1356,519,718,1460,1104,1066,579,1572,1388,1395,390,476,1203,1587,255,10
1403,82,1108,1472,1076,689,466,764,109,157,600,403,1144,778,605,1119,724,484,100,1520,1080,715,1243,1423
1521,1349,1282,389,1503,1416,485,726,1000,1629,692,821,1295,386,699,1635,304,431,164,392,1209,1194,745,641
792,618,338,494,492,1125,1628,405,1032,852,1609,732,1317,35,869,1535,84,1148,752,734,1262,223,846,604
226,849,839,442,1371,1436,1022,437,67,425,935,1098,133,1369,410,1420,1256,1095,959,1200,1524,794,1044,1065
1501,761,1002,874,187,843,639,1407,1408,1555,383,1411,919,1536,559,230,327,947,999,488,1357,995,378,912
1301,573,388,341,134,1496,194,372,1250,413,1229,763,1319,900,691,63,885,963,796,1159,776,1618,1292,1158
408,530,980,1079,1024,994,1009,235,1345,1546,1111,1170,1287,1293,1307,820,1626,417,1112,1117,248,1328,1284,697
749,46,1592,1605,1093,614,801,1071,602,520,620,988,871,707,171,1232,1215,1332,578,584,188,575,878,1544
714,145,771,249,137,499,1636,139,1021,184,731,198,1505,315,627,696,1527,1299,922,1373,39,1275,441,240
746,827,1242,325,997,280,328,682,400,1374,1258,1123,1312,179,972,490,1581,543,593,29,876,658,812,723
1620,829,1173,343,576,498,1530,795,1251,1183,1013,1562,660,866,1515,64,168,1486,955,1057,569,659,1061,561
662,216,1280,895,976,1315,447,497,12,783,728,785,1246,1294,737,1238,1326,1533,1171,1451,1493,1048,1015,1580
1155,1343,1088,601,1545,429,1331,1197,1227,254,667,1245,1027,143,427,1611,336,683,1019,858,834,1532,901,61
873,258,960,666,1036,1303,857,68,798,1415,1382,1426,1478,1608,861,1035,1385,323,1456,760,987,1508,384,840
1414,1400,446,495,872,1622,108,1176,642,996,1086,86,75,1631,800,1606,1333,567,1341,66,159,1152,183,645
807,610,210,199,1522,1351,299,1221,1139,407,348,1017,162,1260,702,83,253,1347,1199,512,307,1633,496,1593
368,974,1047,623,1060,804,1272,755,1488,565,435,292,916,508,661,483,580,833,1096,295,439,598,104,570
353,395,848,635,55,847,127,313,1511,769,1370,1565,1147,1422,1184,33,1037,125,1075,397,1049,1192,1113,888
541,1578,1438,358,1621,267,360,88,94,1143,1440,684,177,91,1512,316,708,553,261,1172,283,622,633,883
466,211,1299,755,1016,476,100,1526,1229,932,1113,1371,12,1079,353,169,1333,1170,1238,1532,872,1345,368,807
916,1557,1036,1438,258,162,253,86,1060,1343,601,1215,796,1085,360,343,431,1140,879,929,1194,745,642,553
1260,397,731,1232,1088,75,323,143,848,1319,1385,776,1629,1172,383,1328,389,645,1330,1086,543,734,1317,829
1422,1243,1341,1112,988,496,1009,1171,325,1125,1066,498,171,861,313,1427,922,401,484,490,598,641,1461,1124
1144,1530,168,109,754,593,1256,210,814,1159,1011,792,1520,1369,1527,1332,1358,1301,442,199,327,706,567,1511
1403,580,623,166,441,1508,1176,1200,1555,888,1224,977,790,635,873,483,579,1636,1496,1080,1287,417,639,142
901,714,1524,497,492,1024,1183,435,1242,340,575,1093,372,1388,959,82,732,885,1219,1312,1293,935,1261,1048
339,1051,408,1611,1626,893,1374,403,10,1027,1092,1329,1199,1209,1408,1407,1123,683,520,827,175,546,809,876
1618,136,858,230,164,1505,833,1440,38,1275,371,395,1533,708,849,187,1593,752,1635,719,675,127,1184,1294
1512,1592,1203,427,697,485,1258,104,1071,947,1246,88,384,785,691,801,292,1609,1546,488,1395,1143,600,1049
883,261,618,912,654,857,1370,267,35,1349,1087,119,821,1076,565,6,1522,223,203,512,308,974,1493,610
33,1152,895,670,1192,194,429,804,400,249,358,633,576,1035,1521,843,658,689,569,46,83,1017,1488,1000
499,738,1581,696,295,994,390,812,1148,84,662,724,1565,519,254,871,1423,1202,1515,1448,1047,1284,1272,1572
336,1173,1392,746,771,378,1468,373,661,139,1197,437,660,307,265,1006,63,766,1326,1545,235,1456,1562,874
763,113,798,1578,188,715,1478,1155,602,1544,1420,184,713,39,447,963,870,392,955,726,348,592,1536,509
702,125,1070,133,667,1620,793,1426,415,1147,737,1149,820,1400,1519,999,1032,728,1117,1031,94,1501,869,1416
972,919,137,494,216,467,782,1251,591,1535,604,840,1245,1405,1280,1368,131,1061,278,723,606,1262,839,764
1382,692,338,1436,1331,561,1606,1104,68,341,24,590,410,1021,388,386,1019,995,64,1013,1628,852,346,299
628,847,439,707,1303,1119,55,1295,666,1503,91,1633,1307,495,1414,605,1132,1271,413,733,1098,778,1015,900
1282,172,1384,425,795,637,783,684,1221,159,198,541,1022,997,585,1250,1621,718,446,1472,749,283,953,980
134,1139,280,1327,1044,1095,1357,1158,248,5,794,769,1096,834,53,1373,1089,1625,937,61,1002,530,940,1111
1460,1356,1605,699,627,987,620,1075,1411,584,1108,878,908,1580,996,800,1057,573,761,66,145,1037,578,1631
1587,559,960,760,846,1355,1065,29,599,682,1608,982,179,177,508,989,240,157,316,622,328,614,1292,624
501,659,1415,200,1351,183,13,1315,1227,315,304,570,226,108,407,1451,976,67,405,866,1347,1486,1622,255
834,1170,265,142,1036,484,593,1051,627,1085,12,738,989,734,1183,885,543,304,622,601,771,63,1022,1488
1113,645,929,912,1080,127,1472,667,639,1057,1176,1140,1625,348,427,1066,338,1148,1093,100,84,184,177,728
1423,313,358,1147,976,175,5,746,654,1526,692,200,1232,86,1535,1104,1149,1124,1326,1089,1295,108,1112,1202
410,6,857,1609,847,136,134,405,1427,1096,299,203,1319,1384,1044,164,1503,1032,827,737,64,776,172,512
1530,353,778,467,1385,658,1049,599,637,1370,1415,553,840,131,861,809,702,401,1411,870,1349,1017,278,849
760,960,1098,1532,1048,598,972,1117,343,10,168,1327,1016,1626,807,1351,1031,814,783,75,397,940,1478,1070
1071,1132,947,1392,1315,573,866,1373,1019,198,1633,1341,425,1261,1258,283,1636,1317,35,389,1024,829,446,1520
82,569,1224,1184,804,171,559,1620,1405,714,340,371,661,308,1347,346,1501,1395,1440,883,1358,1536,240,226
977,869,1013,325,1468,1332,415,999,280,623,932,1587,39,785,1243,567,982,1079,1331,1486,67,1521,561,360
541,575,798,1299,94,1593,1301,210,888,713,254,1159,1144,466,731,1246,46,38,590,1197,429,848,1108,1546
187,1451,874,895,188,578,620,755,499,994,1065,248,403,316,442,1422,1557,873,682,1087,1330,328,766,1382
199,295,104,1505,675,1092,162,792,1611,492,996,125,1355,576,1312,179,1123,1519,790,922,292,591,752,1329
1605,439,696,919,839,1426,1496,997,745,431,159,1009,684,235,1408,13,843,483,1407,618,307,157,390,1555
1275,893,530,1229,145,833,852,670,373,662,216,1086,1578,1356,987,183,1357,908,1621,900,1572,1400,633,1511
1256,1508,1125,447,963,1119,782,1456,602,769,1460,1374,614,255,872,1631,1414,1006,1027,1284,1416,476,211,55
413,761,1565,327,383,974,388,166,1527,24,1368,1303,683,1203,707,901,1512,1622,1292,29,579,1238,995,315
1328,610,33,1088,1307,980,249,386,497,113,1562,1608,666,959,323,1271,1173,699,754,846,1021,1272,793,1343
437,83,1420,795,580,585,119,194,660,715,1251,395,719,408,1242,565,1037,1388,339,441,372,800,139,1592
1155,495,496,1215,68,267,1282,61,1533,1221,1581,1060,1369,937,723,1095,1172,1011,223,1618,1262,1000,879,953
876,570,1015,1199,485,697,1403,1294,417,1245,1628,763,261,988,1606,1075,91,794,801,1192,1260,796,606,878
1524,520,600,1209,1629,1200,1371,341,858,498,1152,230,718,1047,624,1345,88,935,1522,488,1436,169,641,53
1227,253,764,519,392,1158,584,812,109,368,642,604,1002,708,1448,1111,1139,635,955,1545,1076,494,1061,1461
749,133,143,871,732,1544,659,508,435,137,820,1515,501,509,1635,1438,733,726,605,1219,258,407,1580,916
400,628,1333,1250,821,1143,384,592,1280,546,691,1194,1035,378,1493,689,724,490,336,66,706,1171,1287,1293
614,134,1357,346,467,804,1024,1243,280,308,599,1609,1347,512,1326,726,1625,692,852,1384,871,1171,1158,358
873,1557,792,1061,405,1203,675,1522,764,715,580,1329,520,299,561,388,1071,1219,145,1307,1017,66,295,1176
307,113,1275,848,1629,248,1152,1486,1546,415,407,1332,203,316,1392,1461,1251,498,492,624,1587,794,1544,403
1044,368,1572,1626,1232,435,642,397,1242,1565,1108,1209,667,1468,171,439,696,177,752,495,1524,1448,733,1351
569,68,240,749,1282,164,980,1472,778,947,591,900,1312,1301,530,1580,497,662,1027,1388,188,133,24,1512
1562,1415,573,39,1328,734,604,637,972,606,392,466,1172,162,401,982,1593,1035,1048,253,713,623,378,785
1508,1606,1246,425,1555,166,1423,1535,442,1013,258,1503,83,1295,33,1292,610,592,1015,1478,1578,660,641,908
168,1065,1520,723,292,371,1368,994,800,932,963,988,1256,261,1501,1436,874,501,622,1581,383,63,885,1271
499,714,1374,1085,1148,866,812,598,1076,879,1488,1620,304,1622,84,997,1098,1440,1096,728,1358,827,1183,1051
384,1315,1016,339,494,1086,1493,169,338,883,29,628,1144,1545,1533,833,620,5,769,959,937,341,216,1400
67,553,543,976,485,579,760,706,601,707,1303,1221,761,1238,746,143,1245,1527,829,1066,821,584,1155,1416
86,857,858,184,745,974,1451,575,691,1019,1093,125,798,446,1511,724,1456,1261,1633,814,1299,1426,1060,1075
1143,1113,159,1505,929,1635,1262,183,172,340,888,1370,6,719,1405,1194,1420,834,235,12,1369,390,1280,870
427,325,1411,987,1139,61,1258,919,1395,996,639,809,142,283,731,576,104,278,1022,922,194,1331,661,893
496,682,1532,1112,1088,1173,1333,1349,255,935,1087,1611,327,1319,413,109,1519,570,1317,35,136,861,567,1592
1117,249,395,1422,801,771,1080,1170,198,199,541,1356,1460,1159,645,1521,360,1385,400,600,590,100,635,267
869,1355,989,912,1229,483,157,738,389,200,732,849,1403,1496,776,226,490,484,1618,187,1140,1197,211,565
633,1037,1414,1515,1605,546,901,1009,137,46,843,91,627,766,108,895,1608,955,618,1111,94,127,119,585
658,1371,1089,593,210,1200,509,508,559,372,1132,1224,223,1192,1104,410,718,1199,1526,1250,846,1284,131,1036
1079,1184,175,1287,1530,1227,88,1125,10,139,476,1000,1147,1628,876,916,1047,795,1636,353,1057,336,1202,1345
878,328,666,1021,1031,313,1408,1006,64,847,386,999,1119,1293,55,1070,38,315,659,1407,807,1621,793,977
1536,820,684,783,348,578,417,1092,488,1272,790,755,1215,447,1373,1330,265,1343,408,654,872,839,1294,1149
1124,953,840,1341,75,605,13,683,1631,1327,429,323,1032,1095,708,699,1049,960,179,373,1123,697,1438,1382
82,754,763,53,737,343,230,940,995,254,702,437,431,1260,519,689,441,796,1002,602,782,1011,1427,670
1393,500,1044,1012,1189,1299,694,783,1176,1096,280,498,1608,413,174,1584,18,832,1267,370,1512,33,82,1153
1418,934,1352,1426,1234,1214,1335,1274,845,740,410,311,759,1171,487,593,620,442,1507,565,328,1186,1334,1289
327,510,29,1372,1015,1520,1326,1028,261,553,604,597,99,706,1079,139,1246,1475,304,403,1546,682,1396,1458
1119,605,1483,297,1356,578,1423,691,1311,480,1395,325,1619,1482,608,1223,322,499,708,1256,189,1585,921,435
485,113,1301,734,1036,38,119,1414,1074,111,609,1151,1270,21,1110,642,1047,624,1046,135,124,1321,203,1367
1392,133,1086,267,477,640,1252,1509,807,1416,425,216,1230,552,1078,1547,1084,1285,855,283,1382,1420,641,239
1112,774,213,1227,1027,1236,1501,408,187,169,131,240,1557,1106,655,556,753,237,1469,867,155,670,378,1082
1158,1355,493,1080,194,1075,520,1362,1248,1144,718,1621,100,796,724,1351,836,255,1142,339,1401,752,1361,547
627,792,1323,3,1235,163,1195,950,781,1090,1500,780,1204,1232,758,1148,1010,490,885,145,555,120,1394,353
418,1271,343,10,256,453,1400,847,1052,963,81,861,1262,1037,1059,190,623,1461,415,292,935,702,277,1580
1467,857,24,1302,387,439,572,160,412,1442,772,1319,1612,984,1513,104,1276,323,700,621,813,1455,407,1468
834,799,1109,1273,184,879,1042,725,1280,876,121,1342,247,1597,562,1197,1313,337,810,864,1566,179,638,495
1061,188,1076,429,88,1162,1345,93,749,1350,399,1404,1118,908,590,1083,1091,52,398,1111,972,852,185,1579
1122,346,1031,1022,401,1389,696,1526,1215,603,1155,64,211,943,1343,1565,1225,1085,1347,1199,1563,204,1399,1000
947,530,1532,1592,564,859,447,636,198,202,1089,1625,1484,1132,782,937,1633,496,1092,434,509,265,747,116
804,1104,199,906,1017,1263,970,1530,159,1440,488,233,404,1140,95,452,680,281,321,606,1535,591,941,808
1283,67,166,342,1374,83,976,1244,559,11,168,1527,358,1018,361,171,1009,251,999,953,827,869,1002,8
554,687,57,888,887,374,143,1594,1309,350,1336,433,1258,443,340,130,750,226,1627,1172,1567,632,878,666
1636,812,881,1229,574,1057,295,794,628,1237,1341,837,557,1251,278,1275,1260,1517,1293,173,79,1016,1368,760
507,1408,580,1359,1181,514,458,1403,685,1185,909,1383,1019,440,285,154,1558,335,234,395,388,639,570,43
12,230,383,1510,1152,13,1419,141,1297,1184,959,546,911,949,1101,1065,1209,722,681,829,5,1127,1437,153
1578,707,626,526,1581,478,955,1324,1614,1456,1413,1609,324,1630,607,344,1317,1344,1269,596,1216,1358,56,191
1304,839,1587,1005,214,316,789,1349,371,94,1340,1307,1555,919,127,181,1515,364,1163,1098,1415,1448,599,977
1388,384,22,390,326,967,71,215,798,1522,389,1588,803,512,305,646,924,942,138,588,830,1363,1102,183
