1355,707,413,1250,745,1079,987,618,340,39,1113,415,1327,292,812,734,782,715,323,947,1468,1215,580,827
1155,338,576,937,1403,1144,425,871,91,778,1158,858,763,442,982,1521,1280,316,183,633,847,384,327,561
35,1317,499,908,53,88,166,800,1242,1209,1024,336,1013,198,995,1328,1060,849,764,82,662,1123,726,83
792,1246,1139,852,1140,1194,497,754,1147,888,1488,63,569,1533,1096,706,684,738,1200,829,1374,1456,200,940
1581,142,512,378,541,401,1271,766,1070,13,346,683,723,1202,255,1562,1347,1044,371,494,1086,1578,1076,175
109,108,761,922,1522,1256,1606,1592,496,1530,601,578,783,1369,1460,203,883,1112,900,395,490,1519,304,1605
157,553,1408,1400,870,654,901,1620,1407,667,240,1085,172,1032,437,637,912,253,1016,295,1036,429,159,439
407,834,1011,776,188,976,1527,876,520,1124,790,592,431,283,1219,113,732,1371,893,1148,1093,1035,519,932
1260,1461,1125,1329,584,372,408,249,1132,55,1618,955,1258,1243,929,1031,315,963,1423,807,12,692,1621,1486
1633,1546,598,1385,1293,343,614,814,179,1098,605,696,1636,184,104,565,1000,177,795,1065,1245,466,46,1448
1149,1292,1331,1493,1119,280,1472,1384,307,801,953,383,139,1108,641,1422,645,488,820,1388,1087,1557,67,622
1415,1197,485,1066,559,1326,405,1282,94,1508,1262,697,1303,1221,1332,1006,5,752,397,1496,857,1351,187,885
1545,133,895,171,1515,446,1357,134,258,660,997,1625,749,718,136,1544,1002,793,573,1628,635,1411,1272,1526
1015,267,162,1451,1382,1229,977,1199,785,724,628,29,1611,1532,702,164,61,606,1315,1092,1505,199,10,1565
1061,360,659,1251,278,495,1171,691,585,610,861,248,1440,1287,689,746,866,1176,1037,623,1238,1170,467,567
731,604,675,872,6,1051,137,353,145,878,1572,1345,1117,230,843,959,1427,1080,839,308,390,1152,210,1301
508,498,1503,916,1173,599,624,1049,974,168,1436,1088,1299,226,769,1275,728,1349,1536,339,211,1294,809,400
699,1635,216,38,804,1261,666,546,840,1333,403,1075,874,879,447,1524,1343,591,620,719,1358,1609,1071,543
1307,1426,64,579,919,68,1104,1022,575,798,223,417,590,131,254,642,1626,602,1095,386,1312,996,1356,261
600,1622,1159,1629,373,1047,435,341,639,410,299,1111,1183,570,1232,1587,873,1284,348,869,737,66,1224,1019
1143,392,980,846,733,1373,1227,389,1438,530,194,1192,848,328,1172,994,1021,1048,708,358,1395,1330,1319,84
1631,713,833,661,1009,509,169,821,760,960,794,1027,1370,796,1392,125,627,1089,119,1017,1184,441,755,1593
1608,658,1555,483,235,388,501,143,714,427,1203,33,972,1416,935,771,484,999,1512,1295,1501,593,313,492
1520,1368,368,100,325,670,1535,1511,476,1420,1414,1478,682,988,127,265,75,24,1580,86,1057,989,1405,1341
499,86,177,184,569,1423,1357,982,1104,872,168,1493,1526,919,240,61,598,172,1420,624,618,131,497,1411
249,1152,1626,1388,1392,1051,858,723,373,1019,972,1609,210,1275,104,24,323,1635,484,752,183,696,1224,1636
66,39,1089,771,1631,1625,869,1271,1303,1416,1605,901,1331,467,628,633,793,724,35,425,807,1505,341,13
109,1140,1132,437,570,593,755,498,866,127,1633,1183,996,261,559,1119,1456,410,565,782,1328,1405,280,75
1108,1076,1578,254,1173,959,316,490,431,33,820,1403,764,258,1280,1251,278,88,620,1440,307,1221,847,1075
1176,963,292,265,1511,1527,1299,576,659,1262,1330,408,1000,1070,792,682,137,164,1227,397,1243,488,255,641
635,637,171,578,435,1593,1347,1535,283,1400,929,1049,599,187,707,512,389,989,1562,1351,584,1032,134,1451
353,1065,1520,483,1519,1022,580,1170,407,849,403,980,1580,732,666,1148,785,953,1460,794,1620,194,733,947
1343,1200,175,1488,340,1171,591,754,1066,1143,1371,1011,623,1282,1194,371,401,1155,203,833,995,1565,900,1557
83,697,1503,400,760,67,1422,1415,579,1111,1085,1524,1284,466,125,1048,1147,1044,1080,976,1628,861,843,871
1407,960,82,776,1057,585,1515,546,766,879,746,1621,1532,1522,1587,145,809,660,661,248,1197,485,876,378
235,1438,1238,553,388,1329,1368,601,267,429,509,508,658,1384,1608,63,885,1478,1533,1295,812,1301,543,133
1035,169,143,848,494,670,142,1093,1009,108,427,68,1088,614,893,1158,1209,1203,600,857,1508,987,84,1159
1047,1229,1124,977,1332,1184,922,166,874,715,1382,386,216,790,1006,1546,1427,1374,1219,852,1086,840,1572,974
728,1370,706,1414,1358,447,592,1385,778,1317,94,997,883,113,439,737,360,327,390,55,561,1606,1629,1123
308,12,622,38,1113,888,1031,188,199,1071,1215,10,1426,602,610,1292,346,1027,1395,520,325,667,683,713
1312,1436,1501,179,315,745,699,937,384,1036,253,1521,313,1256,119,1079,226,1092,441,726,492,800,1149,1112
1015,940,100,541,53,1293,935,916,476,1319,1261,590,1294,1327,873,801,769,442,878,1345,1202,749,1098,846
446,1144,999,200,1356,530,1192,783,1611,1250,675,763,654,1260,912,645,1272,383,1287,1117,684,804,1618,230
392,1536,1326,708,5,718,91,702,627,1002,1172,1622,1545,1096,1013,46,1341,1246,798,1530,328,1060,1232,415
198,1486,211,1087,796,932,348,1408,795,1349,827,829,1544,1017,29,157,299,64,417,1199,692,159,839,761
575,1468,304,714,358,136,1512,895,994,496,1315,1024,1258,1061,955,834,336,908,988,604,1496,605,223,368
821,1245,1333,689,1125,734,814,162,295,1581,1037,1461,395,6,1373,1307,1555,339,1139,519,1448,343,573,731
139,662,1242,405,501,1095,642,372,606,870,338,1369,719,1472,738,495,1592,567,1355,1016,639,413,691,1021
353,726,1024,1592,847,1085,988,792,893,1373,490,1503,1144,724,1009,187,278,760,368,1282,1148,1011,267,1307
761,372,820,963,1414,1319,1422,989,734,782,1200,1618,766,258,1535,439,1629,83,1522,691,1192,812,1123,86
1532,100,1049,1371,1622,570,378,1511,869,579,840,1095,1472,929,800,1608,1047,1392,883,1357,1587,569,397,715
1176,466,719,1635,605,1546,1565,843,598,1460,88,1061,1111,348,6,1147,628,1493,1384,833,1515,254,400,283
1488,559,133,1076,499,55,104,982,633,1256,33,498,689,1496,620,576,953,996,38,530,697,304,131,846
541,125,804,580,1104,339,731,794,1355,801,798,783,136,1388,1478,1580,417,622,307,919,955,1545,658,901
1232,807,637,483,795,390,13,592,561,427,593,388,1505,255,1112,1356,325,1086,168,177,184,912,645,401
1071,1035,162,1519,1328,776,738,1037,139,292,145,35,778,1636,512,169,1287,623,1526,1171,94,1280,485,606
895,203,1420,1140,1562,682,755,578,872,1544,113,1031,1292,199,980,937,1184,737,384,1382,1261,670,328,610
876,1572,10,769,39,922,1221,395,1415,683,827,1521,68,684,1155,108,415,871,200,642,1113,857,785,425
675,1633,1520,908,198,763,442,1343,796,1227,1021,488,194,947,66,661,408,405,501,732,171,604,509,916
1347,1260,659,1065,692,389,878,1015,1536,940,1486,340,1426,1209,1117,829,575,1405,315,1312,834,861,253,1395
1345,1143,932,702,1087,1149,1000,1461,1440,764,64,1170,995,1427,567,1124,1403,1032,497,1303,707,1400,441,1625
790,496,639,338,873,230,1606,1229,1036,1245,1508,61,960,1125,1088,1294,1016,1159,172,142,1006,316,1251,666
1202,900,1173,1272,1215,699,12,82,373,553,1438,1593,520,708,235,308,848,1326,1243,447,1250,1044,435,1626
602,624,137,1079,1436,1022,1385,183,1246,746,1203,1183,166,383,874,1416,723,1075,1611,1411,1002,1512,599,974
809,771,1530,371,210,1224,413,431,1557,546,1605,280,935,67,1238,1197,24,821,5,157,46,492,573,410
1152,584,1374,1057,1089,749,1317,1331,519,1349,299,1609,1066,360,134,696,870,429,1108,1299,1620,713,1341,75
585,888,1423,1330,495,446,1578,565,1096,1351,1451,667,1092,1013,392,1333,1358,53,1628,164,1275,248,1555,1621
407,997,977,1293,343,1027,714,879,885,1501,752,1093,119,327,437,1524,1370,1242,1080,1295,1172,852,706,858
223,261,323,745,591,109,240,849,641,1527,1533,976,226,476,1456,313,654,216,994,159,1262,341,1315,1258
793,600,494,999,662,484,1407,1051,1219,295,386,618,1408,614,590,1070,1017,91,733,1048,1199,358,660,543
1019,63,84,728,959,1368,1132,814,467,29,403,718,1332,1139,1194,249,1329,346,1284,127,211,839,265,1468
188,175,508,143,1098,627,987,601,1631,754,1271,1327,336,1301,972,866,179,1369,635,1119,1448,1158,1581,1060
633,488,1155,1343,989,821,134,620,407,733,509,1027,348,829,1555,413,1250,578,715,1370,483,861,858,494
1149,1369,1079,1468,599,1049,1260,278,383,427,1172,1275,177,869,834,1006,1261,820,1580,1203,996,1355,728,1294
188,1047,769,1284,1098,1258,734,1395,1070,645,63,593,1546,66,1333,1326,187,339,1622,833,793,1368,1096,53
1636,752,499,1037,1301,738,1578,1581,1420,718,764,340,569,497,543,1562,1515,1414,1229,590,1292,240,1438,628
1000,1219,1345,642,1312,1251,338,1089,691,848,1451,567,1557,987,283,972,1080,963,501,1293,1173,492,1171,1051
1422,618,425,800,401,133,183,139,1415,200,707,878,872,1016,606,1035,1385,659,68,100,137,104,1332,995
1295,1530,1456,1032,706,1132,600,1526,64,737,723,313,249,162,255,713,1426,508,230,1036,169,1341,1436,235
1423,1243,1328,1460,622,1488,415,530,790,1066,109,1536,392,870,1356,1329,1631,662,977,602,840,888,1200,876
136,1374,172,746,442,1628,1592,579,38,358,901,745,1159,1224,794,389,88,883,1625,809,1057,624,785,1357
61,1019,1609,1522,580,1493,1317,684,519,692,304,1015,637,343,1093,839,732,699,12,512,749,388,1407,782
496,847,726,6,403,108,771,316,1532,895,814,1245,1606,1403,1587,1170,386,1545,1520,1086,336,959,1521,1144
466,145,429,697,601,1085,67,248,1238,223,1633,1117,610,754,1139,1176,585,315,113,955,947,368,702,714
467,908,39,683,1626,1075,1544,795,431,1472,159,1246,1061,1382,988,1065,541,940,1392,417,885,929,446,1287
1307,682,179,1618,812,922,1232,1197,874,1416,708,1611,999,384,639,827,1152,1009,670,84,327,495,575,258
261,265,916,131,5,675,447,919,1031,33,1347,308,570,267,1620,210,194,553,763,1044,719,546,994,29
792,661,1017,846,1572,86,731,199,1331,641,783,203,341,900,1202,171,604,1256,1002,666,1123,696,1478,498
10,871,1183,935,635,1113,1125,1282,592,378,1519,226,804,1221,143,1148,1140,198,1358,400,216,849,559,211
1508,1192,1076,1533,46,843,1486,912,292,598,1512,576,435,852,623,982,980,1227,1411,346,584,1400,614,82
1501,1022,1215,1021,1511,660,520,24,1448,397,1327,893,932,654,1319,476,724,807,1242,323,168,1621,1503,1108
1011,94,1271,801,796,1024,1299,1505,1104,565,1013,1147,1209,1095,1496,253,866,1527,1608,1371,360,13,689,1272
184,299,1427,873,395,997,591,1535,1199,1349,1194,1112,1048,573,755,1088,254,390,761,1524,437,1461,658,1262
353,1111,778,1351,974,1405,1373,439,1315,307,605,857,1605,1629,405,490,976,119,125,408,1408,1060,937,83
953,164,960,1280,798,1384,667,441,91,373,410,1388,627,175,55,776,1593,766,295,1635,484,372,485,157
1087,561,1158,760,166,1143,879,75,1303,1330,1071,1440,142,325,1092,1184,127,1565,1124,35,371,280,1119,328
696,1019,441,1149,1292,888,1027,731,1572,1618,1501,1611,1221,415,1436,1060,1422,249,484,592,602,325,1427,974
1456,989,1331,1580,546,849,684,935,1159,1111,829,713,143,171,1250,689,718,476,1047,278,1242,1229,38,177
35,847,1368,1088,908,955,230,1203,1403,1557,113,307,1243,929,1294,553,1095,427,1423,785,497,570,1197,200
585,82,1488,1326,139,495,1219,203,1011,858,726,764,734,1079,988,1351,919,1017,501,1303,857,1172,1087,761
431,715,790,620,1345,353,417,1076,131,1635,1414,261,61,1609,912,1271,1581,1124,1461,280,63,1524,248,1545
388,340,579,1085,494,1227,1555,119,697,1546,327,541,601,995,614,1158,1578,1176,46,559,610,749,807,692
348,328,843,425,1031,980,732,1202,1631,136,565,341,5,6,593,1245,109,997,1411,467,1104,728,861,304
798,878,389,866,827,1002,1192,1332,724,1144,642,795,1199,1625,125,142,1451,840,104,666,1009,870,1416,1328
400,1123,466,490,395,1327,1108,745,1356,1319,223,410,413,292,1006,1508,1092,371,1562,24,987,976,67,893
1125,699,183,401,1066,639,1407,769,172,1215,483,1395,873,188,66,1515,1299,437,675,885,283,1493,157,1621
1024,127,792,848,1374,599,1341,1032,937,590,1521,168,1275,580,996,235,360,1258,1147,1036,752,308,569,492
1280,373,1086,1173,175,567,833,1405,1065,1440,1194,783,407,809,519,1272,315,316,622,1317,1511,397,86,1633
932,1357,1171,386,794,834,723,405,755,1349,1527,12,659,84,358,1478,1112,1333,707,1089,876,1522,1486,879
1096,683,953,960,760,1468,645,624,796,1262,1021,1626,1080,1636,1070,641,869,13,1533,1260,1358,895,1184,660
883,1132,618,733,339,187,134,378,820,253,1388,1496,1373,1251,1392,1015,1261,343,1057,628,778,368,1312,1301
1155,390,530,1139,901,874,1535,1408,33,1544,1620,940,1505,184,509,714,627,383,1587,708,133,1256,429,754
1385,963,1629,137,166,255,600,1382,55,916,446,162,606,776,1355,100,1293,1287,1119,578,1075,662,702,1420
670,1016,1472,1098,691,1512,1343,265,210,573,900,814,1224,1148,1415,1438,83,485,1530,635,1622,1628,852,372
1592,682,658,216,198,1460,959,1329,1519,64,499,1246,604,1400,1152,211,1037,435,323,947,719,299,1117,496
295,199,336,1532,1183,194,439,543,1330,1140,771,1605,346,10,75,1049,623,763,1143,1526,68,1448,1044,1347
1369,1071,793,1200,871,812,403,800,488,575,512,169,498,706,999,39,667,801,1000,1426,1022,1593,637,240
839,598,1370,766,661,447,164,1170,737,584,804,561,338,977,179,1013,1608,1035,1384,1113,1284,108,1565,88
821,982,738,29,994,922,313,1536,258,94,520,576,392,605,53,145,1371,591,633,1209,1520,226,782,408
746,1051,1238,1232,1606,91,159,1061,1315,267,1048,1503,654,872,846,254,1093,1307,508,442,1282,1295,972,384
1095,1158,249,807,1229,771,601,46,627,1024,368,1493,645,1194,1521,1395,1275,66,1511,670,1057,982,715,397
1143,893,1565,1636,1545,912,372,33,553,1282,24,590,734,699,821,987,1472,1572,610,35,989,142,172,307
1519,292,1147,561,675,498,778,188,159,997,278,388,389,1242,1522,1333,131,869,1411,53,10,265,91,1341
598,1520,960,1280,431,1044,1089,1315,559,1108,360,1293,953,1503,1530,84,691,1184,501,1587,713,1374,1369,1578
75,726,662,68,908,866,392,328,714,168,6,1112,358,1000,295,327,1618,766,5,1016,476,1326,1317,283
497,578,858,1075,776,38,737,134,125,1171,1200,839,1468,932,199,496,1262,1104,624,809,872,145,1017,746
442,1408,980,702,1159,299,1037,1328,796,492,1356,724,1258,494,1312,895,261,1307,600,1451,175,258,1440,1488
1011,1036,546,108,499,315,1260,488,620,754,1347,846,1250,1496,194,1403,1299,1031,628,972,883,1238,900,29
684,1355,1392,820,614,857,719,378,782,1592,852,346,870,1287,1093,1098,1633,133,1221,604,622,1209,728,400
1125,1092,873,1628,1295,1019,61,1555,637,1414,386,1256,1368,1261,429,801,579,661,520,567,840,1015,543,591
1271,692,541,1581,1546,198,1085,1086,849,1035,485,1176,689,1438,814,1629,1202,804,1456,336,999,940,1385,211
1002,1526,848,654,1371,127,1533,793,223,353,1071,1416,874,795,922,1327,733,1076,1251,446,343,633,338,136
667,1415,104,639,947,642,1608,1351,1051,731,171,1111,1061,407,1170,916,483,888,216,1535,959,658,1232,408
955,1508,348,1172,64,1148,94,384,1345,1605,1021,1373,963,576,1173,200,39,706,12,1461,1006,113,833,794
1621,1197,1113,137,166,1532,1423,230,697,1505,988,425,373,162,682,1284,308,1117,177,792,996,143,316,490
1245,88,1343,976,879,641,1622,919,1349,390,83,1294,1272,187,871,1609,1066,1436,707,1060,519,109,184,1049
683,267,1096,1478,1611,427,255,1331,812,403,86,763,800,1448,901,827,994,203,1227,1047,1215,635,1048,1243
313,119,417,1065,1079,847,1070,139,1199,623,606,1358,1407,435,995,666,1626,253,179,1593,718,1303,659,1405
1515,1486,1329,843,1426,82,1382,1527,602,605,573,937,785,13,413,1124,340,569,280,1119,484,1144,749,592
383,760,1635,764,1009,829,100,240,977,415,929,1032,1088,441,183,1524,437,325,157,834,1087,723,1544,371
1192,1246,1460,401,1203,1330,755,1631,584,618,1027,1152,769,509,508,447,164,783,1013,1357,1625,1557,1370,1140
1388,67,512,439,696,761,226,341,1132,1562,738,1580,466,254,1420,467,1400,1022,410,1427,1536,1332,1512,1139
304,530,974,63,1384,210,745,599,660,876,565,339,935,1183,790,1155,798,752,1319,861,580,593,885,878
708,575,1422,248,1123,495,1080,1219,1224,235,1292,55,1620,585,570,1501,732,395,323,1606,405,169,1301,1149
1183,1620,660,258,724,386,1426,576,637,792,1373,1075,1076,1197,338,1400,989,763,1345,1108,1065,431,1071,1629
895,1357,1079,1017,1341,796,1493,569,1592,1113,888,1423,1521,348,667,578,857,1392,834,498,368,599,119,1384
618,1436,718,987,1144,1219,508,731,1343,1280,1019,179,1301,267,798,166,714,1200,1621,1256,1438,546,604,645
162,1037,738,171,1520,1530,833,466,1488,1408,776,1111,283,982,584,1184,922,793,325,1562,847,253,1009,188
1303,134,198,683,963,1496,565,6,499,388,1092,1315,1456,395,843,601,327,697,1374,561,400,749,579,415
1578,1422,1049,1036,446,908,997,495,666,108,1080,1329,614,24,590,353,1319,378,476,91,702,216,340,429
675,1532,764,1294,35,1533,341,145,872,1451,200,1271,1331,870,401,360,1635,425,323,929,1369,1448,733,807
1158,1176,1317,278,46,1522,995,959,1085,1132,852,732,82,873,605,413,912,635,879,38,520,1608,313,953
885,1172,682,63,371,1609,684,343,707,390,1633,10,1307,1555,1420,199,1411,1272,1486,846,1546,1468,754,372
726,848,809,417,752,53,75,1013,211,1011,249,1117,919,1051,1416,659,1427,1349,719,585,1407,1152,955,901
1388,1382,1415,240,1170,960,1260,821,384,427,1238,223,13,1202,1171,771,441,1512,1139,1611,113,265,136,88
598,1262,172,1125,1006,766,761,745,496,292,346,435,874,814,591,827,1224,1460,1395,169,1330,307,1258,84
248,1199,39,1545,1572,755,1628,1112,661,633,1328,1351,1580,86,715,33,1024,484,184,1295,769,1622,627,1618
620,304,1626,567,389,696,1027,1312,606,1209,66,1227,509,68,1284,175,1031,1246,1098,972,940,467,641,1385
782,29,1086,1511,628,1095,230,1581,1149,1519,916,100,1088,1032,1232,849,254,639,734,1524,1015,295,932,519
829,1066,790,1605,713,600,1593,194,570,1104,1060,512,12,654,980,1536,1515,543,878,1606,392,1215,1287,1636
812,869,662,610,187,1332,1508,405,501,871,1155,1221,280,125,840,1587,746,308,977,999,61,760,373,1292
315,839,575,67,976,336,1021,900,164,1203,530,94,778,339,408,801,1356,1631,658,1472,442,573,706,490
485,127,1243,439,1057,1119,1124,1089,255,1096,1087,488,553,1358,728,785,1143,1625,1327,1299,109,795,996,1022
624,157,861,5,1147,1565,226,883,974,133,143,1347,492,497,893,1061,541,1048,1505,937,403,1440,137,383
1002,1000,1326,559,1250,183,447,1140,1242,1275,691,947,623,1016,858,1526,1148,210,622,55,1368,177,1159,670
1535,988,994,1370,159,83,168,437,737,64,358,794,866,316,1192,689,1355,1194,261,723,1173,1371,602,203
1293,800,708,1405,1070,139,1261,1478,1229,1544,1503,397,142,876,1461,1044,692,1333,131,935,1245,1047,1557,410
592,1251,1123,407,1093,1501,494,328,820,642,804,235,1035,1527,593,783,299,104,580,699,1403,483,1282,1414
431,1580,667,1411,994,580,1478,1144,1092,1436,940,885,1414,125,1027,255,834,1333,861,1261,325,1370,13,131
1565,1202,1303,1149,495,1258,417,446,707,1451,1527,953,879,960,1019,1104,1051,601,139,1544,937,1119,718,1329
901,752,1636,1620,893,1546,874,499,637,1520,1512,373,1065,598,467,1224,1526,261,1147,1326,1087,1256,963,543
988,792,878,559,1349,1448,1621,1238,561,360,682,697,1148,1079,1535,1626,86,972,1245,692,84,119,157,763
267,1400,1022,713,1024,796,327,1315,1426,494,610,929,600,1159,1562,932,519,1611,1403,769,1392,292,1219,922
866,1618,1170,1294,1111,336,175,1609,738,223,408,230,1505,955,602,1405,113,372,989,171,755,1113,857,371
1420,315,427,1330,328,982,584,94,1522,1016,1197,635,1172,714,476,323,790,1299,614,137,1036,304,429,211
873,1098,68,1199,1209,809,1605,622,1260,24,1536,1227,136,1608,1155,299,1143,520,35,166,283,1524,1631,1013
761,346,578,1408,313,715,1384,194,390,386,795,800,1287,618,1262,100,1002,987,1461,776,1086,66,348,1511
1343,689,88,814,254,1088,1173,343,12,871,1037,389,604,839,606,947,852,498,278,395,466,733,1374,388
895,1493,1331,1488,339,1017,1312,728,592,1555,999,833,307,641,6,1395,1351,216,1515,1176,1203,1440,1382,483
1080,183,1000,179,1032,599,1047,1035,1501,1355,1071,400,530,660,188,1049,869,253,1486,1332,1061,235,1496,1347
508,1341,1044,1581,401,492,1368,900,1221,82,1460,1472,645,1229,624,425,280,1280,749,46,659,1635,1095,392
858,724,1112,295,1171,627,745,39,265,410,108,1140,1606,785,1427,974,340,1275,827,670,666,1423,840,1557
1066,870,1021,846,1587,1301,734,1407,162,782,783,397,1242,997,888,61,829,1468,573,980,723,628,353,308
1123,843,1327,1319,764,1215,1307,812,1009,240,1124,435,731,187,127,1184,1031,358,184,1415,1075,1317,168,1070
1152,706,654,91,661,1592,496,249,820,569,341,585,1250,407,1243,447,567,142,1371,1011,1200,684,883,226
848,1358,1293,1625,1089,55,53,995,29,1622,804,1385,490,383,488,919,793,593,497,912,1628,1076,378,1530
33,798,801,145,675,872,1508,849,199,509,1271,1272,916,959,760,1284,485,691,10,771,1158,1093,746,575
1139,1194,1373,1345,553,1456,203,437,133,143,248,1438,164,177,754,766,1572,1532,726,134,1246,1416,1117,876
1085,732,1295,1388,778,605,699,405,1519,1503,109,620,1192,591,1132,579,702,316,737,63,1057,576,403,565
1096,83,5,159,1328,633,1357,1108,67,338,1251,442,1545,908,570,658,38,546,719,441,1578,1282,1060,935
75,439,198,794,200,708,590,1125,1048,996,512,1521,210,1633,696,977,64,1015,501,415,623,821,976,1356
1629,258,1183,104,1422,662,541,413,169,1232,484,1369,683,172,384,1292,1006,639,1533,847,642,1593,807,368
1351,508,12,1022,249,1414,1606,561,785,68,667,1139,579,1152,1343,849,86,1374,339,1395,1124,1301,840,641
761,64,407,692,1608,1242,1411,512,1345,1357,601,1580,796,1625,769,1468,999,315,373,447,84,912,645,658
1621,1123,940,567,642,718,1000,997,792,1486,833,113,565,1021,738,776,235,684,494,885,83,63,829,1565
341,848,766,134,1243,592,38,145,408,1526,937,1505,689,360,715,1451,439,94,726,916,602,1382,267,136
1355,1512,328,546,569,1027,1200,895,793,413,719,338,498,974,405,883,1024,1416,509,955,901,618,543,1117
659,1496,1079,410,203,1533,963,1093,1384,1011,1633,1303,1171,1013,578,39,1578,1184,1051,166,295,1104,1232,1224
378,431,109,745,184,707,179,308,164,425,732,1282,598,994,1557,1092,1312,1328,75,88,265,1292,400,1341
82,388,1327,35,1317,622,790,1426,573,258,872,307,591,614,843,1065,1261,429,857,1113,520,871,1057,1229
1287,1272,395,1219,1581,1562,188,1158,1370,858,697,519,839,1112,976,1148,415,1125,255,1315,935,798,488,1095
1262,600,1176,10,807,763,1609,1017,702,1149,336,1427,162,1618,13,46,749,226,861,1284,1202,996,1192,1358
200,1415,1631,919,1155,708,435,1098,1620,1456,876,827,623,530,1400,1356,1108,108,764,584,1015,593,1515,585
599,893,1159,1294,194,442,1333,804,119,728,760,177,29,1035,1385,343,908,133,1626,1371,795,1319,800,714
1071,1036,801,6,299,1546,1438,1545,987,1299,1194,340,1076,5,1271,1075,1405,1530,1295,216,1060,1280,1535,654
446,1330,1132,752,125,724,168,1258,485,1622,53,635,159,283,1636,1347,1256,495,1173,606,223,874,1408,713
1140,492,870,1037,1403,91,261,437,1436,1501,383,1593,1143,384,172,466,368,1172,639,1420,1070,427,325,755
1119,1572,61,441,313,1511,1197,1183,1493,553,1086,660,559,733,397,1260,1628,1448,280,501,706,1215,809,198
401,1326,834,253,575,1147,1611,346,1349,977,278,169,1170,1019,1251,1520,467,670,932,1238,637,139,67,869
1006,960,980,972,1440,1544,372,1331,1199,778,576,1388,1032,304,131,403,389,1250,666,292,662,1423,183,100
782,175,476,737,846,1049,696,1407,1373,353,1521,1293,814,210,1031,1555,157,794,1085,541,1307,1524,483,1508
358,1392,199,988,323,929,610,33,1488,386,1089,1144,812,1002,633,499,691,1246,143,683,1080,24,627,590
879,1503,1522,620,1422,1245,1209,953,1048,497,959,1088,254,947,55,820,1460,866,490,699,1527,1592,1461,390
1536,392,873,1009,628,682,1061,1047,624,127,731,1111,1478,1087,417,230,66,900,888,1368,605,1275,1096,1066
348,1635,1221,1227,771,371,995,1332,1016,1329,248,496,1587,187,580,171,104,1044,754,746,142,240,989,316
570,604,661,675,1629,922,982,821,1532,211,723,484,1369,1519,852,1203,1605,878,1472,847,327,137,734,783
86,778,483,476,601,1009,1075,843,142,573,782,912,706,604,5,6,1530,1284,10,849,410,699,390,929
520,183,861,1070,1636,417,1633,198,223,308,38,1329,1403,203,425,599,895,763,1155,1592,714,618,872,1460
916,785,602,977,139,494,1392,446,1312,1301,509,1013,1294,553,1021,593,109,1369,1319,1546,166,592,1605,1524
1440,1202,879,1242,1326,1271,1580,1395,728,348,1405,265,814,1011,692,84,908,749,340,323,804,91,467,995
776,795,829,413,570,1415,1238,278,1287,495,131,839,1080,159,997,1124,627,1098,755,407,466,492,883,1192
565,1104,343,1532,988,199,179,947,104,1149,1219,1618,980,654,682,1357,1148,798,415,384,373,1159,372,675
783,1093,1358,696,792,1065,1275,249,431,1144,724,1382,684,211,1355,893,870,999,1152,1536,295,796,1408,439
254,388,713,1006,1505,982,1079,1512,878,1060,874,645,1071,1282,1227,580,395,1303,172,485,1496,1593,1037,226
667,1111,633,794,869,184,1061,723,46,358,499,1307,327,800,1184,919,1349,1448,177,1176,585,567,1272,53
642,1388,1086,24,1087,441,133,1587,496,726,807,1089,1229,1016,143,1503,737,63,590,1200,1468,400,569,1024
519,639,39,901,1351,1140,662,1246,1626,1147,508,175,820,383,325,707,659,932,100,578,88,341,935,1183
1076,1292,960,1019,1022,987,1374,1158,754,307,733,1112,584,1139,1332,55,1436,1299,1527,1260,1557,169,1170,1331
397,386,1356,732,1015,1608,13,1426,605,258,83,1373,1511,591,447,497,610,1224,847,137,922,1057,1515,1628
1620,959,1621,336,1066,389,1622,885,1345,900,401,620,427,1194,1420,543,1581,1411,125,339,937,1416,488,119
1486,637,392,113,1578,1117,299,1036,108,283,963,718,248,1172,559,846,541,292,1438,261,994,12,157,1384
1002,745,171,127,61,624,187,888,734,761,1173,790,1108,94,1635,719,1422,1333,403,1371,858,1171,408,683
168,1327,66,530,1461,622,1501,1520,801,575,1092,360,1572,1049,996,435,230,766,871,216,75,1031,1555,1385
1280,760,793,661,600,821,1000,1565,1232,33,1125,641,1088,1451,280,771,442,1535,313,1629,1095,1625,848,769
606,1027,200,136,316,546,697,267,1250,1423,1328,708,1256,1132,304,1262,235,666,809,1544,876,64,1545,1295
371,1493,1048,1330,940,1293,752,635,628,29,1221,955,1519,490,827,715,1199,429,1119,1017,1611,188,162,1368
833,1526,812,1341,1143,346,738,1243,353,1533,731,1203,1631,240,834,1096,1051,1521,498,338,1407,134,328,194
501,974,512,1343,1370,255,670,623,764,1123,164,576,746,972,1400,1085,484,1251,405,1427,68,658,35,1209
561,873,368,953,840,253,866,1508,1215,1562,1606,437,689,660,210,976,82,989,145,1315,1258,852,702,1047
1609,1317,67,315,1522,1347,579,1261,1245,691,1035,1488,598,1414,1472,1478,378,614,1456,1197,857,1044,1032,1113
5,606,1438,316,1620,159,127,546,403,1388,1535,131,91,133,429,932,901,794,258,1608,846,696,295,724
278,576,1468,1345,922,373,1047,1262,108,1037,916,1408,1358,885,307,980,172,790,812,553,1609,1633,1593,1400
1049,1373,1075,620,280,407,358,353,1245,1032,977,386,1426,994,737,1243,520,732,1031,947,1557,68,590,872
1065,188,658,1436,1022,879,840,1416,1123,1148,431,858,1341,728,1017,240,255,413,796,1184,199,1280,659,384
852,1284,10,183,1370,1096,512,662,38,567,565,216,1545,623,1080,733,559,1036,976,1411,1060,1104,997,792
400,88,675,763,723,1403,561,804,995,1021,61,847,1171,327,1555,955,760,1605,1024,1019,210,614,446,988
876,1319,1460,483,908,670,46,1293,1282,637,1456,719,248,599,624,1420,834,1176,628,1427,1299,1016,871,1512
168,1315,1061,999,989,1295,1113,134,425,1093,378,1343,136,1294,235,313,654,63,666,1215,1405,1415,996,66
895,261,1333,1511,1317,578,496,198,1522,166,1224,299,24,1275,1197,200,1572,1578,1242,435,972,501,340,708
1112,691,1301,1384,635,821,1329,645,499,1219,145,738,1414,857,1194,1505,1271,35,940,67,194,1192,33,177
83,509,415,843,778,325,714,315,1002,642,338,169,1530,713,13,1221,253,1546,1140,900,1202,530,861,12
1356,1144,162,226,1261,935,1520,702,211,839,878,848,639,1636,752,29,584,1355,754,764,883,801,1496,1027
254,1139,1009,119,1089,1349,1147,1526,579,598,1521,814,541,601,1048,1312,1199,699,580,304,230,401,987,776
912,1626,1260,1044,1347,888,203,371,1629,745,498,963,570,339,820,873,1098,667,715,328,785,1108,827,410
143,1368,64,94,397,1092,929,1232,139,800,1486,1070,1200,1332,1170,442,604,405,870,959,1256,1119,1272,1015
575,585,508,1592,1587,39,488,874,336,919,1524,372,795,388,389,395,100,55,109,937,682,1508,689,1493
1238,75,1532,179,1331,591,755,1183,113,766,392,1536,1087,771,1326,1051,175,84,1173,265,1085,1440,543,633
497,1330,1628,427,697,833,1158,1488,793,573,893,249,125,1327,661,869,706,1251,1451,467,1209,171,323,1611
466,1371,734,439,368,495,1631,605,341,267,1227,1503,490,1149,1117,494,782,343,1448,53,1622,184,1374,348
137,683,1501,383,492,1143,346,1057,1515,1011,6,484,1111,1351,1307,1132,684,1423,1357,447,1088,783,1382,408
641,1580,1258,627,866,622,1086,593,1250,1581,1527,360,592,1246,1625,718,1621,437,283,1076,1618,142,1229,829
1461,807,476,104,974,1203,1478,1079,982,1095,1159,761,731,1565,519,223,1000,187,1124,618,1635,1369,1292,292
610,1533,390,960,485,1562,953,602,1544,1519,707,798,1422,1303,1606,1071,749,82,1152,1172,1395,1472,1385,1035
600,849,86,1006,769,164,726,1287,746,809,692,1328,417,1066,1407,1125,1013,157,1392,1155,308,569,660,441
553,561,723,467,1197,200,336,235,1422,801,706,83,1501,437,1258,1047,569,737,883,1176,733,483,708,1611
1079,338,691,340,1635,1132,55,1119,839,593,866,846,1124,1149,1123,1017,683,776,133,1232,900,576,530,1013
397,654,496,346,53,1530,996,308,223,447,35,1108,821,6,183,278,401,579,1076,390,610,1403,541,5
1287,1293,570,1192,194,796,601,1085,912,1301,495,1374,696,1125,1392,1312,606,745,1327,600,1098,198,1478,1080
1015,1416,94,692,1557,164,1022,408,187,829,1104,216,425,341,620,255,1486,1093,1369,622,1356,484,580,953
645,684,386,519,253,940,1011,783,584,67,1035,1143,932,415,1572,1408,1407,879,995,1307,682,1357,328,820
13,323,1532,1423,86,1411,960,1496,1621,1049,1451,1284,313,785,1000,417,697,1330,1326,184,660,1555,1460,793
1562,384,304,316,1493,405,1522,1152,327,639,10,490,1345,1202,1057,373,1448,1587,104,1111,1488,1048,429,1331
403,441,715,1016,972,427,1384,113,210,348,39,1329,755,24,585,760,1184,578,435,1037,131,1332,1194,724
1172,1343,1044,497,1272,749,1173,1461,1524,734,1246,159,1319,1024,812,827,1271,929,624,1535,283,1158,1148,937
512,1628,127,857,800,988,1536,392,1622,136,119,388,1505,395,280,1358,833,1303,1605,963,922,63,1113,573
1578,125,782,989,635,1066,592,997,1061,731,1545,1328,378,29,807,1519,1426,999,211,1618,1060,368,1087,1229
1280,599,157,702,1071,1438,764,508,919,1112,994,188,109,1095,1219,1520,240,1415,254,343,746,1625,618,1456
1070,179,171,590,763,769,976,872,675,974,947,1414,1633,1317,249,546,66,628,1009,641,658,1096,718,442
1092,977,88,895,261,699,1227,666,901,100,325,752,1636,1546,1512,1526,732,778,372,1292,446,792,567,1260
1631,142,858,494,1256,33,172,498,203,982,509,1159,1002,1608,738,1503,1388,604,623,1368,499,714,1088,1472
134,834,1019,226,1031,614,339,1275,1511,1089,852,1171,64,804,400,1261,1382,605,1355,492,413,659,108,766
565,371,873,175,754,878,575,1224,410,292,869,1183,407,1006,719,1021,870,559,169,1251,1373,848,1620,1203
1533,265,916,1544,1051,627,1427,476,1351,1139,84,267,177,358,955,1629,1565,1032,959,1295,1140,1609,728,1405
1075,166,1626,642,771,980,91,230,1036,761,1436,389,68,1395,1508,82,888,602,12,1242,162,1117,143,1370
46,75,707,809,299,1238,849,1200,1592,431,168,1527,1371,1333,713,1299,1521,501,843,1243,1400,1086,935,38
689,61,790,661,1606,1221,248,466,633,908,1209,847,667,1027,488,1515,543,315,795,137,1170,139,1440,1341
1385,794,840,1155,876,145,383,199,662,987,591,1468,307,1199,874,360,670,485,726,1215,439,295,637,1593
814,861,353,893,1294,1262,885,1581,1420,1065,1147,1349,871,1315,798,1282,598,1250,1580,1347,1245,520,258,1144
846,792,833,876,602,1183,1611,378,304,401,790,295,840,879,1221,714,84,628,413,579,495,283,834,327
645,1123,885,1280,1403,935,719,1048,987,348,760,561,1587,383,1527,662,308,223,68,847,745,501,733,883
713,1093,684,1593,1293,641,809,137,732,1373,827,280,1486,1332,1229,439,895,670,127,425,666,800,35,530
1275,499,1438,1159,1357,1000,1149,1294,1108,723,1608,1622,91,764,1158,109,812,1565,240,467,188,1511,435,1132
1303,1546,1032,1592,1512,718,371,1626,307,1356,1460,162,974,675,591,226,661,728,916,265,1219,200,1578,682
697,408,339,405,989,1456,584,437,749,1006,659,746,932,1522,1071,1581,253,1328,1341,1272,1152,267,1215,328
1251,642,1199,388,585,658,1243,1111,1488,997,1144,1203,783,553,261,216,389,843,94,624,963,171,1139,754
618,578,485,559,1436,1496,1636,980,1307,340,715,447,497,1407,1261,752,1287,1312,292,1620,125,546,1140,1333
415,1544,1609,953,922,441,400,1408,1358,1343,1155,814,575,755,1327,194,198,133,1319,1420,565,801,358,143
1633,338,512,1124,605,187,771,24,590,1317,490,769,794,166,483,861,1368,570,179,1013,1299,1112,199,384
908,417,1388,1036,1618,627,1530,999,900,919,1019,1087,1405,1545,368,431,427,955,888,1629,86,466,901,12
660,599,55,1521,1292,1051,175,1057,1224,959,64,1295,1503,1009,75,1515,1096,168,1238,104,397,476,1392,1184
633,1331,1022,1526,1631,498,1002,893,67,593,88,1088,785,403,972,1532,1493,61,1086,10,1098,829,994,699
446,139,492,683,113,912,1370,410,1089,1625,1171,667,988,509,878,610,249,1355,569,1015,639,134,38,737
258,1066,494,614,1416,793,1076,1258,702,1037,343,1170,1172,119,870,1505,341,1080,1384,83,1075,1125,1461,392
203,1478,1329,1535,1035,940,1423,691,1557,873,1414,1079,708,707,1092,429,763,1260,724,1606,360,1385,1148,1011
1282,857,1369,1047,313,1031,1519,1400,184,1245,1395,1572,1016,1605,872,248,1621,1173,1326,1524,488,1104,1044,1147
254,580,598,53,977,1049,726,39,6,519,1562,1628,1349,795,869,172,211,1200,157,654,947,325,761,164
1448,230,336,131,1284,1095,804,33,1555,508,600,1061,1520,169,520,573,145,1232,1060,782,1197,1027,82,1209
776,5,623,1271,543,871,1017,858,484,255,960,1202,996,689,1508,1580,1411,821,1345,1176,1382,1262,395,1085
13,796,622,1635,874,849,108,706,210,604,1246,29,1117,852,807,66,1070,1533,692,1194,1227,731,734,635
386,496,1426,136,315,1451,1468,1119,929,299,1113,1192,620,976,159,46,541,407,1315,142,1472,995,63,1242
278,576,442,372,1143,1250,601,778,1501,937,1427,1256,820,1371,567,982,1301,738,373,1374,316,637,1440,346
1330,1347,866,100,183,1536,1024,1351,839,177,1415,766,606,1021,1422,353,696,592,798,1065,848,390,323,235
746,796,1021,490,1250,134,1037,702,184,1370,249,1460,1258,313,661,84,1044,401,295,439,1581,1294,670,1315
876,492,494,600,1095,1200,1423,13,113,64,1356,1522,1515,561,1358,183,119,776,689,1246,1070,719,1152,1374
476,1016,1158,308,485,1347,1520,982,947,627,315,995,400,605,413,869,1405,620,446,179,1117,1521,919,164
483,614,999,1079,1060,1368,570,1261,870,127,654,1170,861,299,697,1532,972,1192,86,1533,610,407,82,543
963,1493,553,1251,599,1565,900,136,847,584,807,1139,642,567,530,1403,684,1503,580,1093,1505,1621,427,658
809,691,408,682,624,733,1173,39,922,403,662,1108,829,602,1215,1440,645,814,1468,346,1024,1086,425,1319
1148,1096,38,1280,177,415,157,24,1333,955,5,754,604,1000,1486,1329,996,1345,267,579,63,885,1332,1408
1143,1307,1172,496,1140,1355,641,707,724,1176,1125,593,29,1536,392,1508,1555,1438,660,1049,1426,1183,100,1388
590,137,622,168,1299,12,1047,139,1098,718,1035,94,143,592,1461,932,798,878,498,1080,628,696,1085,1260
916,509,1436,327,1328,637,1572,706,940,974,1036,1369,871,1526,10,199,1427,585,623,1330,895,171,230,1293
1478,512,1385,1527,265,708,235,1587,1593,1451,1159,1530,339,761,211,383,764,145,866,1048,1006,1002,1326,1149
495,792,1051,435,109,794,1512,240,1197,1415,766,1113,1629,1373,994,1199,997,368,1562,353,1027,316,576,1544
131,929,520,541,782,732,1009,91,1343,261,1535,812,292,1414,417,1626,591,953,879,358,390,378,395,1384
1631,840,633,1620,226,1219,1104,410,839,488,1171,683,360,785,484,848,1245,1147,699,1221,1022,1456,187,1420
827,210,1546,431,763,959,1256,1075,1112,1606,976,67,1351,1155,278,723,125,601,198,1524,843,977,1628,1608
1349,1501,1284,280,188,793,1392,731,734,1076,726,169,1341,989,348,1557,75,960,578,194,1371,873,389,1061
1111,1015,795,714,283,715,857,639,328,858,1202,569,1011,373,1407,1633,1317,1395,1618,1611,738,447,429,618
437,1088,46,61,1019,778,893,1057,937,1622,749,820,1580,1194,223,800,1287,1357,133,258,598,1271,1422,1592
175,783,442,1312,467,88,1609,203,901,692,1331,1282,559,341,1635,248,343,1017,575,565,1411,1123,752,216
1013,1031,1262,1087,372,405,1089,790,988,441,499,713,1301,253,53,1382,66,833,883,1625,33,501,912,1496
386,1032,874,1144,397,108,304,1243,573,1132,384,142,1636,987,1242,1065,1232,497,159,1209,1488,755,1472,635
666,519,1092,1275,667,68,508,307,980,166,388,55,104,255,801,200,846,546,1124,771,935,1448,1605,728
336,849,338,1066,1578,1203,745,1238,769,834,1119,162,872,1224,1184,760,908,254,83,466,1511,1229,606,6
1303,852,1071,1327,659,888,821,1400,1519,737,675,340,1227,323,1292,35,1416,804,1295,325,371,1545,172,1272
659,82,483,852,447,1472,1526,1622,1628,1275,216,429,592,963,164,833,485,509,916,1060,1260,1420,1326,1057
605,922,1293,254,1148,6,1606,497,280,10,752,336,955,570,982,1521,1438,1282,142,1331,1388,726,162,1385
796,1299,292,223,1505,849,601,1307,706,94,1037,198,1330,119,226,415,932,798,575,1355,866,790,1124,1006
732,1488,1048,1486,378,900,1400,143,467,1086,371,1031,1593,812,1087,83,713,847,403,520,417,573,1520,738
136,874,168,338,576,261,627,46,1333,476,88,1093,1633,1229,179,1635,580,1303,63,1332,1329,1618,1415,388
1200,696,1261,1172,620,878,307,1119,645,1061,1256,1408,578,1192,35,723,800,1155,994,1405,1580,109,628,519
1021,1159,662,1533,996,829,1096,55,1132,100,1345,1508,1176,248,809,1327,315,1000,389,134,591,1292,183,157
794,1032,1002,1251,1519,439,1382,137,1047,1016,1343,258,623,255,1262,553,766,661,1493,569,1071,1112,1036,1024
1144,861,1349,1272,1242,1557,1461,675,1149,995,495,1468,508,313,1403,446,530,1011,734,604,1015,684,1098,667
1170,827,935,1512,407,211,731,1301,488,1436,1501,64,308,814,622,425,715,1384,737,188,53,641,989,1368
869,368,1341,960,1478,1626,1209,1440,283,499,658,466,358,84,1636,1414,172,1631,1592,496,75,821,699,265
1503,593,691,879,328,988,901,131,714,953,707,689,360,567,1194,441,435,1621,295,171,339,1451,876,1581
1123,719,1202,353,793,13,413,501,200,1197,940,1246,392,1620,278,1245,29,1173,1448,199,872,639,1536,1369
1527,848,761,484,546,427,1411,395,175,1611,1232,1117,1075,893,614,633,885,804,618,1051,1535,778,642,1143
33,1608,708,1070,771,754,249,1224,492,490,598,1295,1522,1147,108,341,1317,1065,397,692,1152,776,1496,1140
405,1019,494,39,267,91,1066,1085,1199,1013,977,610,697,579,61,1280,980,843,1351,1511,590,1113,187,400
888,763,1250,1243,584,373,746,959,386,1312,1125,846,1095,1422,1284,1456,602,383,666,1426,1104,410,801,1184
145,606,1460,755,194,1371,1049,384,600,113,947,1035,858,724,1572,749,976,340,1111,541,883,895,437,1524
1356,498,1370,166,1423,870,133,1515,12,1427,559,857,997,1357,999,1555,1578,390,346,1044,1271,1407,203,792
431,795,1215,401,67,1545,1328,624,929,1530,372,86,764,104,840,1294,327,919,240,1565,839,1158,565,304
987,408,1319,442,1183,1609,1358,169,343,871,785,1605,1009,769,139,660,912,1395,702,177,68,1221,125,1347
670,561,1227,1080,210,1238,1629,184,325,5,316,66,1287,1392,733,1562,1017,543,1532,299,682,782,937,1374
760,127,235,1373,1219,512,635,159,718,654,1139,1022,585,348,253,323,745,1203,1587,1546,1079,599,820,637
1544,1092,873,24,38,1108,1027,728,972,807,1089,834,1416,230,1258,1171,783,974,1088,908,683,1076,1625,1315
1155,935,1013,368,119,726,308,1229,849,778,858,494,1508,642,683,919,429,1183,88,593,764,403,401,706
733,1621,413,512,692,64,261,299,267,738,1184,771,1066,699,1532,959,1622,639,888,435,1108,1238,501,61
782,1075,1403,179,604,1358,1027,476,520,134,579,108,922,1520,1400,1317,1395,1423,785,1011,1427,901,1512,1076
960,408,509,508,389,1250,641,397,580,358,338,278,1272,628,1524,719,1260,1331,1330,353,1426,793,29,585
1593,198,325,1203,715,654,467,439,546,1017,1580,139,602,947,1488,728,800,1605,761,1618,622,1232,798,878
194,1117,341,541,829,1609,417,755,497,104,1369,658,1089,691,248,1416,874,1275,136,1341,1079,485,164,492
1176,1200,1246,731,1057,776,682,113,689,620,184,670,1019,1036,328,67,1519,1527,168,82,599,955,427,157
1245,346,488,315,442,792,893,614,1284,1581,1633,1022,280,495,1051,723,929,839,211,760,373,407,38,187
873,988,383,295,1555,1282,230,624,1307,142,974,963,323,749,388,553,1536,567,223,1521,584,1501,1271,766
794,1171,254,1140,171,1505,1021,1016,866,1415,371,1533,1392,175,1299,848,1061,1209,203,573,1357,91,216,637
188,660,100,840,199,1092,1557,1562,1139,1242,1332,431,1215,834,769,1124,1303,659,327,987,1349,827,265,1292
490,1024,916,1468,576,976,292,1329,763,166,1261,1251,33,1224,1227,783,1407,5,483,137,623,1414,1293,1287
821,1119,446,210,814,1009,1460,1112,447,415,1565,1515,1086,1132,1408,1002,812,724,200,1545,1405,1448,569,1388
63,177,795,10,496,1159,68,405,1438,592,801,1087,570,870,575,1355,1312,1374,1530,1095,1060,1451,339,606
713,953,879,133,869,820,662,109,437,143,861,1511,1256,1219,1546,1544,1625,972,145,1371,1301,425,39,852
75,183,1192,13,989,1629,977,1049,1032,1606,1503,1194,519,395,857,1486,498,997,883,162,846,6,86,253
754,578,1328,996,255,661,360,605,1620,559,1319,46,667,1626,1636,752,598,441,1044,684,400,843,1080,307
1522,1152,1631,1113,466,1104,1370,1436,565,392,645,125,702,1085,601,675,1628,980,912,1478,1221,804,1385,131
530,258,1123,995,378,304,610,1172,55,1143,1000,1635,1088,746,340,1294,1144,83,1572,809,697,1496,226,1326
1111,1015,1347,718,1093,1382,543,633,1243,1170,1280,1098,1125,1611,484,1578,336,1258,871,876,1461,940,885,410
707,807,796,1006,1048,1199,1070,348,999,1158,84,732,714,1173,737,908,66,872,249,994,1373,384,696,1592
1333,343,159,1356,386,1148,1420,745,708,627,734,1035,235,790,1456,1197,1422,1535,372,1262,1493,12,1096,635
1608,1047,1472,1526,1065,1147,499,1587,847,1368,1384,591,1037,937,833,1345,390,35,24,561,127,900,1202,283
94,895,590,169,982,666,240,1351,172,1411,1343,1327,932,1149,618,53,316,1031,313,1440,1071,1295,600,1315
567,972,358,1024,610,388,874,1140,372,1238,839,258,1144,760,1104,1194,175,139,553,100,1088,1209,790,800
1532,1351,109,598,1358,846,1294,38,738,1027,584,466,429,989,1427,821,1199,1319,1343,441,1636,403,622,937
1345,184,749,541,1368,801,599,476,1407,497,1271,732,953,316,827,1295,1299,1125,1526,627,761,895,1493,1580
177,384,699,639,1155,299,248,1625,1089,1079,731,820,1149,427,1373,766,1341,392,1501,353,654,980,61,1631
1224,86,798,1519,578,1075,397,982,368,1202,446,1329,776,793,1326,795,852,1200,283,408,833,1572,660,876
580,1385,360,724,1260,885,955,1009,812,1242,734,235,1411,315,1261,697,164,994,82,675,210,1303,659,1275
1256,1011,718,1060,88,1355,1621,1357,785,987,1436,378,157,1536,782,1022,1461,1124,849,947,1611,932,719,623
488,1032,253,1524,336,1071,1085,940,442,769,1468,10,579,637,1606,437,848,1171,1388,1221,484,530,485,308
814,194,1044,605,1119,1333,1478,1369,1087,1229,1280,543,1629,1192,1246,1555,1545,1451,339,726,171,1405,565,1176
861,84,883,407,1203,1370,133,304,75,1049,1258,494,1112,509,1423,83,1330,131,628,737,1035,405,633,1416
136,1472,172,1522,559,996,498,1282,143,255,1096,1317,1123,764,1503,496,561,1006,142,585,1505,508,66,706
39,1301,873,645,1535,745,1420,591,1562,900,1092,431,125,702,1512,53,348,614,935,661,327,1328,1172,127
999,546,602,520,1626,682,1456,1628,1327,499,1065,995,104,570,1061,834,108,1132,1592,6,1158,573,1108,211
1015,1347,1013,1036,1356,292,576,410,435,1312,280,24,1000,1159,1384,490,807,1076,1515,606,1565,1448,1245,35
714,94,976,755,1232,415,1533,624,1307,1403,847,692,1016,325,1066,230,977,620,763,12,67,792,658,1608
519,1349,893,1170,1139,1578,1422,55,1460,1622,1019,974,501,1031,1400,328,840,188,1037,267,1581,1017,265,879
666,796,341,313,340,878,569,1488,929,512,752,1093,1173,1408,1147,1605,1426,592,872,1530,1520,216,1095,715
959,240,1415,1184,1219,33,1521,63,794,662,1262,1215,1508,670,590,916,604,713,1047,707,843,417,1587,13
1546,871,1272,137,1609,1070,888,858,1620,343,908,254,1414,447,723,46,641,386,166,1374,1292,395,1057,963
68,857,922,183,278,223,200,401,870,1143,667,1486,1544,1633,91,1332,1438,708,1557,635,601,689,691,1243
1395,771,162,390,696,483,261,1183,1287,492,1392,809,495,400,804,323,307,413,1021,113,338,960,1382,346
467,1511,1635,988,249,1227,1113,5,778,618,159,1117,829,997,1331,373,1048,912,64,1293,383,1618,728,919
371,1098,1284,901,179,439,642,746,168,684,783,134,1002,29,1197,203,199,425,754,169,593,1440,1080,733
1593,187,1111,683,1315,145,869,198,1152,1086,226,1496,575,1250,389,295,1371,1251,1148,1051,600,119,866,1527
1405,576,1251,1533,530,798,1108,346,764,569,226,395,1472,405,1203,88,1388,183,1006,1282,108,131,1408,1238
662,1047,389,1423,308,223,1229,541,1245,1158,198,940,33,508,606,1357,1395,133,203,1587,857,1373,1295,666
793,1113,974,501,1061,829,1349,1111,1312,1013,610,1351,1125,807,1315,584,1246,1262,623,1385,1088,164,447,39
24,1332,1486,299,1087,1070,871,790,707,1501,1036,1369,325,371,567,561,327,1562,10,746,1215,1287,495,719
157,761,1096,230,1147,642,1032,403,977,401,304,1202,848,1044,900,1301,392,1104,408,339,86,604,731,601
340,847,1271,715,1260,1224,919,397,1636,1019,476,1416,1173,315,955,706,1155,820,1143,659,267,738,1440,592
654,846,559,498,1572,1625,1080,1060,1089,599,490,852,733,1243,139,624,358,143,84,1621,1148,1048,1347,280
175,1317,778,1329,879,1000,292,1527,1382,1519,520,407,635,67,104,1065,1199,483,1152,253,1592,1565,1400,737
834,1170,1011,901,512,1526,776,932,1294,683,1009,1605,591,1299,1057,348,1633,12,336,485,1620,46,1606,1112
1488,338,935,849,492,1330,843,752,1520,278,745,714,800,600,248,639,1098,1468,265,1414,1303,386,142,1256
1333,283,1227,82,1293,1093,425,565,1079,1345,1140,410,1511,1194,1426,1219,1631,1356,1319,466,684,328,384,1017
200,1200,1183,1232,177,999,870,858,437,1027,697,75,316,794,210,388,641,814,1144,724,1066,194,125,796
580,885,55,1149,1535,1411,353,417,68,947,1092,100,5,1086,1184,691,1358,728,953,1420,1326,590,809,1557
633,1618,1546,696,708,255,134,670,1176,162,439,959,61,1460,755,53,997,159,1272,35,295,6,1427,1171
627,373,1284,1370,1448,1555,994,261,64,1493,1095,682,1119,792,1307,413,1117,1331,1343,821,660,216,1341,1124
199,874,94,801,1368,1328,341,883,113,109,699,1021,1016,732,497,13,667,187,980,1496,833,795,872,1022
1037,771,782,937,368,211,1626,1275,861,645,1261,1015,171,1505,1049,661,1250,119,614,827,995,637,702,1522
1593,972,1628,1071,976,760,895,618,38,812,579,866,593,546,383,783,1403,307,1451,1532,441,1280,602,179
323,1580,929,1503,360,1392,1524,66,499,343,169,137,91,888,873,620,166,1221,1578,431,1530,1521,893,188
1242,519,1371,718,1544,1545,628,29,963,570,922,713,1355,916,127,1622,1536,313,249,1197,496,235,839,1024
446,543,1031,168,754,429,145,1629,1292,1436,1209,605,1384,726,585,1456,1415,1461,578,996,1132,1051,415,692
378,509,435,1139,912,785,1192,1123,254,1035,1374,1438,1512,840,1515,876,1258,488,172,689,988,484,1635,1422
908,982,622,989,734,869,63,427,1076,675,763,1609,240,804,400,1508,390,960,769,1611,442,1172,1327,1075
553,372,184,1407,573,749,136,1159,494,987,658,1608,598,723,1581,258,1478,878,83,467,1085,766,575,1002
1261,397,46,1256,737,1229,790,579,977,776,870,1086,299,861,723,1581,1031,995,1260,1242,1057,484,760,1047
1330,980,1108,1013,885,783,1215,578,67,1635,508,327,125,682,308,94,793,929,624,63,1416,1436,761,1618
1124,39,919,1301,1080,1293,240,29,801,1422,179,883,1384,900,1370,407,1329,1006,203,1620,1608,100,1243,752
143,1371,1331,187,1287,495,1066,159,642,733,908,343,1536,1626,976,633,635,401,987,1197,1282,590,88,395
384,413,1493,1113,1374,1000,1545,553,1629,1076,796,852,1200,1524,328,177,157,235,439,1245,1021,91,628,304
1183,509,610,1636,843,446,1319,389,848,280,127,959,718,1368,874,392,857,814,10,1140,336,997,972,368
940,809,947,383,724,353,1508,1606,988,878,1092,1343,1535,1111,55,1403,715,1486,1152,706,400,1132,348,1488
253,295,386,1117,593,699,675,604,1246,1496,1526,846,1505,829,922,278,171,1224,1426,620,1312,1592,68,1405
258,1173,83,1456,935,530,580,622,1392,1148,405,659,390,1087,1326,834,1275,194,519,1035,1385,1172,497,172
134,1303,707,1341,670,1530,339,1061,689,585,325,346,512,498,1051,61,82,974,731,755,1438,714,691,734
1104,1327,888,584,6,1221,719,1158,1593,12,415,932,692,1299,866,1555,142,137,1382,378,198,782,565,410
501,600,183,1049,166,1017,1238,261,1351,408,1095,1112,869,601,1085,1621,728,726,795,75,1176,879,641,1557
1070,1562,570,1388,873,1468,66,702,1037,1423,1171,1622,1032,431,1611,1209,133,666,697,13,1347,1272,1460,1139
1357,145,1427,1036,1098,1089,1503,35,372,485,1019,1125,230,960,292,1414,696,1605,1027,1317,1633,1515,654,602
592,876,437,763,184,1015,467,912,425,109,794,901,1271,996,226,1440,543,1048,447,307,746,429,1580,223
645,821,999,778,323,840,1143,169,833,119,827,1060,84,466,1170,490,1022,1349,1119,812,708,1625,168,86
1024,1199,33,442,769,1071,1609,916,575,358,858,1147,338,1251,807,1587,255,496,847,1262,441,316,1149,1358
1009,136,1159,1295,754,1044,1565,982,1155,435,1088,254,1501,108,1280,1572,683,1328,427,639,591,1345,1202,623
175,785,188,483,1144,1511,871,211,488,371,1415,216,1461,340,1096,637,1373,24,766,658,1395,5,373,210
476,546,360,1332,1522,895,113,53,667,1420,738,989,1527,388,249,732,1016,1333,1292,662,1520,1002,1227,313
164,1472,1631,139,792,499,599,1578,1369,618,1250,1628,893,614,1065,1356,559,248,661,1232,576,1011,1284,955
627,162,567,839,1093,798,1407,1408,764,1075,684,267,283,1219,820,1123,1533,417,315,1544,606,804,561,660
199,937,520,1294,541,849,994,872,963,745,1203,1315,38,1546,1532,598,800,1194,1307,749,341,605,1448,1411
1478,1079,131,1451,1184,403,1355,1400,1521,200,1192,771,1519,104,573,64,494,1258,265,713,953,1512,569,492
1620,512,400,1307,1555,1172,495,675,849,258,932,792,203,1448,1060,937,662,878,353,820,800,1503,1533,1155
1508,1125,1526,1176,1275,177,785,708,1405,497,963,1496,39,368,1143,1117,602,734,1132,315,995,696,91,578
198,1111,1633,1209,1511,1293,960,164,959,1609,1098,1524,1592,682,235,1093,1139,600,1035,407,974,565,211,593
255,1024,509,1096,35,1303,1184,794,372,778,635,1113,790,1388,989,874,570,659,895,912,108,627,1009,726
876,483,1036,761,766,1119,559,384,541,175,846,1032,1341,1057,1070,499,1562,1618,530,46,724,1426,999,94
200,919,553,783,498,136,316,1456,1415,1021,328,169,1000,1521,1493,1251,1192,1002,795,75,661,88,82,53
573,713,628,295,1395,390,580,885,157,689,1229,1016,1331,900,1581,624,1301,1587,988,1047,996,723,442,104
401,916,1355,1292,746,769,637,1501,467,683,5,1557,561,113,953,642,1626,1066,755,1013,833,776,1031,543
994,1392,1505,437,1593,718,1621,1472,254,325,798,304,654,610,1224,1015,1608,133,340,1403,847,1572,171,84
520,771,1299,848,809,1086,1544,488,1194,1357,1414,987,1423,1272,1238,292,1022,599,1049,1011,1183,1256,1411,1280
358,485,1333,1037,33,429,618,754,1356,1461,1104,1319,67,976,1284,1219,1092,1545,697,579,1328,1438,1420,1436
1580,972,796,184,1349,327,446,64,360,1382,719,1170,834,935,494,188,1326,1071,501,1427,585,199,622,1159
1343,591,119,179,870,760,980,879,1384,29,590,417,248,1635,666,492,435,1124,1202,261,341,645,1468,1628
187,1027,1512,137,1515,737,840,1535,373,1048,1261,1440,763,1144,598,1520,1606,793,408,405,415,371,1478,1112
395,1330,584,1158,866,812,576,12,265,484,604,1611,1519,1400,336,10,109,267,168,249,1152,827,194,1407
1329,68,601,807,1076,1079,145,63,1522,1089,1625,1578,829,1258,1374,307,922,1287,508,872,901,278,1197,843
857,403,752,888,1294,1019,61,131,223,1262,1408,732,427,749,388,667,1373,1147,764,1371,496,1327,821,1345
134,1351,569,940,162,127,143,567,413,392,1536,386,389,1488,1140,1006,166,733,1149,1629,1250,858,997,1051
692,929,1171,592,1532,1565,699,801,1108,1065,1422,425,216,343,1451,210,745,1199,1173,313,1282,490,1295,1416
383,1227,397,323,86,439,466,38,546,447,339,1245,280,605,24,476,639,100,1203,1148,338,139,1246,1087
66,1332,1044,142,852,1530,839,614,575,1385,1636,1061,1075,620,410,1215,1315,1095,641,159,871,1088,1080,1527
1370,1347,1546,728,908,1271,731,782,977,893,308,230,240,738,714,1368,1200,947,13,1358,670,633,1260,955
691,431,702,1317,83,378,869,623,982,125,684,715,1243,1232,519,658,346,706,226,348,883,183,861,1605
1221,1312,1242,441,606,804,172,1123,814,707,283,660,1486,1622,873,1085,55,1369,253,299,6,1017,1631,1460
104,754,714,183,1036,119,1524,1048,755,29,490,499,645,872,292,1515,1075,1319,1287,441,485,776,763,6
900,1000,1522,989,1628,1520,497,1626,567,1294,38,724,994,413,164,187,1159,883,738,1143,1572,719,702,280
159,437,997,929,1232,1093,390,315,771,199,496,1011,1172,1293,1312,1035,834,133,1496,1330,635,162,795,100
1374,1546,1124,866,1527,125,1019,1392,697,1299,718,713,1282,1006,1200,812,569,1416,249,1609,852,46,1144,769
353,1176,585,328,987,1066,579,662,108,576,1065,1119,134,675,916,1420,1301,953,278,339,1368,1051,1405,378
295,145,682,66,995,940,1258,494,960,488,670,1505,61,798,211,253,1117,1581,546,575,1307,1015,809,792
1533,606,1284,68,1087,1620,343,1158,1592,1332,639,137,785,661,1384,1486,1215,593,778,1488,1403,573,429,33
304,820,509,1049,1407,658,804,1408,389,388,1170,1024,1371,348,667,171,248,908,974,977,360,561,395,1140
1224,175,407,64,13,492,1031,166,1327,1501,1197,876,1070,341,901,955,559,1532,618,1622,1017,476,446,1250
1358,728,1395,605,1555,346,1460,519,371,1060,871,932,1155,131,323,258,1013,194,340,1326,5,1184,782,793
1605,1345,614,415,1461,912,1317,35,1355,972,659,1203,94,604,307,83,373,1411,893,325,1423,1089,1373,1183
1132,1508,235,1328,584,316,1593,666,1295,937,24,1436,1331,200,1385,963,520,683,660,336,1608,590,726,1333
442,1261,733,885,1123,172,384,1080,857,427,1438,188,495,745,216,1199,1478,1112,136,1016,113,628,814,1629
1280,760,1246,599,543,858,1382,1315,1152,198,1251,731,708,723,467,498,873,1079,764,623,12,483,425,692
1194,839,1292,1057,633,91,922,654,1512,177,1414,1631,732,1388,501,1472,982,610,1329,169,338,833,1349,1448
999,1587,401,870,691,1370,706,600,327,642,143,1108,737,1611,368,783,622,508,878,570,1580,879,1061,1229
827,230,1022,417,1341,874,1536,1562,627,1618,1426,766,139,761,592,1221,1493,996,392,1192,829,794,800,1636
168,848,1242,1219,1027,1209,240,265,980,82,530,308,223,1544,1260,734,821,1357,1125,63,267,179,1149,790
1256,1451,1503,299,439,1521,210,1095,383,1565,400,1422,1021,1092,1557,1032,601,749,1530,1351,447,431,1104,1511
746,1044,684,254,10,53,1085,959,1245,1098,1009,847,405,484,1635,553,255,1356,1111,843,541,1456,512,1139
637,1271,403,861,1088,386,840,1202,565,410,935,127,1347,624,578,849,689,1578,888,641,699,1147,1272,1369
67,1238,752,1545,86,261,75,84,466,895,796,801,1468,1173,203,807,580,1047,1526,1037,1148,919,696,1171
358,602,1071,591,55,976,1606,1227,313,1243,1440,988,226,1415,1076,283,88,715,869,157,1633,397,1275,109
1096,947,598,184,1625,1621,707,1303,1519,142,1427,1262,1002,39,1113,1343,408,435,846,1535,1086,372,1400,620
492,1184,766,873,1486,1618,336,1096,447,1229,624,6,261,628,763,1049,782,858,1294,1246,1036,645,1112,1080
1426,1332,1144,86,658,1415,1370,912,133,812,999,1609,578,1113,137,569,497,561,1171,210,1224,1192,667,719
947,1019,254,1140,1633,1605,684,718,660,1496,833,994,580,360,1319,592,1159,1565,38,1317,1006,1149,1621,1349
307,162,1414,1460,413,733,1519,1301,1086,1345,325,829,1299,618,1451,1202,1355,226,866,1593,343,368,1024,466
1199,692,1197,371,1209,339,235,400,1060,1125,1351,166,1076,605,249,953,1119,1493,1089,879,900,341,75,131
1176,1061,88,1407,989,1468,1461,761,627,168,848,1256,384,584,1562,1456,1002,308,559,1057,696,1555,169,265
1631,1250,1326,1422,1295,553,1307,304,64,407,29,1581,108,94,963,724,622,576,338,1104,348,792,1329,1512
240,1203,1368,211,940,1501,847,590,662,417,1488,1521,987,814,1572,731,752,24,874,441,610,496,199,1416
1148,839,292,876,33,1009,91,1524,104,932,1392,1622,708,184,795,200,278,654,1035,1405,1262,1420,157,353
68,893,614,429,635,960,670,567,392,1411,570,1095,997,1021,35,373,1048,203,1532,1016,109,67,372,1347
519,388,1327,857,541,1440,1385,821,1330,1098,861,1341,1374,1629,1251,198,483,1258,809,520,134,1243,1530,1070
769,1227,1275,66,872,1155,878,1312,796,738,834,1527,1282,849,598,749,1535,1031,1013,223,713,1436,46,1536
1071,1526,1284,1027,1625,691,575,888,1215,431,5,1546,1260,714,1143,530,666,340,188,798,408,1221,689,143
1000,869,1520,177,1438,484,1373,794,1636,1620,1328,682,988,737,179,1356,1022,171,1173,732,637,378,573,1172
1635,565,410,499,726,84,1503,490,1011,327,602,1578,1611,267,908,316,1015,1371,13,1124,827,1533,405,929
1388,683,295,439,1400,383,746,1238,723,467,1108,871,1395,783,846,1331,922,283,1287,323,801,1088,1448,699
427,639,313,937,1158,885,159,1152,172,1580,1065,641,164,175,760,425,299,119,1384,702,1200,1087,591,852
401,546,1403,1544,820,403,771,807,512,1261,745,754,661,1232,1093,1111,1508,315,728,1315,1044,707,1303,715
63,706,501,776,145,248,1047,793,415,230,883,642,976,1343,125,1037,476,840,543,604,1626,253,1628,258
1557,623,579,1358,1017,995,1066,870,1408,82,1271,734,1219,843,389,136,697,346,1608,10,601,100,1423,785
982,328,996,498,1085,83,1522,139,800,187,216,959,1357,255,113,1075,1092,659,980,1292,442,194,508,755
600,675,585,494,1032,495,1592,1515,1139,435,280,764,1123,1132,919,488,1587,55,183,437,1272,39,12,1606
1280,593,955,977,142,358,1242,901,127,804,1170,1333,395,485,972,53,1511,397,1505,1293,790,778,620,1117
1147,633,446,1079,390,1194,61,895,1245,509,916,1051,1382,1183,1478,1545,386,606,599,1369,935,1427,974,1472
327,795,1581,1411,804,1294,488,610,1515,1420,109,91,46,499,498,1544,308,223,955,1047,869,508,383,1009
888,316,660,873,731,960,696,1496,702,1227,1488,400,1426,999,75,604,1626,346,600,1403,336,1096,996,752
1355,104,1307,1124,573,876,1618,627,1282,1368,295,1631,576,1562,843,1319,1261,1533,782,1011,1085,1427,641,670
315,995,476,900,737,392,1132,1000,1119,1333,801,1075,1251,1243,569,497,1415,1006,1071,299,718,1173,1503,713
1232,976,84,908,1374,198,307,733,885,1229,1505,1527,848,61,1016,814,1019,1349,1158,807,1088,1501,63,485
1155,1148,1104,183,492,1027,313,988,1203,39,1219,113,579,667,561,1295,659,1246,1408,724,1144,935,570,1315
764,1098,605,1326,401,994,959,1184,1448,553,1493,1436,100,261,119,847,1117,325,38,1329,932,1149,1384,1592
1049,483,1371,895,834,1388,1013,169,833,1092,328,1152,1284,390,1086,1423,1357,1079,1215,916,509,137,1522,618
1301,578,620,1345,1373,878,12,179,734,1287,1303,410,199,512,883,1199,64,682,1572,940,184,1629,24,590
1200,622,987,1343,408,793,919,839,187,769,666,1123,431,1611,639,1530,429,1468,1112,162,1330,1202,157,1524
989,728,840,442,35,133,1625,719,937,1555,794,168,283,879,893,614,738,809,55,953,1609,339,1451,1044
1593,726,1108,6,10,963,131,83,1422,304,874,1194,746,812,388,1024,929,1472,1051,628,5,1017,1405,1292
1089,341,1635,861,417,901,1369,1460,1170,849,1511,348,778,82,1176,635,997,177,1557,386,68,1192,715,1392
1113,624,134,145,1351,645,866,858,226,796,1262,29,519,164,792,1080,543,447,637,1331,1022,697,384,1382
602,1031,1535,591,378,248,829,1332,1317,255,358,520,732,437,210,982,1521,1036,689,53,1356,395,699,1622
368,593,1532,490,530,466,1621,749,413,1139,785,1546,425,88,654,200,1456,599,977,754,501,159,1172,1171
1395,633,661,372,1280,254,1111,249,427,441,1087,980,338,1587,745,1159,1002,439,1057,267,172,1095,240,343
495,683,360,86,1060,585,584,1636,139,755,1327,623,484,13,559,373,1076,1015,1245,280,494,1260,1580,407
706,565,763,1032,216,1272,1275,766,1385,714,353,1358,1147,761,1048,922,1438,1536,496,258,598,776,675,1416
707,1620,592,397,467,783,972,175,127,253,1070,821,1238,1508,1486,541,601,435,67,1037,1400,1478,546,1519
1341,33,235,1256,846,1221,1328,708,1258,1061,94,340,125,974,1628,606,1224,1605,1526,278,1183,760,371,1578
446,800,194,1197,188,870,1066,692,1312,1299,1440,1250,1512,580,771,292,1633,405,1461,415,166,1271,1143,211
790,1414,265,403,912,1293,1370,857,142,1407,1209,1125,230,567,658,691,203,1608,852,171,684,723,642,143
872,1093,871,108,827,1242,1347,1065,1520,1140,1035,662,1606,820,136,947,323,389,1565,1021,798,575,1545,66
1123,1517,138,215,881,163,1117,364,1321,754,1274,861,1235,1500,1547,1185,1148,1389,763,384,213,1370,1513,277
1132,1113,159,947,1411,576,278,1028,35,412,350,285,214,733,724,258,500,814,706,1400,627,477,1159,342
564,11,830,588,635,699,1401,1155,389,1357,1311,1299,604,646,1109,1181,1086,1519,798,433,361,967,127,1144
1460,337,623,1315,1104,1252,562,1079,43,982,1225,694,387,780,1083,1258,340,322,185,1289,607,1297,924,189
637,846,1216,395,88,1295,1285,752,155,848,168,1345,353,1172,136,867,1293,855,1012,876,184,606,608,458
1455,121,1261,234,1356,281,887,18,552,1047,1334,700,636,628,622,1329,1584,1342,1151,99,1309,240,696,1042
1619,601,1085,1496,8,596,1467,829,1606,1347,1015,52,1407,84,908,175,498,602,1630,1195,24,1251,963,1118
715,194,1052,813,1520,1323,1512,1176,943,832,1275,442,769,483,574,46,1186,845,95,1082,251,520,38,1236
1605,323,154,297,821,119,681,1611,467,1362,893,639,836,1246,1451,1350,304,1112,111,1102,1078,1475,1367,398
722,1044,873,666,1555,315,1199,872,124,1335,859,1214,487,1307,493,255,984,3,325,1371,937,685,774,1269
434,906,256,1223,934,1352,1010,81,374,510,1237,866,1074,1183,1587,1579,750,702,1282,39,1271,697,555,443
254,972,1408,1209,911,418,440,494,1197,171,1536,392,598,400,603,1122,1404,1021,585,371,989,1393,526,600
1349,1242,554,941,1304,1273,326,687,1593,1016,1374,820,782,1544,348,942,1243,578,514,781,1283,160,480,1024
1508,452,1588,1515,204,1612,645,790,1013,179,324,1163,803,1343,1535,621,191,399,237,1567,390,346,1578,1061
799,546,1110,1558,1276,181,1005,837,1359,810,1059,133,725,1501,1557,305,808,1385,1383,624,1594,1461,864,1080
130,843,93,338,91,1382,759,308,223,153,1256,173,758,1000,888,1394,839,1018,959,1629,299,718,658,1608
1340,640,1521,1636,1609,1363,1143,1509,1563,135,1510,417,1440,216,56,1507,626,747,1482,1419,1511,1084,233,239
1545,1361,632,1405,1458,641,116,1234,689,1095,507,13,1088,1503,490,327,745,1048,1065,484,370,1622,1127,1403
1351,335,776,1313,638,661,1484,609,425,313,572,921,909,1142,57,1324,5,190,772,1442,570,1270,1093,1106
1581,267,1483,1631,620,1091,573,1046,1566,1087,1162,593,1469,1396,344,1372,597,970,675,680,1585,949,1267,1627
916,79,655,667,1035,1614,188,1524,870,1049,1418,1230,68,509,740,1244,1204,137,200,1415,21,557,141,1413
249,211,771,10,753,950,22,1597,321,1006,386,1426,662,397,247,1248,1090,164,541,388,1229,1017,935,1158
654,71,453,478,1437,1336,900,579,1101,139,1319,1301,1002,83,86,1202,404,1263,833,592,174,547,1302,556
67,403,120,1153,1076,714,569,1019,1368,1527,789,1189,567,642,1327,1344,109,210,202,311,1399,847,1341,1633
