1087,39,929,328,760,323,839,348,373,1331,427,1545,230,667,708,497,1626,974,624,1147,307,1171,1357,1609
1608,1294,1312,1111,618,814,1143,346,869,795,485,901,1508,308,1460,1355,1544,579,598,1144,520,749,1192,761
1060,1079,793,737,1215,1149,1605,764,1123,733,360,1611,1036,100,645,199,559,1148,1140,1565,999,1173,601,1085
1356,91,1292,1633,1209,408,142,390,1400,728,1635,1415,935,125,1037,1522,1158,1628,261,1351,1519,488,336,410
38,24,405,1006,143,1049,1440,1048,1382,1092,1557,1578,996,553,425,467,397,1284,1245,1503,1395,13,876,800
55,605,1587,338,576,912,1303,858,159,1019,987,1414,1436,223,960,707,104,994,131,771,573,846,1501,715
637,1017,606,1326,226,1420,258,1155,1438,1009,1349,1347,1407,724,439,696,10,1333,157,857,501,1096,1183,1203
1242,953,1472,175,570,1368,883,585,670,995,240,1075,820,1124,1238,849,200,706,1343,1535,316,1076,782,620
446,972,1250,136,675,519,932,1405,1080,437,494,417,278,600,809,1327,1332,1184,982,873,684,1232,1411,133
1451,498,633,561,254,235,847,1403,870,67,1152,1486,1117,1108,476,1392,168,1546,1159,801,187,1066,1329,654
1468,697,1533,283,1027,659,745,413,1526,812,169,1625,509,508,1524,1293,1287,82,666,575,1015,827,1013,662
732,1388,796,1461,1536,1282,1631,1385,776,358,1520,604,1044,804,1172,955,496,1370,171,1622,343,466,1369,53
442,265,94,1555,879,1295,1496,339,642,852,12,495,916,1422,692,166,137,766,5,249,484,248,198,1426
1317,1047,1051,940,763,1532,1035,1200,1229,977,1408,738,267,1219,641,280,1448,798,872,599,1272,86,292,1592
1527,699,1374,1512,29,179,1139,1022,833,429,592,900,885,88,746,1016,754,623,1119,1202,1061,1315,976,313
1521,1070,569,874,871,584,75,1341,1530,401,216,108,1112,1280,1011,878,988,1358,372,1493,683,35,1572,1021
1478,840,1636,403,1262,84,888,1132,395,726,304,1488,255,1002,1427,546,127,1093,83,947,963,895,1275,1227
1221,384,639,1224,593,834,1345,353,790,1065,567,1089,691,203,1423,64,541,785,164,719,1246,1328,769,388
866,713,752,1416,184,755,989,1456,177,1606,1301,922,1618,590,723,441,959,1251,383,341,1307,1562,937,1170
628,1032,1371,194,33,702,1330,1581,253,1629,63,492,731,734,627,848,109,689,1621,1095,490,119,162,371
1299,431,908,919,188,580,1260,315,340,378,1086,861,591,392,1511,134,1243,1194,447,714,1057,682,113,1176
6,172,211,386,389,68,183,778,295,1197,530,145,1098,1319,1071,602,66,843,658,1258,565,1000,483,139
1373,407,1505,415,807,997,792,829,660,499,718,1593,578,1104,893,783,1031,622,1113,635,400,299,1125,980
1199,1620,610,1024,1271,325,1261,327,368,46,1580,61,512,794,614,210,1515,661,1384,1088,435,821,1256,543
316,401,870,901,378,425,919,1275,336,764,654,442,230,1098,91,754,483,769,1436,1079,883,1089,497,1044
1192,389,388,771,198,1307,1093,776,476,573,1080,1319,1087,253,734,994,579,763,800,249,620,1530,812,1358
119,308,223,346,1620,1117,1021,371,1440,5,794,1301,1031,999,490,315,1522,618,1108,959,407,188,792,1508
790,645,708,995,137,580,696,1605,977,179,1312,567,953,861,1555,1260,1544,125,200,1002,400,1345,987,1261
604,1331,1085,1341,807,1521,299,248,675,628,601,724,6,1299,1227,598,413,10,304,1511,255,1096,447,164
169,159,1347,935,83,1326,1202,752,1199,932,1070,684,820,600,785,1086,719,61,760,494,1519,1400,133,1416
1287,683,814,801,109,1503,715,313,520,417,570,408,593,569,1295,1478,658,1535,1606,1629,796,1000,1159,1357
778,392,829,546,1017,893,1049,1280,1351,1155,55,267,849,846,916,437,960,885,543,871,1088,1611,427,1203
804,1147,397,1385,1423,869,857,1609,1051,1415,614,258,1024,1572,1456,858,610,1194,134,226,100,353,1373,1006
1422,373,1183,1633,339,340,988,682,661,1113,908,1317,1242,1238,1048,1140,745,386,1384,265,139,1625,575,1451
210,929,368,728,755,1327,88,840,702,833,1461,1036,1032,922,1578,1149,1635,113,199,1626,746,343,839,1488
989,1197,1438,1143,501,203,358,390,235,1405,429,1219,578,1493,1533,492,1329,39,295,1395,1486,1562,184,254
75,1047,834,467,216,395,1111,499,1524,145,488,1173,1065,1282,142,84,1369,372,1232,172,1158,697,439,726
431,624,749,1245,171,1246,795,86,1256,1011,1343,104,1303,707,1229,982,783,878,937,1271,1557,1368,1505,46
793,847,809,1224,495,446,1448,307,606,637,38,1061,1315,639,1294,1013,1293,1009,873,1621,530,733,485,972
1520,519,108,940,1112,1095,641,466,131,738,240,175,1628,403,798,900,1075,1636,718,1209,177,874,1581,1515
1526,1139,1016,1123,1262,127,599,341,1215,997,1330,12,1200,1593,713,211,1355,29,592,1144,659,508,888,635
623,602,1171,183,1546,827,1076,1258,666,1019,1414,761,1618,66,872,843,1427,912,1184,1057,584,1468,699,852
143,166,82,1221,484,1426,561,662,1027,1545,323,360,706,642,1512,496,622,553,670,559,1501,876,1132,136
1251,1092,723,1580,1332,194,1371,327,1333,1035,689,509,348,576,848,1472,1349,328,996,1592,732,1382,1148,1071
33,633,714,691,1022,1124,1420,1037,1284,68,947,895,261,162,13,338,1152,283,1060,512,63,1292,1172,1392
1170,667,1374,405,974,1536,415,1125,976,383,737,585,410,565,1272,1631,187,1104,1328,1176,879,1460,1066,67
1250,94,384,24,1015,64,168,1119,821,731,782,157,955,766,627,435,325,1411,1407,1496,1608,590,1243,280
292,980,1622,1532,866,1356,605,1565,591,1388,35,441,660,278,1408,53,541,1370,498,1587,963,1403,692,1527
593,415,1403,996,752,198,645,254,485,1496,327,383,1293,343,579,223,1013,1356,660,1427,408,1343,1622,1565
639,1152,840,642,641,137,166,691,627,861,230,235,580,1260,133,659,501,974,427,378,249,210,1555,737
1071,760,1080,800,605,1057,1515,814,1580,413,1503,131,1533,261,1493,769,358,733,1581,439,715,316,1095,1416
1526,1326,425,1292,55,512,901,955,1347,84,783,67,53,1079,476,1108,1048,1147,392,283,1159,1327,745,883
139,1545,1370,1520,267,496,199,1060,226,304,1087,1422,878,1132,490,1329,1486,622,1000,820,1287,827,1572,159
1628,1544,1184,1512,988,1307,1192,1194,1355,187,1635,959,1209,848,839,553,1243,963,1522,488,384,169,127,852
407,373,1295,874,100,1202,599,1546,543,1148,400,353,6,870,401,994,726,702,1332,541,216,999,755,606
75,1044,483,1227,614,1606,1066,1423,1200,692,1280,628,494,395,847,1488,792,495,565,728,1341,12,183,731
1373,46,1104,410,109,561,1626,683,1232,1629,1411,749,796,499,707,723,699,339,442,935,104,292,371,857
576,719,240,1199,812,604,559,1301,1221,1125,1061,61,1019,885,1251,145,66,1224,790,1609,1358,1086,1620,675
1400,776,1527,1587,1139,253,29,466,417,38,801,798,388,113,1405,509,91,323,24,203,1022,871,35,1093
696,1035,1385,1478,1408,1051,658,1015,1636,134,315,829,1171,1016,1345,1144,598,929,1047,1472,1374,405,1319,1112
1524,794,833,255,1031,520,265,1618,873,1557,846,157,1294,295,484,1369,732,610,666,1415,308,977,997,900
1229,125,1219,570,940,1414,258,782,834,1021,1006,33,313,1333,508,866,390,346,1065,987,437,168,569,893
1242,1238,795,1245,662,976,1075,1271,1272,1460,1631,1451,184,1535,1368,1303,498,895,718,211,397,982,94,601
278,654,637,1246,584,368,88,519,1578,119,325,1017,1312,82,446,1092,908,83,248,435,1282,1155,591,1143
386,164,447,1351,1593,989,142,172,1011,1562,530,1076,64,807,1172,793,336,947,1357,1215,809,972,1426,13
738,1049,620,328,1085,1111,1519,162,194,1158,492,635,1536,706,1140,567,1197,1113,821,1256,1317,1633,623,1299
888,63,1009,108,578,1176,766,932,429,1505,1436,1349,143,980,86,467,1002,1501,843,338,1275,497,1024,937
441,585,136,1284,1149,1530,431,754,1096,1608,1508,1088,912,403,778,1625,200,177,667,1330,1173,600,360,869
5,575,592,1605,960,1382,1407,689,1027,68,602,922,761,708,1328,188,1438,714,995,919,624,1611,876,682
299,1124,307,804,1183,389,1440,916,1532,1621,179,348,39,1468,546,633,684,1395,1261,1461,1203,175,618,872
1250,746,341,858,771,1089,1384,849,1117,1331,280,1448,724,1511,1170,1262,340,573,1258,1315,1420,1456,1119,713
1037,1521,1098,10,372,1123,785,670,661,879,1392,734,764,1032,1036,1070,1592,590,763,953,1371,1388,171,697
1581,1415,1456,1113,912,1327,1066,1256,82,498,1229,1351,692,1622,1202,187,901,798,660,495,792,1411,977,782
401,1593,283,675,1092,1368,754,804,388,1620,295,1315,1374,429,267,715,623,982,1511,1242,68,400,1625,1098
1307,1488,1635,437,1319,1519,670,618,895,989,1426,866,633,1232,447,995,1260,467,136,919,814,689,567,35
821,108,131,372,888,1194,1112,776,1355,1051,1203,6,353,230,179,1284,10,628,1524,53,435,1200,697,801
1295,340,1512,1580,876,1438,145,1544,749,1019,315,265,849,565,1384,796,177,874,785,1171,590,1032,624,133
847,253,713,63,1440,1493,64,737,304,795,175,235,1503,1071,378,1522,446,1392,718,139,575,1422,666,659
1436,1221,1578,390,1095,598,745,1608,410,732,972,1184,1555,1592,137,1022,1501,1626,162,1057,561,696,483,1532
1546,1158,1170,1096,1139,166,316,846,1065,726,38,384,172,731,1369,1006,1219,254,1621,499,1149,341,1633,1147
1287,760,1629,869,343,1280,39,13,1070,783,1460,325,200,1358,1533,24,509,1238,1148,1407,1086,573,622,746
1329,719,1527,501,1076,706,752,1636,922,1227,142,1021,405,1341,955,1505,104,84,852,12,1326,827,1199,1328
55,203,771,662,833,226,1183,427,1611,383,1587,1108,820,1388,1002,1496,699,1282,734,408,761,1562,635,963
893,794,755,490,1357,1400,485,999,188,307,1565,1000,614,908,386,292,883,1250,1403,553,119,169,576,368
1061,1036,1478,348,1104,585,1508,5,1047,327,328,1111,1545,976,1520,1420,100,708,512,29,61,211,1405,1628
1143,1395,604,519,627,637,1631,157,584,872,1451,1140,1159,1124,642,497,932,829,639,339,579,109,1197,1349
1093,1251,1536,1423,691,559,591,1080,210,439,476,392,1408,413,1027,707,346,1275,1521,1172,580,1009,812,1526
1224,683,1292,1332,1345,1132,790,389,541,417,809,947,733,543,1303,1373,183,578,1031,1448,1035,843,1013,299
1605,840,601,645,769,168,1343,91,929,763,75,1011,937,1515,492,1472,871,1088,1272,1486,395,488,397,997
766,1044,1144,216,778,873,466,885,67,33,1572,248,1356,86,724,570,530,994,240,738,360,848,861,1176
667,1557,1317,807,1048,431,1530,953,1293,682,940,1535,879,1461,834,1262,1371,1075,793,935,1155,800,988,338
255,723,415,520,858,261,113,1125,1152,198,1271,1299,46,900,1294,546,1246,143,980,592,1609,728,620,1370
323,987,599,280,1119,1079,1243,1468,1215,407,1117,1016,194,373,764,1192,134,960,88,484,593,1089,159,602
1123,1060,661,1258,313,127,442,1209,199,249,1087,358,1385,1085,658,425,1330,508,1037,441,171,870,1261,1347
1173,125,94,610,702,714,1427,1618,878,66,1414,1049,857,336,839,959,654,278,1382,258,308,223,605,1333
641,1024,184,1416,569,1015,403,1301,83,684,996,916,974,1331,600,164,1312,1245,1606,1017,606,371,494,496
999,1555,1461,1628,1544,371,1098,299,997,1125,1526,1192,878,1275,187,1076,1496,794,575,1422,1079,159,627,977
164,1197,731,782,261,1243,752,1319,637,691,325,801,1119,1448,1411,1171,569,200,1031,100,113,1326,1202,606
447,1057,1232,1104,692,1545,769,1522,807,1385,666,169,33,1292,745,737,715,1242,1032,546,407,509,1355,1282
142,1024,963,689,12,492,641,760,490,497,188,64,989,1508,1436,1415,1371,400,706,1219,1472,1047,1016,401
427,199,620,368,1625,1524,210,714,1503,809,675,814,726,733,658,829,1246,590,1224,249,996,1294,1626,346
1111,1356,1460,66,82,1143,6,383,340,871,849,708,1557,584,316,5,866,1315,94,1080,1037,360,157,982
633,827,682,1245,405,1009,520,1000,1427,1022,1331,922,441,1405,1280,235,1123,766,248,1086,1622,397,719,280
1317,639,431,1260,145,119,893,68,35,976,1327,413,879,840,683,38,1108,861,591,919,425,1027,136,592
1184,1512,1438,162,955,610,1343,888,932,1530,439,295,624,1486,1633,389,1345,258,642,857,1199,929,1527,1349
203,872,1515,1238,373,1533,1511,315,724,1013,1333,1546,1341,622,561,1113,134,1373,353,1088,1021,313,198,895
585,869,1478,1562,567,1183,384,211,84,240,1209,1400,1215,570,1006,1149,372,172,900,1251,576,732,446,1117
410,718,614,995,876,1536,812,874,1330,1284,1070,635,307,1036,1087,1112,598,593,1423,785,602,483,1227,565
1618,852,508,348,166,308,175,435,800,168,696,1605,1592,1501,1635,88,578,793,143,133,530,1312,1221,1144
833,1382,960,834,1329,223,728,645,1147,746,46,848,628,226,846,702,684,1451,1194,1258,1374,661,599,1049
91,67,415,771,255,1608,935,278,1295,1581,1414,959,1565,1132,55,1203,1369,1071,1572,13,109,1631,1535,494
988,1307,1358,429,343,1609,1200,496,1587,499,839,1093,1505,783,24,253,1299,1328,488,858,476,1271,1580,467
512,820,660,1395,104,292,1440,559,734,1493,408,339,1170,1620,623,442,1520,912,108,662,1173,485,1061,1124
755,654,754,1139,1351,798,1287,216,341,1256,125,61,763,1370,283,417,1262,127,953,1155,53,1593,1035,378
972,659,778,580,177,1408,519,386,1426,1629,916,501,974,388,1532,749,1403,392,1407,323,1357,498,1060,1075
1002,1011,327,1048,1261,1636,908,667,39,1384,804,395,171,604,937,1015,1456,699,792,1368,1148,390,847,1488
183,980,541,761,75,1065,543,336,1250,553,994,328,1140,265,1468,795,1578,1044,1172,573,1096,1621,1159,723
764,304,1303,707,139,1416,1152,1017,1019,10,1347,495,437,790,605,821,618,883,1332,1293,901,796,1521,1158
776,579,358,1092,403,947,1388,131,987,670,1176,338,1301,179,484,1051,697,83,1611,267,1229,738,466,873
713,230,254,184,1420,1519,1085,1089,1392,843,29,940,870,137,63,885,1095,86,1272,600,1066,601,194,1606
33,417,1087,413,972,1621,383,1021,168,641,1622,800,598,292,1031,1287,1521,1508,442,1006,1176,1358,249,29
313,1292,974,1343,1631,1215,761,766,893,570,839,1460,708,888,995,1609,622,1155,900,579,1468,1152,46,358
1280,857,384,1501,1019,569,1209,389,895,878,142,1493,164,1461,1478,1194,601,591,1535,203,499,1392,1355,1593
1000,624,1080,1037,912,1512,166,353,885,1192,1633,512,1295,1104,1373,1414,861,483,940,1451,1620,1242,872,592
1243,987,1395,546,618,901,682,1332,323,1327,1260,1511,1329,1027,1426,999,230,492,235,982,692,1416,785,628
1088,467,1319,10,804,1035,199,496,1527,1307,792,1284,1592,654,5,1626,689,776,1555,1400,1423,1374,327,793
1144,258,796,226,1526,1317,604,6,714,567,484,820,1341,136,1060,1173,960,1002,1199,731,476,1326,590,696
401,1448,1140,338,278,866,947,794,254,996,75,307,1258,849,593,1422,959,1384,1232,1246,109,1385,908,397
530,724,1371,963,1170,378,980,1408,67,1092,84,1333,497,1436,1022,1625,543,1522,809,812,827,1524,1382,1262
1256,1011,620,341,1272,1224,541,879,1221,997,988,1438,392,1345,635,316,1562,771,495,1061,494,1024,1496,184
713,1503,400,1227,340,248,255,573,994,1357,675,718,1075,137,435,1076,1572,1251,183,1605,1117,172,108,187
715,1275,1328,1202,697,833,485,955,1079,1044,1488,1545,1229,91,852,1415,847,733,1587,1149,745,35,719,1618
790,645,113,61,977,989,1629,179,1139,88,415,1565,1312,599,1330,1546,1098,68,1635,395,498,1578,1420,1112
388,1606,1299,1347,133,194,1119,614,1533,1628,1200,935,1183,561,778,726,145,295,1049,1486,373,1369,1036,439
346,633,1636,94,605,139,670,12,1544,13,1066,870,446,261,1238,667,386,734,1427,1051,1070,760,200,1456
38,683,1009,752,131,240,1388,1093,584,336,447,746,834,360,509,916,127,1184,1532,466,764,1472,53,1315
1124,283,1032,253,83,368,737,299,210,1143,1132,576,1158,100,699,1440,119,754,169,1108,198,1197,390,280
840,488,39,267,1370,159,1405,304,874,177,1123,403,578,666,1113,932,1407,315,871,662,606,846,658,1015
976,728,559,437,691,24,610,707,659,410,223,1159,308,407,565,1294,706,405,953,1519,348,869,82,1057
1065,1293,1536,661,1250,134,188,325,1017,580,1303,162,873,1368,1411,1071,1351,339,1261,1147,1608,372,1557,1219
171,1047,1016,63,1095,723,1301,795,1403,848,1245,929,431,1530,1505,86,216,553,66,807,519,642,520,1349
602,876,883,64,1013,1611,922,104,798,919,441,755,937,575,801,429,782,1203,55,1148,425,829,858,732
684,783,427,501,1096,343,1089,1171,763,490,660,175,143,1520,639,211,585,1515,1331,1356,508,408,1282,702
1581,623,1048,1580,157,1125,1111,1086,749,1172,328,843,814,821,125,627,265,1085,637,1271,738,371,600,769
606,407,1036,104,194,801,1557,569,61,1527,168,1199,1209,661,628,1092,1633,1301,403,947,1611,466,1057,1000
86,323,446,888,846,1488,843,1027,131,994,714,1282,435,373,1520,113,602,172,752,683,1159,267,1546,723
1261,512,495,766,488,879,726,1245,1152,667,553,641,1095,497,1555,1089,794,447,139,1544,790,1622,997,858
541,1125,6,1395,1422,1333,639,1098,1382,893,1357,1625,848,353,1224,1532,972,1104,83,1143,1327,1511,580,623
188,248,413,745,1374,341,708,764,415,543,659,183,308,254,216,1200,1592,565,1176,198,1508,1408,249,977
346,1631,590,987,1139,635,857,1096,1017,12,682,327,494,200,1415,1047,429,33,807,1155,1545,1015,1530,1440
1173,157,713,520,733,599,624,1035,1385,125,995,1486,1593,405,1219,519,39,1087,343,642,1384,1505,496,24
1392,145,336,1148,974,654,378,530,299,278,1250,360,235,258,498,793,666,283,1578,392,1536,1132,1606,84
761,746,605,771,439,840,953,1512,1149,718,1144,598,1246,501,622,833,755,137,1468,1032,776,592,1341,604
1229,870,1066,485,691,1626,38,734,600,618,980,1197,645,1184,749,782,1426,1061,1284,417,1242,143,1260,389
871,1621,707,546,829,1037,702,715,427,1183,1013,1238,1461,1051,633,675,292,1303,179,1108,1332,1356,425,610
1608,211,1368,133,199,1403,1522,912,1275,64,895,1049,1329,280,1448,1572,1194,658,368,1331,307,1172,922,177
1636,1349,999,483,340,10,876,908,1085,670,567,1565,313,1086,1147,1044,1119,800,1629,1022,431,579,401,1080
778,1271,809,1294,738,760,1221,53,1060,960,108,1123,1628,91,792,1319,812,134,1293,1343,484,601,75,1587
1113,171,1535,591,1519,849,490,1411,1295,575,265,1370,847,467,660,1024,397,1355,1420,1272,982,328,142,584
1373,127,1515,1472,593,1299,1371,827,869,164,159,1526,1405,210,1124,754,88,1388,68,338,66,872,821,699
13,1171,1071,1521,1478,509,1006,1292,1618,1287,940,963,627,559,162,573,1009,637,1243,769,442,620,1065,1048
230,203,386,689,1609,1031,1358,728,1562,1140,804,400,1227,561,1330,372,929,371,763,883,325,395,5,852
1460,1423,785,1635,662,358,1070,1369,1258,1315,1111,119,820,253,35,1192,82,585,175,1170,989,1533,796,383
100,576,1251,261,441,166,1501,724,1503,169,935,1203,1002,731,976,67,1328,839,109,1407,900,916,737,1436
719,1075,94,410,316,1112,1088,1312,1416,684,1093,184,885,697,1496,1079,1232,63,339,304,1076,240,706,1438
861,1580,732,1307,315,223,1347,492,1581,814,1016,1280,388,46,476,136,1215,783,1620,29,692,988,295,878
1317,1019,578,1605,696,866,1493,1345,1202,508,1414,384,1021,1011,873,919,1427,1451,1117,348,798,1456,1262,1326
408,937,570,955,901,1400,226,874,390,255,437,614,834,1256,1158,55,959,1351,187,795,1524,499,996,932
1287,1221,248,858,1530,1303,164,635,46,1420,1519,598,800,315,1505,1112,602,752,495,852,1628,1051,1293,807
425,738,1119,1299,660,1317,530,675,763,682,1192,1371,168,308,883,996,383,109,662,1515,410,137,876,179
235,408,339,1414,1355,702,1621,1243,719,230,776,893,1125,790,754,1139,940,1312,483,323,378,1555,66,1024
157,1315,353,24,590,1006,908,494,390,439,1572,1224,1493,1098,1536,715,624,1022,340,1200,1592,559,553,10
1092,199,1085,1411,873,143,764,304,1423,994,708,707,35,1451,684,1351,919,83,1606,737,1049,1262,338,498
1280,184,1089,1625,733,407,861,131,761,1562,755,723,801,871,299,1143,198,1095,1609,476,605,1124,569,974
821,796,760,599,249,1152,1633,1209,1512,1203,280,415,496,1436,1292,745,1108,977,1328,683,125,127,792,1636
1132,431,175,254,1246,1000,1086,783,1272,33,313,278,1294,847,1017,1149,1488,1048,872,336,576,446,1319,809
1215,1032,64,519,932,467,265,1416,1159,1407,1170,620,194,785,1275,1087,989,5,1527,292,667,501,579,1199
604,1171,373,1035,1593,1384,119,1427,1036,429,38,1503,295,696,1578,508,888,1060,75,405,1611,666,210,734
1111,1155,94,267,1284,1117,1183,211,1382,960,1070,771,1395,959,1565,1282,827,1440,348,1015,1009,601,885,63
100,1307,541,600,1368,706,1061,963,372,1148,466,1520,1533,833,999,520,417,488,1271,1333,1524,1356,13,61
793,492,1197,371,328,1369,29,1546,171,55,403,499,484,935,1123,1461,346,358,561,1140,654,610,870,401
84,997,1408,12,732,1031,341,570,857,1608,692,1172,1343,1535,995,307,1066,368,728,1076,718,343,878,798
1496,1392,795,1144,697,1219,1618,1341,606,1422,575,1358,1238,912,804,724,441,987,1037,1016,1021,397,1326,584
843,1631,1329,1486,691,427,1019,1173,1332,1522,1460,670,1184,1438,389,1400,699,1088,253,327,166,622,901,834
639,1544,1622,637,1626,386,200,1345,1071,395,1635,509,1002,916,82,360,1526,53,900,169,139,642,1415,1468
1245,1405,1261,1581,812,108,1065,713,1511,485,1096,86,325,980,1521,1580,497,1373,1605,866,1251,1478,1508,585
447,953,1330,1260,580,216,1104,567,1075,6,565,661,1080,1013,1557,113,1079,1347,392,1242,769,988,814,1158
1047,1629,1057,1176,88,840,136,1385,134,223,1194,177,614,159,848,1349,879,142,1093,91,1250,929,1232,592
846,922,641,437,689,67,258,766,1370,1113,593,145,726,203,1426,976,1044,947,543,839,782,659,591,490
413,400,895,261,1403,658,1256,255,162,937,388,1027,384,172,1501,1202,1011,820,512,1147,628,578,1331,749
183,1227,1545,1229,1620,618,955,794,874,226,778,104,869,187,1587,1301,1532,972,442,645,1357,849,1295,746
1327,1456,1374,1388,68,316,283,39,133,240,714,1472,627,573,633,982,435,1258,829,546,188,731,1448,623
798,415,1192,1111,67,1631,1155,166,606,846,66,908,168,39,175,1159,869,1633,1527,509,508,972,1140,145
1388,13,601,100,485,639,852,1532,764,827,405,1065,940,885,624,401,732,466,84,1061,570,929,812,959
829,83,1426,1557,400,1085,1087,108,35,689,63,955,1493,804,947,602,1147,692,1044,343,585,1258,1374,1382
1021,1618,769,283,901,1505,543,1089,307,200,371,999,719,484,1209,579,1625,766,397,53,641,683,1520,1478
497,1172,922,447,1451,1232,1605,820,328,559,576,368,164,706,278,610,1219,989,960,61,1251,188,546,1149
1535,591,33,752,900,280,839,1621,142,1544,226,1460,82,1057,937,1456,919,876,745,1400,1293,265,782,1123
684,184,1546,848,783,1526,1315,627,1578,1345,1227,441,308,512,1511,733,1250,1501,1581,1060,223,1092,873,682
29,1408,292,614,1422,755,1292,1158,1356,580,520,137,995,1260,654,1332,131,1317,1170,104,1246,840,261,994
1572,593,738,1530,64,407,38,1486,240,248,857,253,1104,1199,872,1015,847,1488,858,1152,417,1245,987,1032
1355,1002,1022,372,874,1326,388,373,1351,605,1125,403,353,389,1524,1200,618,177,1512,1436,1299,125,1373,642
1202,55,691,1173,88,660,427,1611,1371,785,699,1031,340,119,1533,1011,1280,778,435,94,1329,645,325,1593
809,24,1256,169,1024,1224,708,1545,1242,1148,1051,338,1565,1124,1132,1037,495,1341,1503,431,1066,771,1521,187
1519,1272,1086,974,1416,599,1284,912,183,519,1522,1580,1333,1171,496,1049,633,1427,728,723,1047,1016,980,313
776,437,1088,1349,386,113,395,1000,1629,1221,883,341,267,861,622,670,1331,1079,1013,299,378,476,697,1423
573,1075,997,1403,127,866,323,1019,1261,1347,1592,413,843,46,737,1119,895,235,541,658,1392,553,68,1415
109,628,849,1271,821,1609,1358,707,442,879,713,1071,216,210,870,662,935,604,467,425,1472,953,793,483
1385,392,1496,1108,1238,75,746,1620,763,675,600,1287,1113,794,1176,702,871,1027,1203,1369,1070,12,439,1243
718,1515,635,916,6,494,1006,199,159,383,1319,139,1461,1312,1414,1184,1017,162,569,749,988,792,10,348
1606,172,1562,1294,255,932,157,807,800,790,878,801,1468,1215,1407,714,1368,1587,1194,561,761,1536,578,384
888,304,1112,198,795,171,1628,963,590,410,408,501,1183,731,339,1282,5,565,1076,86,734,620,194,91
1080,754,696,1048,316,575,1295,637,1197,592,1036,136,499,1555,1635,760,1095,715,1438,1608,1096,1301,179,1307
1636,1098,327,814,249,1395,295,982,446,488,567,258,1343,358,623,1357,667,143,230,490,1117,346,133,796
1440,390,211,1229,1626,254,1384,666,1370,1262,530,1405,1143,1448,726,1009,1093,584,1328,336,834,498,833,977
976,429,360,1411,996,661,1622,1508,1144,724,893,1139,1327,492,1303,134,203,315,1035,1420,1275,598,659,1330
1271,1080,1329,1172,1368,353,384,959,760,1618,194,1117,1250,358,1524,707,1587,164,847,1403,495,1460,660,142
916,313,168,590,343,1580,1060,1341,1405,654,749,1215,746,888,1496,508,1544,6,708,388,415,1149,1002,1416
1384,858,278,1486,1628,325,1611,292,1016,883,476,1089,1526,1251,585,113,620,1158,922,1493,604,734,1272,1011
846,584,1411,728,249,1152,166,994,1508,1373,13,1358,255,1345,872,1051,403,408,327,199,169,1292,184,1108
639,857,1032,429,1295,569,1036,1031,610,593,771,509,1123,172,761,793,699,691,866,1355,1349,442,769,265
1356,91,1370,901,666,960,82,1024,1184,1113,66,519,570,492,627,1119,733,878,659,1303,575,1000,976,1319
378,1243,1258,1111,253,1631,55,697,833,1017,606,1079,1636,1357,304,1104,1098,974,299,798,162,1132,1620,1139
235,1328,1317,752,1176,348,446,1076,1511,1049,893,579,83,84,216,1061,230,1022,1035,88,1144,870,935,821
795,86,373,1478,1096,1143,1392,1232,1629,339,390,1422,109,485,614,35,628,553,567,980,801,929,1203,1275
1512,861,1407,1408,1436,839,1423,1009,689,987,1256,782,338,912,1621,395,1332,1095,61,280,188,410,919,33
683,1420,766,136,1112,1382,46,541,425,754,988,1246,119,995,177,1280,100,183,602,1260,171,1521,316,1545
39,496,38,371,645,869,580,1065,1209,520,1532,972,982,145,1343,1155,1087,1456,820,1519,1124,1438,738,466
467,501,1327,210,940,360,546,211,494,605,400,745,389,1315,796,1070,1331,849,437,641,240,1330,682,1581
900,1194,1284,714,1503,561,814,1385,1262,68,413,29,1021,732,1515,484,1333,336,804,1294,1086,1057,1369,1626
997,1301,1224,1085,827,1606,800,600,1468,175,1578,1440,346,499,372,1227,715,895,731,1312,885,1013,932,75
1221,498,1200,1371,834,1562,776,157,1533,840,635,159,989,323,1426,386,1159,483,1006,1530,226,873,341,785
1351,778,1472,283,133,143,1592,947,661,755,1546,1093,1388,1451,1219,441,794,573,999,792,633,812,696,829
1622,670,308,1027,706,439,876,127,1019,1505,955,427,1148,623,684,1192,295,807,1536,1171,134,63,203,53
724,1015,1170,1047,1633,1557,1092,431,24,702,405,790,137,737,963,328,447,497,1261,1071,1229,315,1044,1173
104,843,598,1608,658,1414,198,601,1183,874,223,576,848,1374,64,407,637,254,1347,1522,1147,908,565,1527
67,809,417,879,5,187,1307,1605,1555,340,1242,12,662,1048,852,1140,618,953,1238,1400,783,261,1326,592
94,726,543,1245,392,179,1287,139,108,559,488,1282,719,1088,599,1501,871,267,763,530,131,1293,125,1395
1609,397,713,642,368,401,1066,718,977,200,1625,1488,692,1202,937,578,667,723,383,1427,1593,1572,624,10
307,1461,1299,1565,1520,764,591,258,248,512,1199,1415,1125,435,1197,622,996,490,1535,1075,1635,1037,675,1448
1593,1088,848,1000,840,1227,715,386,1345,641,561,1355,1015,872,200,908,1520,494,1351,339,1508,476,661,46
1200,714,601,610,280,792,1369,88,328,1405,1427,1392,605,1093,307,283,413,662,75,1565,726,145,1089,1625
1486,248,1009,812,490,372,64,316,670,1176,484,1272,188,637,1328,1158,1299,1493,1317,1635,723,86,785,578
916,1358,1533,410,6,1079,1170,308,1013,143,1017,593,999,592,987,776,203,879,1420,707,1139,796,431,1530
39,869,804,1527,546,61,1626,1192,713,488,66,520,1618,194,1112,1019,389,5,697,807,278,338,833,553
691,606,857,1303,383,497,878,353,760,1395,405,1065,1199,1522,746,1173,1403,446,1149,893,1329,783,183,719
226,1496,1147,509,1021,210,974,809,442,1066,119,1384,1422,1096,1326,559,1620,441,543,1327,38,754,870,1301
358,737,1572,1194,1349,1448,1373,177,1238,732,1172,501,699,1098,401,1080,299,1124,84,485,922,304,795,1159
439,1260,1275,415,1557,1503,1631,267,1246,912,667,1027,1319,483,1622,53,1006,963,794,696,67,871,33,254
1215,1456,570,10,1087,1555,113,1440,1143,633,1544,258,764,745,492,782,249,798,994,1287,495,1606,1036,346
466,932,519,675,654,91,1371,1171,1385,255,343,604,602,1524,1608,1155,1343,1388,512,24,108,1347,929,708
1113,800,888,417,769,1152,627,1609,1032,1075,1011,1532,265,1356,1526,1605,1104,565,1071,198,83,1468,620,407
55,179,874,576,1280,1562,94,778,814,425,1307,628,1312,1332,846,162,292,315,569,1209,1633,1461,1374,793
623,1221,937,755,702,1478,499,1546,1184,184,166,639,427,1368,1488,127,1031,666,1501,1535,1144,1092,761,435
731,997,876,682,35,29,295,1057,1245,139,1511,1095,1587,1592,1117,955,689,216,1370,988,199,573,585,1203
599,368,749,1251,1108,397,847,1049,172,142,1536,392,734,541,223,1416,1611,635,340,325,341,1044,1258,820
187,1436,1294,1243,63,834,1545,584,1521,839,1282,1132,852,600,1037,1111,1315,327,1628,660,858,1636,1076,125
388,378,159,996,976,1382,960,1333,336,323,829,591,901,1400,843,235,706,1438,1219,1578,1580,437,752,1051
384,580,1261,1048,977,645,1472,1024,1123,771,131,175,683,624,447,137,1512,1002,567,622,1086,1411,1331,230
1125,790,1414,360,763,900,1202,1232,959,169,1183,873,1061,1085,1295,940,498,1621,104,253,390,403,109,240
1224,1271,895,1016,989,157,590,1229,1047,658,618,766,530,980,1408,947,136,738,164,885,972,82,467,1022
1060,801,861,1505,395,1581,1460,1515,866,1451,408,1629,1035,400,1341,1292,1250,935,429,728,261,373,1262,371
348,598,1242,642,684,1256,171,211,849,821,919,883,496,1330,12,692,1070,13,133,1140,100,614,724,982
1148,1415,1119,579,68,575,1519,1293,995,508,659,1284,1426,718,168,1407,827,1423,313,1357,134,733,1197,953
168,1092,425,618,292,1633,1173,10,401,1345,1076,484,1369,746,383,1299,1520,348,39,1049,866,1512,738,1071
1438,732,575,283,606,84,878,1368,1508,162,177,1303,620,987,530,1017,778,1388,498,576,771,792,989,12
795,546,216,1060,1170,623,378,164,734,1356,429,627,1144,1521,1578,1032,1472,804,592,602,1272,714,1618,499
125,1140,988,1037,1326,883,783,847,1358,280,171,327,1292,1031,1087,35,373,1373,1066,1605,840,1451,142,702
415,794,1620,1113,1415,1280,55,1370,1414,261,1202,1629,417,1626,1098,5,1125,599,113,1448,1246,749,683,1159
194,1075,1343,1155,1611,267,467,1061,559,812,699,1036,437,874,183,1317,1395,922,1002,1524,145,1192,1197,1592
604,731,821,858,852,1628,573,1044,172,1486,1019,1261,198,512,255,1420,226,1416,304,763,633,692,325,706
1258,1307,1555,33,1519,389,570,497,600,929,315,136,410,667,200,313,912,38,642,963,1333,1051,761,1027
403,223,308,408,82,622,339,341,520,159,1501,661,1215,901,188,1546,782,870,1557,1024,447,960,336,1112
210,682,1293,343,1536,392,397,848,1527,658,495,1460,796,1622,718,1251,1149,1295,46,338,893,708,169,240
1176,1095,1403,1488,593,1572,109,1194,400,579,801,1199,959,1562,371,1427,384,1580,1440,1143,108,1331,1496,1139
519,1545,1405,1535,258,974,476,496,1242,776,641,932,199,1282,1065,754,1148,61,807,1621,1243,295,766,494
441,790,1086,388,1319,645,585,1587,133,935,1606,614,254,1351,1080,127,1327,413,605,67,976,1219,119,565
66,6,1312,431,13,654,1232,1221,871,75,395,1301,328,1631,1000,1184,760,662,1341,1407,1408,755,104,764
490,1349,179,598,1635,578,972,1532,1544,83,1022,723,368,584,1456,1250,879,137,1468,390,346,435,94,872
1096,1533,980,1609,670,1124,1608,876,809,610,908,1035,752,1093,849,660,1503,1384,691,1132,947,1315,1011,1209
601,569,134,1357,131,1461,793,86,1238,1183,769,591,492,916,1089,1224,157,1200,666,900,1070,1478,1526,508
360,715,1260,405,501,857,1009,885,675,1347,1287,1172,187,143,995,235,1284,628,1436,358,888,1400,372,1048
1493,839,919,994,733,1374,1147,353,1016,637,1158,1108,843,1328,1152,1385,833,829,895,1085,1382,1530,1057,249
1111,713,1593,1271,1581,814,659,590,977,982,940,1411,1636,955,684,64,567,861,869,820,446,1171,340,1505
483,166,1229,1047,203,999,953,184,1262,1422,798,1371,635,580,442,724,937,800,541,1006,543,834,211,1511
726,509,265,299,407,624,100,1294,689,466,737,323,316,1227,1015,561,1565,827,1119,1423,785,139,1392,1275
745,1355,68,1123,91,1021,278,707,697,485,696,1117,175,1332,24,439,307,996,1329,230,1256,873,1330,1079
53,997,63,1088,1245,728,846,29,1522,553,248,719,386,1203,253,1625,1515,88,1104,488,1013,639,427,1426
1456,530,415,496,935,139,1061,447,1605,1368,405,1238,1258,1374,995,1587,1331,1636,827,1392,1194,495,179,327
715,1242,1113,485,235,1581,1096,1202,358,782,1451,1423,800,1272,987,53,731,125,171,248,1496,963,1319,1293
1098,553,1245,1080,870,755,543,955,761,1197,1414,104,1275,1545,200,901,211,1333,610,696,6,592,602,1593
12,1422,1631,642,439,776,100,849,494,119,1533,724,1144,29,1317,764,666,885,567,1388,1155,339,1329,866
922,1209,226,131,1557,871,1088,295,162,804,400,873,278,893,1044,746,628,1343,1287,328,660,353,1092,857
492,794,637,900,183,142,249,1024,622,940,718,1262,172,1048,719,267,1622,682,383,738,1369,164,133,143
1294,520,1117,809,35,982,1621,1075,410,606,1071,1578,579,75,1341,1076,1089,1370,1199,1147,1382,692,829,1461
988,371,484,1635,1384,662,1520,1224,199,1282,1400,1618,13,726,1440,1143,575,1123,605,706,145,760,292,384
1606,84,1524,38,872,68,1511,1227,1108,639,63,541,1284,113,343,1420,874,388,585,1345,846,976,916,1170
1633,1544,66,839,1256,10,313,431,771,1555,1327,570,509,168,108,812,843,614,1349,932,888,1427,91,46
814,1158,408,840,1246,1203,1006,1565,953,1486,283,1562,1501,403,240,1415,466,989,1011,1013,561,1221,1371,1620
39,166,137,1355,1087,360,255,401,908,1460,187,1328,861,1522,169,599,94,1356,1326,1572,847,1060,1592,852
442,1301,801,697,879,429,641,499,1219,937,1104,307,501,798,467,1047,974,1503,1358,446,1086,425,280,997
338,498,437,512,1611,848,600,407,188,1000,336,395,441,584,64,590,1521,1149,1125,745,1079,691,714,1532
785,591,1159,1037,508,654,684,134,1171,807,783,883,833,1347,1357,708,675,790,203,573,633,1271,1031,980
994,689,1095,304,1478,1066,483,1505,919,1303,707,427,1172,723,519,1132,1315,372,658,216,1021,876,1629,869
1016,1229,947,1536,1385,1609,194,341,373,576,1251,1261,378,1017,878,569,417,661,392,1140,1312,627,1215,1002
624,769,1019,1119,1519,960,972,315,397,766,198,1148,1173,728,1608,702,977,61,734,1625,699,683,1395,593
1373,601,390,348,1488,1580,86,659,33,670,1515,1085,109,1407,929,88,1408,177,254,1015,667,1049,210,1448
1057,733,1200,386,1035,24,763,82,1112,1093,559,340,623,1192,620,598,323,793,1250,175,1527,1299,157,1351
895,261,1626,1436,1526,127,1280,83,1530,604,1472,5,795,368,1426,389,325,1411,1405,1512,476,999,546,184
737,253,1032,1009,299,749,413,565,1232,1065,1070,713,435,159,67,1628,1111,1176,1292,820,1183,497,821,1036
778,258,792,618,1535,488,1051,754,732,136,1139,1027,265,912,645,1243,316,959,1184,55,996,1307,1403,834
230,1493,635,1416,1295,752,1468,858,346,578,1546,580,1260,796,1152,1330,490,1508,1332,1124,223,308,1438,1022
401,485,833,734,1565,1307,591,1139,495,987,497,490,82,702,327,1070,670,61,1532,1282,1159,466,254,912
1578,794,139,39,792,499,283,53,427,1203,1371,1172,484,1192,200,1132,1287,874,1260,1301,1312,869,888,858
1625,1089,255,183,304,1608,620,184,1461,325,1087,446,1284,1436,1293,1262,870,761,1015,1343,1155,137,1622,5
278,425,682,834,1544,397,203,1605,592,1351,719,253,113,91,1047,1104,1407,1341,315,553,1098,68,35,1629
1173,127,328,388,1112,866,353,33,261,994,216,778,746,848,1271,1520,654,684,857,997,187,1426,708,1373
88,642,745,783,963,637,435,982,713,769,512,1374,1243,100,1200,1592,793,258,1197,1171,696,776,989,1580
340,1511,919,1618,675,1238,953,1017,1086,937,916,1555,437,1557,384,1530,1357,358,598,999,559,1209,661,1256
873,1202,605,543,812,959,839,1124,1416,738,1392,771,843,699,1299,339,211,575,1422,1535,1009,415,624,143
378,1066,1221,198,1486,1385,1493,1468,265,766,226,585,1093,604,1085,307,733,175,785,1035,1631,1420,1358,1123
1065,1011,1403,407,188,395,1427,313,980,1521,1224,929,1332,417,1158,1505,1414,389,1148,179,292,210,814,38
541,1326,639,125,1111,1061,169,488,840,159,1242,1016,579,413,483,900,1037,1088,1000,392,1347,879,348,697
798,976,578,249,1328,872,223,509,666,940,1096,1478,400,885,492,561,136,75,1606,707,593,168,570,1092
1251,1355,960,1095,1024,658,177,145,1246,893,1438,431,935,796,119,494,1315,1415,820,660,974,731,764,134
410,1143,1621,922,801,1545,1405,623,821,1536,584,24,1144,194,408,67,895,520,724,1581,1408,1633,641,996
1317,142,1184,1496,849,1232,1620,972,84,360,689,1368,795,267,1125,1149,1194,519,737,1080,1451,248,645,476
1395,1258,600,662,13,104,1533,569,280,977,496,1472,878,368,94,1423,1006,199,10,861,580,1384,614,947
1562,171,162,157,66,1048,1356,1345,133,439,1587,988,1032,240,390,498,1079,1503,1295,1117,1370,371,295,338
846,606,1051,447,63,749,343,883,441,723,109,166,1369,1330,1176,1400,308,1075,1152,1635,1349,1448,726,1108
692,1546,530,1147,1319,800,55,1272,752,1636,1292,1022,763,1044,852,1411,1626,1250,706,1526,1071,807,576,1002
1331,467,908,1572,546,336,1199,932,599,1049,667,1027,732,847,1333,341,691,1527,573,383,1488,403,618,1170
508,64,299,627,1515,567,683,1382,6,754,1329,1294,790,1021,230,565,386,1060,1076,1524,12,995,1501,827
86,1057,635,1113,1522,1508,1140,804,1183,659,346,1215,1019,1628,829,373,372,1388,1460,1519,1440,405,501,1031
1275,164,46,1219,442,871,1609,1280,235,323,901,955,590,622,728,1229,715,1327,1227,760,610,1119,1261,1245
809,1013,633,628,29,1512,172,108,1593,1456,83,714,718,429,1036,1611,782,131,755,876,602,316,601,1303
1545,858,733,599,977,820,1544,754,1258,131,847,13,108,339,24,997,395,707,565,1015,1347,1243,184,561
1345,1557,1172,307,1017,633,1460,388,785,691,749,660,959,706,1076,573,417,696,83,466,166,592,401,752
764,1123,316,1202,400,1423,1112,1065,405,1284,261,383,235,1405,410,1373,929,1272,6,1261,1227,1251,1522,1031
702,1609,187,1593,995,1357,627,798,874,198,662,1104,371,1562,714,384,963,1618,827,1592,1356,1438,1512,1200
732,446,1080,1089,848,1070,955,1521,1400,413,1628,1066,1622,610,397,1215,654,987,343,1488,53,142,1496,776
1555,994,403,833,579,804,1098,1515,620,340,389,133,614,86,843,738,1408,1086,661,839,492,1108,494,1061
575,143,1341,1451,606,1199,1633,1317,800,1293,162,136,585,1606,576,708,1486,1565,976,602,801,390,1209,1629
119,1501,1176,919,223,1027,601,1117,1271,258,230,1414,508,67,372,834,336,1371,91,278,670,255,783,1085
323,1019,1388,861,530,1343,1242,883,642,1581,1147,512,203,935,280,1330,10,134,177,745,104,972,771,1113
348,869,1578,814,12,498,240,1139,737,1621,1572,1625,159,1079,1478,658,940,1355,1155,982,541,1532,64,699
790,66,872,1171,916,1280,900,137,84,1009,1426,1148,895,999,697,485,1631,109,520,183,407,778,88,1125
1636,1635,989,1232,429,248,1427,996,169,1170,172,188,1392,100,46,567,38,1626,618,519,1448,755,1282,29
1087,1013,353,726,1024,1245,1312,769,442,435,1415,226,360,1035,265,1416,812,386,1048,283,441,1301,1292,1044
1461,254,1374,1407,267,1546,499,439,1246,553,299,497,878,1173,1224,922,908,760,659,75,304,175,719,94
667,1203,1520,893,1092,684,593,392,1192,1385,1526,1605,1096,1333,622,210,809,1294,1071,1327,873,1422,1032,1143
33,1328,1197,1149,1287,437,846,559,793,415,807,689,724,1351,200,1456,570,1021,840,598,876,849,885,1219
713,1183,1436,1535,591,1221,718,1332,1329,1111,605,1519,857,1493,641,509,68,1315,1022,852,1006,61,628,378
1049,1530,795,546,488,937,1184,1140,715,483,1250,63,1358,1440,1511,1047,211,308,1403,125,1037,766,328,1536
1075,253,408,1051,145,171,1505,675,763,467,1238,496,590,425,338,746,1060,1503,1299,194,728,901,490,635
1124,666,794,1468,821,216,249,1159,953,1144,912,947,55,543,1307,495,168,980,1472,1420,1326,1002,341,723
82,888,325,1411,682,1275,1260,313,731,1620,327,35,866,988,373,5,1194,476,796,1382,645,1384,1319,960
1349,932,127,431,1608,139,295,1524,501,1303,315,1011,578,113,358,683,1370,39,761,1158,1016,1036,1369,1093
782,1262,584,1000,1088,871,1527,580,623,368,1229,1611,427,1580,1331,569,1508,1152,157,1295,484,1256,692,1368
179,600,199,829,1533,1132,292,164,974,734,604,879,792,637,1057,870,1119,624,1587,639,1095,447,1395,346
1501,1436,397,179,778,1152,620,732,198,994,833,960,1075,429,769,33,628,601,483,1620,1351,131,108,922
278,53,1049,908,1173,1299,199,495,1331,1002,893,1519,1017,792,255,1112,390,761,642,1119,530,1580,1246,731
492,839,283,1079,1293,386,304,343,84,1260,1521,614,253,1262,12,1625,210,1132,1555,764,442,618,1242,64
1461,1047,1098,29,1032,10,929,194,1172,658,932,1384,1113,997,785,100,1355,783,1036,159,91,879,654,1609
1456,1125,1511,1448,733,226,1373,1345,415,372,1006,570,512,1199,723,1159,1282,82,912,749,1535,1622,338,972
134,1440,633,1245,1565,963,127,1158,814,1256,476,1013,1301,1124,1149,346,496,162,119,145,1171,641,1546,501
849,1229,977,1037,976,728,1426,999,1024,1143,878,569,494,137,1329,1183,1108,508,871,1123,371,1621,401,1358
605,203,1287,1416,1343,258,874,661,807,861,316,499,280,575,1422,1395,1327,1357,109,86,1562,553,1493,1209
439,1232,937,1011,1544,68,794,413,1532,843,1315,400,600,1111,1408,1284,1369,67,325,604,395,235,1503,313
1578,1522,1526,1472,692,157,1349,1438,869,796,953,675,358,546,519,820,171,800,771,328,292,576,1341,216
1000,1261,1015,987,383,1170,1051,1382,168,734,782,670,1606,1197,308,1080,1356,1520,441,1618,798,166,183,766
24,1332,995,1605,405,1347,1065,1009,827,793,1271,485,639,1155,627,696,1608,490,1086,718,804,662,697,1070
1192,745,348,1076,584,1572,446,339,410,801,1515,707,1496,1460,46,388,974,645,403,427,1219,1486,689,1611
1147,1592,888,1508,1512,1060,435,1140,1317,1633,846,916,660,177,1087,1451,708,1405,699,63,187,724,659,1194
1048,585,389,959,1184,683,637,1628,1071,261,872,852,1057,719,1478,1631,760,1636,113,1238,1292,1411,1031,1104
919,1307,541,573,175,848,184,143,684,847,133,1626,606,1319,265,1085,1400,579,1524,437,1635,714,1203,829
497,1414,737,1096,1328,94,267,580,702,591,996,509,323,1092,895,1202,340,172,211,947,1330,466,982,1530
790,1557,593,75,1088,254,520,1488,873,980,1250,1303,1144,559,870,1066,940,935,249,1093,901,763,1227,1275
1312,1021,691,1581,35,1295,1593,1407,988,327,200,1415,567,136,1089,989,795,713,1022,624,755,1016,104,578
1533,360,1095,341,876,809,1243,417,883,368,1468,1215,667,635,447,1420,1061,858,1326,408,561,1176,139,38
425,223,598,248,484,1224,752,1370,384,726,746,590,125,1371,240,738,1035,857,610,498,776,812,61,565
1148,666,55,1027,392,142,866,543,467,1536,1333,353,230,188,1294,373,1388,1117,602,6,5,1272,164,1587
407,1423,1629,66,307,1527,706,885,1427,299,1280,1385,83,336,378,840,488,623,821,1019,88,834,682,592
1545,169,1221,1200,1368,295,599,900,13,39,431,1374,1392,715,622,1258,1251,315,1403,1505,955,1139,754,1044
166,63,635,866,1374,1369,1070,929,645,12,315,689,1606,591,143,133,812,719,1328,483,995,1343,737,1117
1545,708,358,466,734,878,1611,1422,801,1006,316,702,226,91,249,790,585,980,766,1148,833,604,29,1251
1408,1332,210,1147,1530,820,1037,253,1015,1159,570,667,484,389,1520,497,308,223,809,683,198,1486,1089,512
947,82,857,442,1385,1086,937,935,425,997,348,869,113,1243,388,127,760,623,1440,203,1031,1075,495,639
1087,1326,1388,1171,1293,88,1242,46,187,408,846,1358,1557,749,255,620,1271,1112,211,1032,732,1521,1192,1232
1384,567,1395,871,960,24,1460,1299,417,618,895,188,994,508,1284,642,879,1229,1436,38,912,108,1173,1420
1258,872,641,1021,1051,392,1536,405,1294,1622,1522,368,888,847,977,599,858,1371,1451,1022,746,10,1488,795
1295,1503,338,1319,437,1036,1349,1111,1256,989,754,1139,662,501,519,1044,1562,1176,932,834,401,1329,1351,1140
874,1416,131,1047,235,467,876,447,1555,1215,1633,1280,164,628,1219,1197,682,1017,1368,39,605,35,1472,177
339,343,1423,292,496,1194,745,1438,6,796,614,624,1355,265,814,1546,1199,109,304,1327,200,565,1093,908
1092,873,590,922,804,1002,488,159,1301,142,988,383,622,1461,134,916,1149,439,1565,53,490,996,731,919
1024,852,829,267,769,901,1535,684,384,1282,726,598,395,1578,592,1098,793,959,13,184,1200,435,1027,145
627,1448,755,1250,104,1382,427,576,278,654,785,194,691,761,175,1049,520,86,373,1303,1625,1515,976,718
666,494,1519,543,55,1493,75,697,1065,953,139,900,179,390,1019,1356,659,162,606,1592,1587,100,1080,972
336,1096,1631,1000,724,1095,1317,1533,360,61,1629,1262,1125,248,1124,1119,1347,64,1496,1057,593,848,1143,839
485,861,1246,1478,963,183,230,1184,1011,670,33,1315,403,658,553,1292,125,1170,476,378,1501,1580,778,764
1261,431,1414,1618,283,714,633,1341,1224,776,752,1158,1260,1287,1636,1152,1221,1609,1035,1061,1085,546,1468,323
940,1071,67,492,530,415,1405,569,137,1370,1108,575,1512,798,584,982,1411,1581,429,341,707,172,216,637
410,1172,573,602,782,1532,258,261,1203,413,307,1245,840,999,1144,1527,987,1104,84,1013,1357,1621,1407,807
1272,407,1113,498,1626,1331,849,723,794,955,169,893,661,783,827,1088,1307,327,1333,1016,1526,696,1524,325
68,541,372,600,119,371,1508,800,821,157,883,1238,1620,1009,1415,240,578,843,601,1132,1392,66,1426,1605
168,299,675,295,313,610,397,692,1345,1427,974,509,199,713,699,1608,1403,561,728,1060,1123,660,1202,738
353,1572,83,1505,715,580,499,5,1227,1048,1312,1066,1183,1635,763,1593,1079,1511,386,1400,771,1155,1275,340
885,400,559,870,94,328,446,792,1373,1544,441,733,706,136,579,254,171,1209,1628,1076,280,1456,346,1330
157,1422,1451,1294,488,339,255,707,567,1224,83,1148,389,1098,932,599,1519,162,198,635,1620,1049,265,1468
714,46,1368,1520,6,383,1057,801,64,1202,878,1385,776,5,483,1293,1152,766,1460,137,166,737,113,441
400,159,821,872,771,1572,134,734,919,1200,1183,1013,543,604,373,1511,929,109,304,1032,622,1605,602,254
405,1089,1395,814,763,1618,546,623,435,509,508,1176,675,1317,997,184,1111,1079,724,1086,1229,916,1407,1215
1631,601,1301,1427,1113,857,1388,1370,315,683,1530,1009,1112,858,692,1019,1545,977,1319,1280,591,702,1544,1104
888,226,13,994,972,283,338,1070,1557,639,995,1260,439,654,61,960,895,171,980,719,1636,1047,1448,778
358,307,336,1327,1515,637,1408,1400,378,1159,1076,1392,670,689,1351,485,833,1493,796,1065,1245,1438,733,592
1456,187,600,466,764,1501,230,200,1328,1405,328,1125,1358,1608,136,1382,935,1184,1238,1488,1384,593,325,67
1031,63,798,53,1075,1080,1119,1315,1061,183,849,691,1349,164,847,820,1144,258,1416,1295,800,1192,348,667
963,1132,427,1015,447,353,1203,131,628,876,1373,194,1440,793,1414,1272,501,1093,1173,127,760,346,39,1250
783,1343,1535,168,871,620,143,1403,1527,908,139,446,299,1016,1299,467,584,410,1088,1592,175,35,1108,752
1085,642,1629,869,292,901,1243,66,1292,33,1626,598,1071,1330,804,745,1512,313,1258,145,1002,794,866,1246
1411,1027,1357,172,253,1036,390,959,633,211,852,1587,883,661,1341,792,316,499,723,659,1303,1555,368,989
1261,519,812,713,590,1496,579,431,249,1521,1371,1011,1021,606,1562,873,1508,696,1345,1140,706,24,371,1022
843,240,1420,1251,341,561,520,1051,1087,1060,86,401,827,1197,169,203,785,360,235,494,388,199,1326,1048
738,1096,1172,1461,1423,1611,498,1503,569,1622,1478,658,1095,790,407,1117,267,974,541,746,1155,1232,834,641
754,682,496,874,1139,1536,497,1332,795,627,1625,1374,660,323,749,870,666,1037,1035,437,38,100,75,996
1524,530,415,512,809,261,553,1221,1635,807,490,1149,782,1621,761,1415,731,417,1143,662,840,395,372,425
1581,1546,1123,386,573,1066,1578,1580,492,278,708,1262,769,94,1199,1347,1171,900,248,1486,327,495,177,987
68,384,885,484,1194,1219,1227,618,1355,1006,1124,559,999,1356,839,982,223,308,133,718,1275,575,846,947
29,879,953,578,210,732,429,108,1505,216,937,403,280,1532,955,1436,912,645,392,408,1609,179,726,580
624,988,1209,188,476,576,1017,715,1628,755,1472,88,1369,1593,413,605,861,340,893,614,1287,91,104,922
1158,397,1426,12,848,343,1000,728,1242,1331,295,610,976,1307,10,1284,1526,55,1633,1565,1522,1329,699,1271
1312,1092,585,829,442,1044,1533,1333,1170,142,1282,125,119,1256,82,1606,570,84,1147,565,1024,684,940,697
635,637,955,255,1096,104,576,1037,801,1436,731,809,590,63,1117,157,624,12,620,304,755,543,878,885
1621,976,1327,1224,467,316,593,600,1176,67,203,1261,1347,1486,866,1015,1609,137,929,1022,1065,265,829,807
919,642,1272,702,88,1618,761,1202,1057,1036,754,840,1326,184,1460,1625,1295,1199,1511,253,1139,605,386,1060
1085,795,1355,1089,145,1374,953,1536,384,1581,1385,497,325,1407,980,1111,1035,1140,874,570,431,1349,348,869
766,1260,1606,1271,715,1227,667,1456,1403,136,498,1515,1148,1530,1123,343,1093,373,1611,639,66,179,783,987
1388,604,341,575,339,1158,707,1071,1119,1173,1303,553,327,1545,1284,1183,1369,1635,446,1330,328,1405,1371,1132
846,1382,565,1426,1017,1051,439,371,159,1209,512,1149,1219,782,230,922,1438,1232,1086,999,1292,1147,254,84
494,963,584,1503,723,383,13,1070,1373,883,812,249,599,1009,142,997,972,645,307,852,401,1197,143,210
258,1172,336,1532,726,776,1522,338,216,1422,849,1250,1243,871,578,492,437,684,1520,561,833,591,1565,1629
1095,235,38,996,937,872,1328,425,706,1098,1002,745,580,658,1019,1468,1215,732,1501,1092,1238,659,1521,839
1592,606,1312,131,1194,585,752,1636,598,1221,358,733,1246,1526,1358,697,108,1144,1519,1400,546,1251,654,1622
495,133,689,1527,1478,1079,1287,1108,579,109,796,83,1329,1496,1000,670,793,405,1351,1535,1368,1533,541,601
1282,496,441,188,683,708,139,1293,488,666,1332,988,1356,614,940,834,567,1013,804,1200,94,696,785,1628
267,1572,1633,960,912,724,1333,1027,10,1608,1411,989,1032,35,778,403,1415,737,417,125,1294,295,1546,1626
427,127,177,378,660,499,509,916,1044,798,397,1152,1104,485,346,1021,1580,1557,692,738,870,162,1066,6
843,1343,1155,713,718,821,1048,675,39,592,1620,734,172,602,1143,641,1408,368,622,947,390,1392,388,360
315,407,1170,53,1242,323,1011,61,1395,1262,64,995,1317,113,55,340,1047,1229,530,1440,1414,895,520,353
1125,1245,1080,410,1544,292,223,199,1472,372,389,1508,442,1301,1319,1113,5,1016,1171,1049,1448,280,977,1423
763,484,68,901,573,1024,299,519,169,1341,932,400,187,719,861,483,248,86,627,1505,395,75,1555,879
569,134,1357,857,501,29,691,1451,240,24,1159,699,1192,628,1275,278,1087,1631,974,908,1088,893,1006,1124
200,1562,1307,559,1587,771,168,392,900,211,848,1345,935,194,1075,1593,308,814,408,1256,1315,313,198,1299
790,661,858,82,1512,171,682,764,283,447,1524,633,714,1578,1076,1031,100,183,261,959,1184,847,490,1280
769,1061,1258,226,827,476,792,508,1488,749,46,618,119,800,466,623,728,413,91,1420,662,888,1370,1416
820,166,760,746,1384,794,1427,876,1493,1331,435,1461,164,429,415,982,1605,873,1203,994,1112,175,610,33
764,606,840,1357,1238,683,1006,771,660,188,485,578,929,746,386,935,708,235,776,1108,1530,328,947,304
1258,113,408,1508,1176,1079,974,1301,417,1581,134,1250,29,325,1294,570,994,614,1327,1626,172,713,1415,1395
1572,876,12,1088,1312,1092,953,1319,873,327,1423,871,988,792,425,1013,1111,494,210,442,1345,400,1303,83
1521,407,169,64,1512,731,1246,1140,1420,1332,267,798,61,654,136,1170,199,1358,628,738,1076,248,1117,501
1333,1019,661,833,912,1422,1184,584,749,46,1144,203,336,1609,499,1027,255,1520,1086,1505,490,737,1200,497
1562,38,809,602,383,763,1171,821,1448,1194,869,719,591,1149,852,39,403,598,1544,901,13,980,1635,1000
1535,339,601,843,1087,1011,1124,760,1104,1343,1022,159,1262,691,670,1374,283,427,1440,35,605,1016,1229,1388
960,1416,874,866,91,1620,847,745,972,483,1227,1578,752,1293,1565,1468,1461,1611,1093,1511,639,585,1621,999
439,804,919,313,142,5,849,565,1351,782,1089,1592,682,724,1625,932,1605,1369,1158,137,258,1060,1080,800
183,1456,338,885,940,405,794,1256,579,341,1125,839,989,766,372,1618,226,1159,415,662,492,384,88,230
1328,145,1384,1017,1405,68,143,254,1219,86,1331,292,308,977,1414,1587,689,316,496,1593,1123,573,718,785
861,580,569,543,1519,343,1371,63,84,1355,707,659,184,392,33,814,1192,1622,1427,368,55,1173,778,1221
795,1002,1629,1385,728,1183,553,67,600,1287,937,509,508,1143,177,498,976,576,1532,1451,1071,807,131,435
109,1021,916,530,119,171,895,1037,812,295,702,125,1070,1608,447,633,1636,139,323,278,1203,53,1545,265
1631,1460,1407,1172,1215,592,769,346,388,389,353,879,1488,358,484,846,1202,1438,1132,100,1048,1242,441,667
166,488,888,790,1524,1493,1580,1272,1400,675,437,397,623,164,1349,754,715,1299,848,467,168,658,373,1292
519,829,1496,559,162,590,179,1095,223,692,1261,1341,870,133,24,1232,546,1526,348,1373,1408,175,783,1295
997,1382,1209,1199,1546,1009,10,755,413,1119,1061,1515,857,858,1606,1251,922,466,307,1031,431,1245,1057,1370
575,395,955,1260,1426,1015,299,1051,684,446,495,726,1275,1147,1472,1047,401,1066,157,900,1155,216,1628,1075
793,1113,620,1282,734,635,127,1271,963,1243,410,6,280,371,1392,622,1152,1284,697,1024,642,1326,476,194
1139,1330,1224,1098,1329,249,1032,1315,959,1522,599,261,1478,893,187,696,624,872,66,1044,1347,1317,1557,732
1049,198,1536,200,378,1533,520,1633,1501,801,987,593,996,75,1486,878,94,723,340,1035,1085,108,1112,1197
253,1436,1356,1503,1065,512,883,714,1036,908,211,390,1368,645,604,706,733,618,315,1307,240,1148,541,796
820,1403,982,82,360,1527,699,1555,1280,834,827,567,104,637,610,641,666,1411,995,627,761,429,561,1096
728,846,1355,109,994,368,417,1512,1113,316,67,280,292,1294,1108,431,790,792,495,807,353,100,858,187
840,1104,139,198,800,982,812,131,1407,490,1246,1408,706,338,278,999,1111,1427,1606,1051,1609,755,1332,901
1519,1221,216,467,895,194,1250,1544,726,1282,628,509,1326,1416,383,801,172,1035,1243,600,1176,659,633,1557
888,641,769,883,1520,953,441,1125,1536,940,476,86,373,900,240,501,415,606,1622,1087,576,1049,1079,53
119,1171,1343,1144,1065,1200,1526,546,602,1535,1635,1369,620,499,1256,159,724,261,1009,1605,400,635,134,610
348,1331,1139,1085,437,127,723,1017,1060,5,10,299,343,63,987,782,731,839,919,230,1219,960,1468,737
847,1618,203,157,307,1089,1021,1329,143,1368,483,1508,1197,989,137,295,995,1260,1562,752,1488,413,670,1371
1496,833,708,935,358,519,223,1629,1565,1232,496,1522,13,1242,760,1530,1315,1070,512,745,179,323,1317,959
1356,592,980,83,623,1071,520,682,645,598,1403,24,1148,553,1493,1545,827,637,1620,1044,1147,1192,639,1119
683,580,108,446,912,1301,809,1117,136,1096,570,1426,1388,974,1061,372,1184,937,1511,175,442,255,658,1626
1075,1209,783,1374,1258,689,866,541,627,392,1384,29,166,1132,593,498,1420,1199,327,408,834,1170,265,1587
804,249,210,873,1036,849,435,6,1515,584,702,604,1521,211,104,55,1093,389,654,488,226,177,1123,763
1002,874,852,1524,339,1272,1019,585,169,1092,947,590,1224,814,1373,1382,1066,84,1580,963,1351,793,1312,1013
1194,258,1183,977,390,1158,1016,1370,308,1251,1319,1385,733,386,929,1422,1155,661,771,1456,738,371,1415,761
1057,660,1027,1349,1448,1048,142,1628,82,33,1022,732,1275,1400,328,184,1533,820,162,1124,796,61,667,848
1261,795,1357,1478,1460,283,66,1423,754,1333,1159,1095,447,1287,1636,776,235,843,749,1592,199,543,893,1172
1527,145,1345,561,1341,1436,764,1503,1295,872,164,405,1572,1395,346,955,1633,662,304,64,407,1347,1299,870
605,1546,325,35,734,715,869,38,778,579,254,1631,697,485,88,746,1173,1229,384,360,388,1262,696,439
766,601,75,1015,692,397,378,39,599,857,1227,91,46,997,1284,1098,879,340,565,1625,1011,1414,1405,1006
429,591,675,876,573,313,530,821,567,1238,410,798,618,1076,188,988,861,642,508,699,168,1032,714,666
1440,1593,1451,614,878,575,1245,1611,497,1000,1532,113,200,1140,871,1088,248,1143,1202,1358,315,1578,336,684
1086,707,341,425,1621,1438,484,972,1112,253,1292,1031,68,171,1303,1461,403,1555,1271,1327,829,916,494,401
885,133,1505,395,267,1411,466,691,719,1024,1149,794,976,1080,1293,578,427,1203,932,908,1581,1280,559,94
492,1037,1215,1307,125,1330,624,622,12,1608,1047,1328,1392,183,996,922,1501,718,713,1486,1152,785,569,1472
5,68,1351,339,1347,1374,932,1119,171,1044,1420,692,313,341,800,847,142,249,1618,761,91,839,1087,1493
723,1580,1071,602,667,10,1636,35,1505,1258,267,1472,857,561,1606,530,33,682,183,1019,495,1013,610,346
1371,746,143,731,194,133,1192,801,1229,1312,172,1085,1521,1066,1075,338,1070,807,635,1271,392,599,1049,299
606,210,368,940,869,997,1370,1057,585,1578,755,1368,1149,466,1035,1037,1520,792,846,1621,737,188,543,1319
793,1392,1303,83,200,754,1440,1124,372,1456,947,100,1194,1197,1382,1544,1215,1468,732,1545,343,1411,1295,633
795,883,1242,1385,1021,1096,874,358,1461,1125,1301,211,1635,24,84,1200,713,590,660,169,553,292,104,1592
766,223,1535,258,1272,1415,442,1173,1329,570,1080,307,733,1327,328,29,955,1293,879,501,405,467,760,1330
439,546,697,417,989,1478,1317,413,280,240,675,230,1315,1512,447,963,953,783,1403,821,885,878,1243,1373
499,1557,1232,199,999,1358,1104,179,389,659,1221,64,82,840,719,253,61,1095,1501,559,162,959,125,702
1113,1515,1460,852,1625,1622,670,785,113,888,1132,833,776,1089,876,53,929,1009,429,1508,580,1262,1250,519
1079,1331,360,1562,1002,386,437,1524,498,598,1093,1333,492,601,1536,569,843,388,1292,976,403,1572,371,738
1369,136,1203,427,639,187,408,605,871,425,1016,134,752,67,988,699,248,584,1388,689,1400,336,325,624
1011,378,1345,1209,809,1608,400,46,982,323,1328,661,995,38,494,600,435,804,1227,724,1048,1017,1488,1148
576,1147,255,798,86,373,1341,1111,1176,870,39,820,55,1086,1098,1633,1108,706,63,1422,490,166,734,1284
1158,614,1256,1245,75,1581,1251,1395,541,637,827,88,1224,900,666,996,1408,353,972,1532,164,829,812,139
1219,283,265,216,641,960,1343,623,987,1280,1593,1076,901,1349,764,1123,858,873,1611,1047,1436,1426,1587,916
796,1260,1184,684,1112,642,1626,1031,718,127,390,980,1629,184,383,1032,159,1000,937,497,1448,295,567,683
1202,175,395,591,1416,1159,1027,157,6,848,618,109,304,908,1356,1022,509,508,1140,834,658,620,726,1631
849,1238,575,1565,177,1526,708,1511,145,778,431,1051,327,749,696,410,565,308,977,446,769,622,496,1282
912,235,1527,1015,1065,707,866,168,12,994,628,315,340,1294,1246,316,1061,1139,1533,520,1405,131,1036,1088
1006,1546,790,1519,1503,512,198,1307,441,1438,488,1199,94,1384,1261,745,814,476,919,384,1357,1423,119,627
593,714,226,872,1287,1530,1355,401,604,782,922,715,483,974,1060,578,348,254,1143,592,66,1117,137,1024
861,1486,763,1183,771,485,1152,935,397,1496,1144,278,654,1609,728,1155,645,1605,893,1299,895,1326,1092,484
1451,1427,108,573,1555,1407,1620,407,1171,691,579,1332,1522,1275,794,662,1628,415,1170,13,1172,261,203,1414
749,1606,171,1176,254,1158,258,982,755,1251,175,1093,871,960,585,327,988,466,1170,64,1246,1349,658,724
834,1098,371,620,435,872,501,1411,1147,861,827,812,1149,1331,713,108,1521,66,858,1284,10,1152,610,628
1478,308,211,1104,395,100,764,46,137,496,1221,689,240,341,1015,199,295,1295,1403,847,570,565,1132,576
1047,745,1000,24,752,75,839,919,1565,1192,1488,88,12,1319,602,1075,1519,726,809,1197,733,623,1511,1242
1520,782,159,1472,1496,485,599,1280,1555,929,1385,876,645,734,1035,1368,1605,696,429,1209,684,1112,792,675
1013,697,798,801,5,508,639,427,476,635,1328,1332,83,33,1593,1057,1631,139,1111,509,996,1373,1031,1002
793,1416,1301,267,1271,133,143,1140,901,446,794,559,1312,1536,776,1405,1545,614,1299,1635,1382,1124,642,1044
723,622,425,1400,1468,846,339,790,778,109,338,169,340,1371,1422,248,598,714,283,1172,575,1272,541,1065
1407,1066,618,1117,738,1415,1636,800,870,91,157,1392,336,1155,997,604,1609,584,804,1119,384,821,683,1626
878,1096,637,746,900,857,1262,127,1256,1202,754,346,592,852,1184,1011,1200,316,61,959,1203,718,760,573
1076,1578,1049,442,1448,874,1420,947,953,606,179,1048,670,1515,912,378,601,372,820,55,1108,1355,261,397
1087,972,1608,1533,164,280,1544,490,1315,600,358,1451,1351,253,543,1621,63,495,1095,194,1080,6,763,119
1139,783,467,633,1343,1535,866,1037,1461,1125,732,1505,1408,1238,922,494,1427,1243,1423,1159,977,415,974,413
848,38,1370,1388,200,708,1611,879,999,1144,13,437,590,235,1051,166,1440,1261,888,1027,68,1009,1333,1369
1293,226,265,172,168,223,873,1620,955,1079,883,184,659,1587,383,1194,728,1524,323,1460,1356,1303,994,1070
1113,389,188,980,840,292,104,368,1021,1282,1341,989,935,313,249,963,1522,1088,1562,605,593,987,771,1493
386,1628,895,667,591,1275,53,1019,315,916,1580,1581,1006,86,1426,1456,1486,198,1414,203,162,1224,142,1215
795,785,567,520,1512,660,1219,530,177,796,1503,654,183,719,408,187,761,484,499,1123,488,885,390,439
699,278,1625,1629,94,814,1317,35,1358,417,1199,1501,230,29,447,512,666,1016,627,1557,353,1294,1250,145
131,1086,932,995,1260,67,691,715,833,492,483,1592,1017,1227,580,407,1633,849,706,498,1032,304,1148,343
1061,1330,682,1395,546,940,553,1527,731,1327,578,807,328,1345,400,1292,405,1326,39,561,1572,410,1508,82
403,299,431,1530,869,1287,1092,1357,829,210,348,1229,216,392,1183,1232,624,255,662,134,1071,1171,388,1085
1307,692,1622,641,1024,1532,937,136,579,84,1384,125,1347,307,661,1060,519,1438,1258,769,401,360,113,1245
893,707,766,1618,1036,1089,843,1374,497,1173,976,1329,441,908,1436,1526,702,1143,373,1022,1546,569,737,325
155,1236,237,750,1396,215,153,675,912,141,943,847,808,358,71,453,867,1362,1584,304,1018,708,194,901
919,960,283,590,68,585,1252,1513,57,659,707,35,608,93,1082,1484,1475,1019,326,803,1147,1469,52,372
1074,1478,1092,1581,1605,500,1594,602,999,1297,189,190,1455,233,1614,722,5,1057,953,840,543,1546,1510,185
1013,1059,389,1046,879,403,11,374,173,1612,398,872,1214,1234,1341,836,344,1235,1109,322,924,261,1404,1328
1184,937,175,596,490,541,685,761,1394,934,601,136,104,292,1282,995,378,405,1267,337,1437,311,55,1112
1132,1110,911,163,1181,740,341,754,1423,477,214,1585,687,1010,605,446,1070,1383,1419,747,514,1482,1483,171
56,1275,433,738,655,562,121,557,636,191,230,1185,181,796,769,1076,401,1340,554,1285,940,1304,1090,781
335,1565,1608,1142,1461,864,1566,1012,895,680,305,1000,725,297,507,342,1117,1273,1352,1195,1242,1363,1078,812
223,350,906,949,254,830,440,1393,603,239,21,713,6,135,1216,1066,364,418,1223,1309,12,1292,1313,442
39,567,1332,1230,1016,622,1163,989,240,278,1578,592,1263,370,578,1547,626,607,967,837,1361,1411,1122,321
1384,1319,327,1037,646,166,575,1395,1143,249,137,772,145,79,810,1170,483,1627,1060,778,1519,855,1244,759
116,1418,526,1209,552,887,1609,1153,1155,417,1334,111,681,1323,1563,125,785,909,1101,556,916,177,1289,970
766,1517,387,758,24,1533,1084,1022,1622,641,1049,624,1091,497,99,632,373,316,547,1400,733,1183,1618,1436
142,789,1052,620,555,1336,184,18,3,1359,572,1403,1440,1238,597,1389,434,723,1302,1189,621,1597,1158,921
574,1276,1558,495,1080,570,1227,1636,512,774,984,972,1200,1635,684,324,1256,493,1311,484,1588,1507,1324,256
1111,1371,1079,683,1611,1307,452,820,1237,1458,813,1567,412,1113,1262,480,1619,95,1248,1342,1460,285,565,1011
439,976,67,1500,950,1442,1405,172,1028,609,1027,1149,804,1270,662,10,174,1293,1592,638,942,22,588,124
204,1407,154,437,1118,1096,834,876,1002,832,1284,745,1524,783,487,234,878,569,849,1075,667,1399,81,1251
203,883,699,1344,798,1005,425,277,1162,1527,1427,760,782,494,8,1372,1374,478,1086,281,1357,1171,1093,64
1202,1530,13,1326,1544,211,859,213,1225,941,1269,251,800,1587,1355,1420,160,404,694,1204,443,1335,593,848
628,1345,795,1221,120,1127,1009,61,821,519,614,1283,100,1401,1350,1467,780,247,697,202,799,1280,1413,1083
43,1503,814,1367,210,508,1219,997,1509,399,410,809,1416,874,561,1176,1151,1295,1224,640,157,845,1274,714
1369,395,130,1271,1102,576,869,1621,1042,929,771,1535,700,498,1472,1106,216,963,1024,1321,1580,1630,935,753
187,1329,133,361,1415,143,1347,1186,1215,392,881,313,564,458,510,138,591,258,1579,691,1408,1197,1260,1511
