1532,1317,771,567,708,84,1631,812,1144,258,940,1262,226,476,1621,1405,1496,754,373,840,1633,731,1037,194
1522,131,1000,764,304,1620,82,388,378,1332,1327,1545,661,509,1533,1420,1197,1493,1440,1395,392,1524,1423,343
794,866,39,584,1605,29,746,593,1448,179,1111,299,145,1626,38,1294,61,976,901,955,578,726,425,576
253,1385,585,714,749,541,188,1565,834,211,184,1408,997,839,809,592,1629,1104,1199,873,1303,1085,338,169
1505,1368,654,699,183,935,1508,1176,446,1172,1061,893,1351,1384,119,1044,494,600,1333,543,339,1519,316,1312
372,870,620,1119,143,360,1260,960,1536,235,323,1426,999,484,88,127,715,977,848,1079,1075,601,1392,912
1015,1472,1117,546,1299,35,466,1209,1388,1087,776,1400,1557,1092,441,64,1036,1243,667,1284,265,403,598,963
561,1562,1112,658,341,1293,358,846,1635,1578,766,692,1258,579,1070,13,1065,580,900,1501,162,485,94,1555
1123,166,1261,1245,1315,591,888,857,718,974,1371,959,1149,732,1124,1382,798,801,702,1076,1022,1011,255,1013
1159,980,1592,91,1478,1009,1292,384,1229,1232,1520,278,407,737,1503,280,696,1326,878,1002,530,804,1307,1319
1515,254,177,46,947,666,874,1356,495,1373,785,662,55,1622,829,1272,1451,187,413,610,1173,1088,883,1345
1416,315,390,346,723,1580,198,1200,1184,1355,635,5,397,336,1328,249,1194,733,437,659,1019,1143,778,1246
622,68,10,104,1414,575,916,1021,488,240,371,719,1155,1544,1587,1132,932,353,313,199,645,879,439,519
1170,1035,1618,1027,1608,1096,1343,100,1017,559,713,159,483,987,953,498,66,872,885,1251,1250,937,1461,415
637,417,1047,1581,1060,134,800,684,1215,172,1140,508,1546,283,1456,1357,783,724,1093,1358,849,1301,1415,386
895,1511,624,820,1411,1113,1486,1407,1271,1370,1224,1016,861,614,164,682,1089,1098,401,1066,633,1282,340,328
408,168,1460,395,400,1147,1527,1636,442,1572,670,1606,261,553,996,660,1593,683,642,795,606,1369,405,706
1521,113,1374,689,1256,1468,24,1526,569,327,520,734,267,1611,639,171,109,108,796,623,590,792,1024,752
814,1158,496,1530,1280,53,807,565,492,1422,1051,427,641,763,908,628,994,230,295,1295,447,6,1436,136
1057,876,203,1287,627,728,1609,292,1171,761,919,1006,1203,599,1227,602,1183,383,1628,852,1071,308,223,1238
86,1086,1032,782,1080,989,922,604,843,389,929,142,1427,501,793,790,1048,988,745,139,1125,1192,605,707
1108,1341,995,490,1349,769,675,325,1148,1242,1403,847,1329,200,83,858,63,12,1512,67,348,869,1219,1535
216,497,570,410,618,760,33,871,248,738,431,435,368,1330,467,1331,429,175,573,1049,1221,137,1095,1438
1031,75,1139,1347,1275,1152,307,697,512,125,499,1625,691,210,133,972,1202,1488,755,982,821,833,827,157
778,184,627,1403,240,1562,576,39,935,166,1635,590,24,1047,1125,684,1089,1227,397,169,134,1625,790,620
1468,265,35,1202,235,1371,988,258,633,849,488,821,1155,1087,1530,384,1472,407,248,327,1451,292,55,125
496,1536,746,194,33,447,1478,1301,706,401,579,168,937,315,1242,959,497,171,1232,1271,1075,38,1608,798
1622,390,403,131,1095,400,846,299,46,960,1295,490,723,210,139,1238,88,628,641,1521,157,1019,86,1546
600,425,1079,995,341,635,1411,1104,1076,323,29,1065,932,1092,873,1037,439,501,793,187,339,1272,1111,593
94,1250,820,1572,1024,724,1144,541,749,495,794,659,645,885,127,580,1330,1414,1027,1329,1319,1275,769,226
1373,343,509,1194,829,639,137,963,1496,1280,546,599,1557,662,61,732,1292,133,1245,1197,1015,1392,1355,573
654,1532,852,584,1183,670,888,1119,172,1085,955,1369,994,707,1303,183,1565,760,771,1061,1522,254,1544,413
1331,661,145,371,1066,1317,1293,1261,494,870,1347,1215,429,1203,346,871,814,901,872,136,1011,1416,874,1139
1200,1132,848,1368,313,100,53,1636,280,353,1581,66,295,223,561,249,1587,682,308,1123,1315,718,1086,543
1282,1605,1124,498,338,916,1488,847,1609,1629,900,1436,230,809,1251,876,211,1148,1093,395,691,1527,839,728
598,623,1080,1284,68,1307,1438,348,795,1098,199,624,977,792,908,567,866,1382,637,766,113,261,1016,1159
1351,1060,1606,441,1096,1326,667,119,1384,162,1519,796,278,1407,164,1140,360,1388,358,177,91,592,1172,267
559,1620,1345,1035,1287,316,731,466,1515,1051,1341,368,1580,605,713,75,431,328,392,715,1511,1385,1108,83
1219,719,869,591,520,1626,843,1555,1199,912,383,1221,804,198,1486,1440,1426,304,702,519,1021,1009,1405,1448
467,1149,987,108,336,834,1400,216,1408,82,1176,1224,999,940,1578,895,1184,764,585,919,953,1070,109,1229
253,1044,614,1299,142,570,697,1143,675,1017,776,485,1256,1520,1036,1349,683,878,1611,427,1374,812,692,1535
606,203,1631,1152,372,405,388,1508,689,783,800,484,1057,1526,175,1000,754,1022,785,1243,602,373,996,1456
84,1628,1358,63,1343,618,947,104,530,325,1461,415,512,737,1170,883,738,553,922,1032,408,1415,666,1493
610,980,476,10,1071,1262,1260,1112,745,782,1246,499,660,1333,1503,340,386,1422,807,1173,179,1327,307,575
997,857,159,763,1158,508,858,1113,200,13,1048,1147,1633,1501,1171,696,1192,569,1209,1356,12,1505,492,1294
565,827,1420,752,446,1545,972,1049,601,929,1370,708,1117,1533,1427,1621,658,1395,1357,1423,1031,1592,64,801
5,1593,1312,437,1524,833,442,1013,378,861,761,604,1006,143,1512,1460,642,1618,699,733,389,714,1332,578
755,974,283,188,483,893,1088,417,976,6,255,734,67,410,982,989,1328,879,840,1258,1002,622,435,726
1347,64,1460,719,1358,852,1486,737,100,707,849,467,1329,660,982,1303,999,879,1087,1472,977,833,839,253
1044,1076,1219,1493,1111,200,699,1060,267,1251,834,1242,1200,807,771,940,1065,622,159,553,323,230,1501,929
1183,843,541,1215,258,846,1016,1411,947,1024,620,1093,1622,1370,697,82,1176,684,1155,119,1287,172,1496,573
1132,1331,1382,131,766,754,715,1405,873,988,1227,392,1384,658,1503,1089,1526,1403,561,795,708,1343,1535,1423
738,1152,1478,932,746,240,598,776,183,610,327,1633,1461,1593,792,778,794,901,371,139,1565,1159,83,86
1170,1330,328,1117,840,628,1326,682,1592,912,1636,415,530,488,1317,29,254,499,1096,496,38,1194,790,1144
1149,1006,75,1545,400,1250,713,283,745,1392,94,1245,113,820,125,184,1086,35,763,1140,1280,667,1027,645
783,1521,801,134,417,1426,718,798,1051,963,972,295,1037,313,61,53,203,997,635,157,604,565,1400,1578
339,866,1385,1124,405,570,1258,683,413,1123,764,1557,24,1119,585,734,1262,109,1092,1013,1312,1544,760,976
1530,476,484,341,338,492,1524,1203,600,1158,1057,1416,431,1508,675,1562,1415,137,1388,372,1555,883,935,1332
1631,728,390,439,637,1451,179,1395,1199,1608,752,1293,1345,1368,1017,210,1422,1519,893,614,1243,249,55,1301
1527,1357,447,1098,1019,953,383,876,446,63,885,1468,46,1536,91,919,1488,1315,188,1171,265,1456,497,1229
642,723,169,955,88,171,1609,485,127,1371,6,579,164,869,1611,427,1125,847,543,1275,177,861,498,494
1408,1427,1629,1032,226,1000,1246,1628,590,67,785,584,623,1079,1022,691,1307,175,1080,1108,1238,987,804,1605
1070,578,39,520,346,1522,216,1088,888,501,974,1448,559,1260,1606,1533,429,1095,1621,373,1349,248,299,136
1113,575,145,1031,33,812,1351,980,726,871,769,84,104,580,442,878,403,483,593,1271,633,389,388,641
1047,761,466,908,666,714,278,1071,602,1048,661,1272,732,378,343,567,605,340,1373,1587,1292,576,353,1374
1294,410,1002,1420,162,618,261,68,1112,606,1512,194,995,166,1355,874,1075,255,308,916,1085,1356,1173,168
425,937,1184,1333,591,1414,733,519,996,1202,1511,1035,1436,395,989,670,1221,187,408,1192,601,1515,627,755
384,509,659,1572,495,142,358,1021,960,870,731,814,796,1440,280,307,1319,857,1143,1224,994,895,407,1139
1505,546,829,508,143,1341,959,1011,821,1295,441,316,749,782,569,1581,706,435,108,1580,66,1147,1104,348
211,1282,1626,662,1049,624,1061,639,133,922,397,1546,1015,1327,5,223,437,315,900,800,809,872,1620,1438
692,512,1261,1635,858,724,848,696,592,1172,13,1284,292,325,368,1369,1299,12,1532,1625,1328,336,1256,793
1520,304,1197,1407,490,1066,1148,10,1618,198,199,235,654,401,1232,702,386,1036,1009,827,689,360,1209,599
593,1328,427,1611,623,1088,1016,198,1139,88,496,719,327,1315,561,431,328,407,299,876,682,171,10,746
1282,840,733,1112,446,1009,1299,833,1384,1544,1508,1606,255,658,1170,304,13,484,1414,1143,1119,280,866,708
1629,127,24,590,752,68,959,1044,341,142,1512,569,267,353,211,384,1051,1370,12,578,336,869,1307,1060
466,1345,763,1405,1356,1327,814,1392,1448,675,216,861,1349,935,684,987,689,483,67,976,172,1368,258,691
61,953,792,795,100,1243,874,1355,131,108,143,1219,168,145,820,821,1232,782,1420,873,292,1250,785,627
1183,390,1625,405,199,776,697,1486,346,1631,1369,1065,1426,226,872,417,1258,134,1423,492,1505,1522,403,1527
857,1519,1019,960,1329,546,888,253,1132,1317,1395,520,809,119,790,435,157,283,1633,592,997,1262,1312,1294
1382,1520,1176,91,278,498,1113,955,1108,1326,1172,871,980,1221,82,75,1415,738,104,183,1111,994,580,600
1015,295,1144,699,683,137,1057,661,749,659,584,125,707,585,66,606,591,620,1075,754,429,1293,383,1047
1238,447,164,1049,605,29,1200,33,1227,476,194,1503,1407,1284,1592,240,745,1330,1079,1478,55,996,628,553
1117,940,343,1587,313,1076,166,1438,1408,696,248,348,39,706,1357,203,573,919,1246,852,988,829,662,371
1171,1456,1371,937,610,848,878,893,415,1022,265,490,932,916,1197,645,1147,1301,1385,1035,1013,541,179,576
1184,977,488,1080,800,1533,1635,839,1333,1275,639,1229,692,570,912,442,325,1422,1173,63,885,1280,1199,1011
1070,1245,1242,372,1093,963,599,614,670,1209,467,598,38,858,109,1609,1331,879,373,1086,1124,1006,567,509
261,883,642,1021,895,1626,1608,666,702,53,771,1536,392,618,724,1152,1358,395,378,397,1511,187,1416,1535
715,1530,339,413,1251,1032,210,1158,1096,602,1071,1461,184,834,1295,1155,1557,530,307,633,995,315,1036,972
136,35,1472,947,497,1123,764,604,1580,922,162,439,637,86,1496,734,425,1192,1292,1203,1303,559,113,579
543,1618,804,635,1373,1098,1202,1440,798,1581,778,1095,1493,1149,175,1532,1194,1343,1125,1002,929,624,1017,846
323,386,1555,223,1526,1089,1565,200,64,1388,989,1319,731,1351,1000,1628,5,1037,728,794,713,1593,1636,410
1400,796,1468,94,982,46,755,1605,316,1488,847,1224,1140,908,1460,641,575,801,169,83,1622,1578,714,1546
1066,999,732,338,499,900,718,1621,1411,1272,1451,1148,783,1374,870,974,1572,441,1403,1341,84,1085,230,1436
235,1024,726,1521,622,485,188,660,512,737,1087,1545,519,501,565,1347,1515,793,1427,1092,159,360,1260,340
1332,1287,249,133,812,308,1501,769,827,495,254,408,1524,1620,901,723,849,1031,1027,667,1061,508,401,358
494,1256,1159,1104,654,766,389,388,1261,1048,1215,177,368,437,807,761,139,1271,843,1562,400,760,6,601
738,240,1203,83,746,109,405,1284,1358,408,339,488,248,497,1331,417,253,133,10,1618,796,1017,1609,728
745,346,157,407,1076,1341,188,1111,427,1427,960,1095,499,592,1271,883,1633,953,1486,1587,682,996,873,1011
935,1243,1357,658,782,1544,1148,763,66,1527,1546,602,1355,848,315,177,876,1086,425,614,1036,1016,833,307
1261,1414,1202,1416,1636,1171,378,127,39,1009,812,637,1124,373,733,353,1438,125,874,509,900,908,1631,1245
439,947,1140,843,1125,755,1408,166,1227,1370,1382,723,1581,702,622,1326,466,1149,162,1519,1037,783,341,1057
384,569,210,316,1079,467,1224,929,1374,336,604,814,1242,1199,1044,203,994,1635,437,715,308,1400,1373,1295
1250,901,1511,431,46,82,1282,1385,1258,1088,871,1349,1555,131,861,641,1451,1448,1275,1219,714,390,24,761
1123,691,1545,446,235,194,1426,278,724,53,397,1117,1526,187,327,383,1403,1183,1319,104,576,1628,1280,847
977,401,793,1384,230,1238,1158,1521,476,1002,1578,1436,1625,496,325,852,1524,142,38,1522,395,1049,976,1520
55,216,1060,726,1345,1611,267,1440,559,708,1246,328,800,483,1000,731,821,623,798,660,633,1272,1565,684
807,785,642,1626,940,771,134,1501,1022,175,1108,94,13,872,1139,100,183,1423,972,338,1251,585,211,1096
1368,1119,1176,565,849,778,1332,839,919,1461,1087,1232,415,1155,888,145,84,692,119,1371,1351,1209,1608,68
1159,995,490,91,879,790,912,392,553,441,1493,143,261,29,413,508,1315,1061,113,1593,1407,1536,304,598
1317,1021,1070,1532,280,1478,719,512,12,561,999,1015,1347,570,878,1065,88,360,737,600,254,1621,1035,606
959,937,618,429,575,580,1051,591,139,955,1144,1301,801,628,605,265,172,258,885,447,164,348,1093,33
809,1184,760,371,67,916,1287,1104,827,683,1019,997,1197,804,198,639,1468,343,1173,858,974,1299,501,1152
1200,713,1221,295,1395,707,323,400,1592,1048,1303,659,699,1488,283,199,226,869,982,1147,184,1420,1132,895
846,675,5,6,1535,1215,989,1562,1031,593,795,388,495,1505,573,1508,1606,292,63,661,792,169,620,372
1080,870,255,1572,840,697,706,75,654,1294,299,980,627,485,1172,987,159,829,546,1075,1192,358,766,494
578,1456,313,932,1605,386,689,1557,543,519,696,1388,1533,168,1622,963,1024,1089,340,64,1170,1580,1292,86
1328,1405,410,857,794,1620,1369,1032,834,61,988,1307,601,610,1422,249,1006,732,171,1085,567,1343,1333,530
635,579,1229,1629,590,734,599,624,820,1496,35,662,108,1013,520,1512,492,1066,1047,368,922,1392,1112,403
1098,1027,1092,666,1143,645,776,200,442,769,435,893,137,1415,667,1503,1327,584,1262,1411,1472,1113,754,136
1293,718,670,866,764,179,1330,1515,223,1312,1329,484,498,389,1071,1194,1530,752,1356,1460,1256,1260,749,541
1341,793,94,843,731,1171,1152,343,1173,553,1527,1496,812,283,593,162,976,1422,1628,852,211,575,1414,125
1329,1219,1260,530,804,745,1123,82,1448,1287,1139,798,1486,691,1395,1093,1202,900,230,1436,794,1515,1250,35
1416,874,1251,1374,666,1017,599,999,573,442,1611,169,749,1295,1605,627,885,940,585,659,1636,800,427,1351
1096,253,912,847,1243,963,543,265,604,1440,1403,719,660,1238,1520,916,501,1070,726,108,38,1170,159,1124
136,1562,1245,431,871,1088,143,100,508,601,846,39,1373,1382,5,763,499,1027,1345,1530,188,1633,1209,183
1578,1593,388,1147,371,684,546,360,565,1104,769,1227,378,1176,1079,75,820,328,187,67,1044,240,1512,1618
1521,1332,1522,1526,988,1478,1524,313,325,692,339,1022,633,1368,119,618,1192,1451,1533,771,373,584,778,1317
299,654,1331,295,235,1581,133,223,901,715,1242,1271,1143,1622,353,1108,849,29,1075,857,1369,1019,642,567
1327,1493,1629,1159,341,425,1016,783,848,495,937,292,1032,624,697,1460,1066,1000,702,315,670,1349,519,833
88,995,876,1621,254,64,372,1388,483,131,248,996,1328,400,484,389,1087,203,134,386,893,1002,861,955
1197,109,53,561,658,1503,1415,576,858,888,485,308,738,278,1258,494,346,261,104,1330,1315,1608,1246,446
323,1546,1092,1095,580,476,413,1420,764,405,1071,602,809,226,1119,614,1426,1536,175,932,814,1224,164,46
24,509,145,384,1060,994,895,1048,737,1635,1357,467,403,929,86,63,1358,1015,429,1292,1384,1411,512,1347
66,1456,1184,760,1572,1319,139,1587,795,1303,1472,754,723,1299,168,1272,113,1031,439,776,1057,1620,1326,407
249,1307,733,706,1606,127,1461,1280,960,1580,490,137,752,639,792,1117,637,1051,1544,1294,1256,620,1535,1626
1532,395,1221,689,437,1284,1301,1405,980,520,869,1519,1047,55,1013,91,1140,1024,336,1149,623,821,184,947
166,1037,441,1565,1155,316,1158,401,1148,610,1370,415,1076,755,1061,1111,447,1355,83,866,959,1427,628,827
606,198,873,1557,1009,1262,683,699,661,883,13,338,397,728,1194,982,200,1625,417,1511,390,255,989,1200
1080,172,675,1229,662,919,488,142,1065,935,1183,1356,1293,790,327,435,807,1555,1144,839,368,1508,157,12
408,1371,718,908,785,1089,466,1488,84,1113,734,782,492,872,1343,1423,1545,1261,622,497,645,600,953,879
1312,307,280,1385,1609,972,829,559,1021,682,1085,392,840,1215,746,977,1407,714,1438,591,1049,1408,801,194
171,796,1199,199,1203,766,569,878,570,179,761,267,696,1086,216,713,578,598,1036,61,68,708,707,592
1275,1631,987,834,1333,922,974,605,1232,1282,1011,410,1400,1035,579,340,33,1006,1125,210,1132,541,1172,358
1501,383,1505,590,6,1392,1468,177,1592,10,1098,348,667,732,724,1112,635,997,496,304,258,498,641,870
336,847,1319,543,1009,1262,888,136,55,1132,338,834,1515,1307,175,792,1436,960,1522,1152,1256,1493,585,1524
304,137,388,641,495,1628,584,131,283,840,1085,1486,1287,417,809,691,265,1108,184,1251,1315,1258,1076,1202
1242,1089,706,1343,1373,604,431,1080,1545,1405,591,86,1275,520,1626,53,1060,565,790,68,508,315,1511,353
614,1303,707,820,1580,715,1048,172,230,343,1117,737,1123,104,1199,567,1294,764,575,372,1532,718,869,210
1092,255,1478,761,1456,83,1224,1079,635,1374,660,249,1620,1243,922,383,988,91,1557,708,1633,1423,509,1229
1347,397,1260,620,1200,1184,1328,852,1636,368,1351,339,1629,697,1219,1227,447,1293,1158,1608,885,776,947,415
1280,760,1171,1197,919,997,1271,731,1426,1501,1111,1139,599,164,1332,1022,223,785,782,1049,829,157,963,1024
666,171,63,199,1031,874,1140,1587,857,46,843,1019,610,1572,827,1555,476,580,661,187,1299,295,1095,358
719,692,1209,1341,1611,67,1173,258,1149,879,553,1546,639,908,726,1172,1245,1407,1098,1284,211,1147,134,203
801,754,429,10,490,1155,267,94,1143,1631,1420,299,1192,159,1317,1385,1422,876,893,618,1438,959,637,1395
1087,325,1104,84,100,559,846,1326,66,546,340,119,1530,602,1370,593,168,579,601,1330,1384,1468,240,573
814,109,64,1000,1119,1071,1159,261,1415,408,1451,1625,628,1427,1011,974,746,323,1144,1527,183,200,162,795
732,724,1621,1400,1503,1246,592,1461,1544,1037,1295,878,713,492,570,749,1329,1016,1414,1250,1606,292,1006,5
1075,316,29,13,113,441,622,313,654,1371,466,38,883,1408,987,807,254,702,1368,848,675,763,1070,125
1526,166,670,606,1017,689,1496,378,590,873,900,1051,512,194,1035,498,794,699,1369,139,446,804,745,24
578,1183,728,413,145,866,1520,733,972,33,384,435,1578,895,198,1536,861,1605,177,1416,499,1512,1282,1088
392,143,133,390,346,248,1272,872,308,235,1618,307,576,1581,1301,1032,39,395,179,912,1327,437,1403,976
278,1593,1592,169,935,1093,88,1411,501,405,142,1148,12,1125,253,483,35,937,1065,1261,929,623,752,605
488,226,771,1215,188,714,662,870,401,497,1176,624,442,738,999,953,1562,977,796,1519,766,1002,1535,1027
403,812,108,569,61,769,1331,667,1057,1015,1044,389,871,348,755,216,1622,341,1112,598,373,633,916,1047
682,425,1238,1609,600,496,328,400,127,996,1533,1345,734,360,327,1521,684,783,1358,1194,75,645,982,821
1349,519,1036,1292,1440,371,1388,1221,1113,1565,778,989,723,82,6,410,1170,858,1013,1021,1505,1357,1061,485
932,561,683,427,1356,1460,1096,627,1066,494,642,658,280,1382,1232,793,1472,901,955,833,386,1203,1448,798
659,439,1635,484,530,980,1086,994,541,1488,995,1124,407,467,849,1312,1355,800,1508,1333,1392,696,940,839
796,1317,1148,1140,1061,1085,383,752,546,569,1488,1622,953,620,734,782,1536,392,495,484,1093,1125,937,187
1333,1415,488,265,1098,1294,879,1605,580,996,977,336,980,795,235,610,313,1368,691,600,848,211,1009,395
1295,1416,82,388,1176,696,783,769,1355,1392,707,328,442,1460,184,1104,1080,726,410,68,771,776,578,935
963,427,639,871,55,1293,1587,216,849,467,1456,1508,1572,1400,793,145,109,108,1261,1203,373,1271,183,439
509,1219,499,1172,1593,258,642,441,592,857,997,929,1562,1301,697,485,136,885,1287,1521,989,125,94,635
1384,960,194,1629,1194,807,198,1199,316,1076,1124,1147,1019,1173,1407,91,1202,900,508,1461,1369,1221,1565,1075
846,1358,1021,6,1243,417,1246,912,585,1113,1158,24,38,792,1414,401,760,61,614,1299,593,840,999,1370
249,1347,437,814,682,1515,861,1108,33,1238,1373,733,360,670,974,501,5,372,483,63,1440,407,188,280
778,641,658,1618,766,1532,972,1144,1524,498,576,1096,35,1272,1436,1423,1420,605,637,602,1526,883,812,718
1251,1024,1011,1371,1503,785,139,714,1119,1312,1331,976,408,606,627,413,1183,692,199,10,119,162,1555,67
1351,794,1143,624,1066,13,1620,431,870,325,1511,358,1512,699,1501,1580,1017,901,64,737,1087,1260,1275,1292
1227,1533,1496,1079,1057,1328,1405,1111,494,1520,604,1197,1621,1048,667,728,1015,543,283,1036,157,1448,1578,715
248,255,512,579,790,476,852,1200,708,1032,1472,315,1505,1315,1545,878,798,553,1280,1112,874,131,127,820
172,988,1611,746,1592,1088,254,1535,1341,1530,164,447,573,1625,29,100,567,343,622,628,403,143,1408,1002
1258,1374,390,1606,1071,689,1633,278,338,308,386,1155,843,623,1356,800,982,1527,497,1426,1139,858,177,46
12,1035,490,1086,53,86,1065,1635,599,541,601,496,295,1385,1245,353,1284,684,994,570,827,1256,719,415
1184,618,895,833,203,1388,371,847,1319,561,240,175,346,1544,702,1411,66,1037,1382,801,1519,1242,340,166
1345,1522,1486,137,83,1303,405,987,253,327,1060,1282,142,565,1326,1152,200,1557,226,661,435,559,908,633
1209,1546,919,1307,1395,1581,821,1422,575,1493,1330,723,1262,210,932,1006,1000,1215,1468,1427,530,1070,1089,959
519,223,323,1357,304,947,1132,1631,230,1628,732,307,1095,267,654,520,839,666,659,1192,134,764,171,299
1478,645,591,1343,384,662,1626,446,1022,1250,492,1332,995,1636,660,706,261,675,763,809,133,1349,738,724
466,84,1159,1047,1051,893,1016,168,1403,1329,872,755,169,88,1031,348,940,731,1049,339,804,1229,75,400
590,916,745,1123,598,378,1149,749,1609,1044,754,1117,829,713,1027,584,397,1327,1224,866,292,104,389,429
922,179,425,888,368,1170,1232,683,1013,876,341,834,1171,1438,1451,113,159,1092,873,39,869,761,955,1608
737,315,55,429,908,1333,1112,901,340,139,734,782,1519,5,1037,490,6,706,666,497,1260,715,733,1242
876,1060,86,840,313,960,691,731,1246,1093,912,980,254,346,261,1292,1625,793,1148,304,1557,353,790,922
1017,689,425,561,1293,519,388,308,707,1371,670,1152,249,659,64,446,1438,1326,763,283,38,417,341,1095
83,131,133,1087,1408,211,492,267,658,1086,879,895,372,699,210,1628,852,1243,248,1635,618,871,591,1076
872,622,1301,1085,339,164,137,1061,600,61,1460,1224,849,1258,623,226,1143,1006,1124,1312,1144,546,642,66
1117,100,1592,820,104,1071,125,437,861,1027,10,1219,127,343,299,441,1331,1411,488,1515,183,1369,783,576
113,1075,499,371,989,1215,771,1329,1158,814,1544,988,585,378,1048,953,1368,1440,661,1382,1395,1173,1192,1232
708,63,580,316,403,338,1079,675,1315,435,800,1420,982,494,732,1022,1545,1123,541,1508,1176,386,755,994
999,821,592,974,323,604,373,1013,1472,575,801,1280,1250,624,1108,143,467,1171,726,145,1327,53,760,1468
336,1532,431,553,94,67,976,35,1096,1016,1414,1405,714,959,200,1524,1317,1047,1272,795,874,723,1416,1111
660,1057,188,1147,692,184,1512,216,1080,1636,392,995,410,91,963,1530,1347,75,328,785,1521,645,620,1261
358,1356,610,827,1009,1049,599,501,858,1031,1092,866,325,635,447,109,1183,280,1307,1262,1303,108,230,1626
724,1536,168,1609,565,1104,883,598,169,401,602,1527,764,307,1251,292,579,776,157,1535,878,383,888,1113
1035,804,1611,1299,1622,194,829,258,593,1200,134,567,846,667,605,187,1328,1098,1066,1456,1436,1501,628,29
1618,601,778,752,485,1546,627,766,442,198,1184,1199,761,812,843,46,476,1349,662,1488,1227,1373,754,745
796,1149,972,857,1341,1593,713,408,1089,1295,1461,33,997,1351,265,935,1392,870,937,1011,1140,171,1633,654
869,1000,1024,684,278,384,1088,327,142,1631,559,1155,848,1044,1015,1427,1572,1139,203,1051,702,996,1021,498
1562,199,1221,1493,1330,1629,496,1486,1478,885,405,172,1555,348,794,466,360,82,400,1565,1159,1238,1294,427
12,415,1587,512,175,728,483,543,947,1132,1370,893,1355,295,1526,839,1580,397,614,520,1125,641,1358,682
590,798,159,1407,1209,569,570,1170,395,24,439,1605,1388,119,1451,900,1503,1620,253,1505,1578,88,1229,977
696,873,749,1426,697,940,508,1357,1581,955,1245,413,1019,1284,1287,495,1423,484,509,916,1345,68,1202,1256
177,1065,166,1203,1002,1520,633,1343,1374,639,1197,1415,578,39,1194,1608,833,637,606,1070,987,1496,746,407
255,1422,368,136,13,834,223,240,738,1511,179,769,84,1172,1533,1384,1119,932,1282,807,1621,919,1448,1036
530,1403,162,235,1385,573,1275,389,718,683,1400,1522,1332,1032,847,1271,1606,929,719,809,390,584,1319,792
1147,1355,248,1256,427,972,627,249,602,1199,512,1070,900,408,171,100,697,833,614,187,1184,610,1238,307
947,974,794,901,1096,1532,210,226,1416,857,691,447,987,485,1622,861,1282,1155,606,1488,1113,1158,1621,728
83,184,929,1088,1149,530,1581,254,1032,490,1625,1301,1512,441,164,733,1374,869,494,598,1511,769,1159,384
658,766,659,1496,1243,91,591,133,88,670,1606,1358,1609,255,348,1456,134,999,702,1587,235,338,575,878
1382,820,55,809,1295,1385,328,870,1258,600,325,839,919,1370,1349,194,1341,75,1629,1280,1521,696,417,496
1049,386,1526,620,601,1351,339,63,1242,94,1172,982,1203,392,142,1319,495,46,1132,292,1544,35,624,885
1635,1080,1423,498,623,1414,1533,633,667,908,699,1027,1098,10,1251,211,723,573,812,1183,1411,849,501,1200
1461,439,86,1125,179,955,1357,1287,1245,125,1384,778,1545,1312,1530,437,1011,175,388,1219,976,67,1331,119
336,846,755,109,737,64,785,1505,410,666,1438,1578,715,1262,368,1017,618,407,283,1089,162,1503,1019,940
1633,198,1631,395,343,509,873,840,1508,1176,590,1330,793,1369,200,989,1403,1326,1426,1192,1173,1328,1171,916
371,1093,199,645,847,323,1501,1035,216,346,783,1415,203,569,497,776,353,692,358,1000,1565,599,1408,1015
641,1618,483,401,1519,1400,1299,580,1522,1580,782,1608,764,1123,829,593,1250,1227,1572,1284,1117,1071,995,1451
166,876,1460,1229,1536,827,1047,137,230,1436,872,1368,169,576,53,912,492,1605,1215,1009,585,1104,1060,12
660,258,922,1333,403,732,937,754,157,959,188,994,1343,675,1076,499,714,1555,1307,1515,1427,719,1373,1292
253,38,980,261,1472,1448,1209,113,1224,267,546,707,33,635,997,1065,1520,760,804,400,136,1124,1303,172
1051,683,1527,1221,570,1261,1048,1271,543,316,168,848,852,1628,405,1140,68,706,871,734,39,888,265,960
280,893,1327,315,431,561,1272,1636,731,874,1546,1315,963,139,642,389,605,1562,1013,145,1275,796,708,1405
519,442,299,1031,578,763,724,66,1356,1085,1016,360,1232,932,1260,340,843,746,1202,1332,1194,745,1345,82
738,240,1246,1468,1197,1006,383,295,895,996,1144,1329,1486,223,425,792,814,488,553,1044,413,372,29,308
1111,1061,1611,6,508,821,61,183,1087,1493,541,749,104,661,622,639,341,127,1108,397,1420,476,883,5
1075,108,834,1092,682,1152,977,1119,467,726,1112,131,1593,304,1057,1557,1021,373,1086,604,1371,628,484,1022
24,866,713,795,1407,988,13,584,177,761,790,771,935,313,1024,520,567,1293,800,1002,466,1478,378,1036
1392,684,1066,579,435,1037,1388,1294,559,1079,718,752,327,1592,662,1139,637,1626,1347,446,1148,429,592,1317
1440,565,278,654,1095,689,1395,415,1535,801,1143,1524,858,953,879,1620,159,798,1170,84,807,390,1422,143
1427,569,316,499,1343,200,1013,400,1303,1522,974,1456,1093,1505,501,68,10,509,203,602,592,1140,565,6
1262,1080,977,1087,737,24,870,1229,1031,1125,38,792,1307,1521,371,1327,442,960,61,495,1036,738,888,1009
1071,707,1172,670,573,1373,1092,1557,1572,283,1280,873,1565,785,171,982,584,866,1349,1448,760,82,358,598
1388,372,1392,368,162,1329,253,1144,929,874,210,1472,5,1501,1331,1408,1011,782,994,1411,1032,846,484,100
498,745,1593,1426,1203,166,137,715,963,1330,559,476,1524,483,168,1420,861,1184,684,1333,403,1395,1357,1086
895,1493,553,1578,328,1015,776,1060,299,1282,1301,179,801,1519,1312,1605,183,839,976,691,407,618,35,64
1200,1317,83,1143,447,230,1108,847,360,734,576,1197,893,795,604,346,485,697,1415,338,188,125,488,211
1209,1006,580,575,660,119,145,719,1117,427,1088,327,1609,441,1287,614,63,520,809,1436,1017,1400,1461,752
1358,1192,989,386,996,75,490,1555,1515,1319,885,261,999,131,408,622,1508,223,1258,397,1260,940,821,1488
1511,401,633,1451,353,1047,88,666,1384,987,1024,834,280,1533,1112,109,600,519,1374,198,1295,953,1111,731
642,348,869,1044,567,336,641,1328,343,1369,1635,623,384,431,494,383,624,1051,857,159,682,1243,935,628
1622,827,157,997,1633,240,1171,84,872,843,46,675,763,226,164,1407,108,1532,1371,1000,689,1606,1416,972
1037,702,1147,1124,415,392,1293,1275,410,1414,713,1104,216,466,593,848,1199,606,778,746,1158,258,804,1341
667,184,1621,798,134,136,661,937,1620,1355,590,169,91,235,755,1629,1503,800,794,1098,699,1299,790,840
658,323,307,605,878,1261,578,1332,1423,187,659,1478,1022,1183,1232,807,94,425,1202,1095,1238,467,278,1242
852,796,1065,1245,1250,315,995,12,1628,1520,947,783,1057,1176,1194,662,67,871,771,1219,530,177,313,585
1061,708,637,194,53,1536,635,1215,1438,714,1256,541,66,706,1326,833,1405,879,378,1356,1460,1368,265,766
901,1468,916,1035,1546,1002,1113,849,900,1385,988,858,1370,435,437,764,1486,199,292,39,308,922,561,255
1526,1382,1625,1149,570,601,1636,883,955,1271,620,1075,143,113,373,683,295,1527,492,726,496,1587,1592,1019
325,812,1562,728,1119,1246,1608,1545,829,546,599,1016,654,1049,254,104,413,1284,1027,1631,820,1123,1076,267
733,388,543,723,389,1070,1315,512,1580,1085,639,1611,724,429,341,1272,405,1079,86,754,1139,1345,1221,13
959,127,1096,793,1618,248,172,1496,1155,1535,908,1626,1173,876,395,1422,579,718,1294,417,769,1048,1148,761
980,814,1544,142,1170,749,1089,175,1159,591,1292,732,497,1227,1251,1224,133,508,1440,932,919,390,1152,249
1351,1347,1581,1530,696,439,304,1512,610,912,446,29,1403,1021,645,627,55,1132,33,340,692,339,139,1066
1280,1519,1407,980,713,395,666,1620,1295,346,133,778,1395,718,610,659,340,1242,782,769,796,869,879,800
1011,675,731,734,169,1229,61,1027,499,307,682,1275,804,485,1104,339,139,1526,389,1400,1301,1625,88,441
1312,833,249,1611,183,1496,198,963,708,1405,1113,1172,1621,38,1070,972,692,579,490,585,1515,84,492,1368
1486,1328,35,846,601,987,783,295,384,592,1358,83,1456,575,1021,1036,253,427,639,360,1545,1287,439,940
642,371,1246,447,912,812,872,1111,697,1051,520,604,1411,1048,771,763,1184,959,715,397,857,1326,559,738
33,1022,1088,405,400,827,1626,1535,258,600,494,390,871,194,235,622,809,429,104,94,1408,807,660,1333
605,280,1327,325,1520,67,561,683,995,64,425,1009,935,210,661,1013,175,171,1414,1066,187,976,1049,977
1422,994,922,1261,162,1478,1123,764,1546,1079,1200,1272,1258,908,1171,203,1580,829,893,719,1608,847,1374,46
1533,200,530,794,901,1416,199,86,1631,974,501,955,415,874,519,509,100,1628,142,576,591,226,119,1355
1578,1143,1117,1087,714,1605,230,267,1080,1098,1032,304,373,885,1488,1403,1436,1415,989,1557,602,166,435,1250
488,172,1562,328,1047,1015,446,1194,1006,635,159,766,240,996,29,1037,702,840,546,761,684,960,1124,484
1061,1315,343,848,593,1468,55,1071,1057,624,834,1076,248,164,982,1192,667,900,670,1000,39,689,1016,1530
749,1245,755,654,598,947,1329,798,746,567,476,1159,1606,442,1294,125,1132,1086,315,1522,1144,793,876,641
53,1508,696,1215,916,1440,401,1472,353,495,706,760,733,932,1555,1307,13,1581,1232,283,737,1636,543,1349
1343,1572,1024,1243,1369,1158,883,1271,620,1155,254,553,261,1427,645,143,113,1592,184,1140,599,1565,323,1227
131,1031,1089,1587,66,1176,1511,795,1293,1505,313,732,431,1370,1382,580,386,999,662,467,1331,752,1426,937
1635,508,1521,614,63,211,1282,403,1209,348,852,895,1493,466,1075,1332,1152,1384,849,776,988,1147,578,1148
658,1532,1357,68,637,358,168,866,498,1044,1461,1149,1260,378,410,10,1544,888,785,82,929,368,606,1262
1524,1108,1618,726,299,843,792,1319,1512,1238,437,316,1451,569,570,541,292,953,327,265,573,1299,5,497
75,1019,1017,188,1221,483,1609,728,338,1536,745,1317,861,392,108,1460,1197,1183,1330,417,408,1388,24,590
1292,633,1356,1371,723,496,278,754,1503,1093,628,1170,336,1438,1373,1345,1423,109,1139,308,127,584,1593,1351
1085,255,1633,627,1173,512,1202,691,223,1341,341,179,1035,839,919,1385,383,136,873,618,134,1112,801,878
1125,1065,724,1448,1420,1002,821,1095,1224,388,1199,1629,216,814,820,1203,623,1347,1060,1284,1092,1622,997,858
6,177,1392,707,565,870,1256,1251,413,407,790,1096,1527,699,372,1219,145,1303,91,1501,12,137,1119,157
1224,86,1423,340,1414,1420,164,1395,1405,1505,622,879,162,1242,635,1202,900,338,278,785,1535,1261,1373,637
579,1384,728,1358,852,1562,843,1628,659,707,316,1112,82,512,1047,872,746,497,812,360,1108,1148,392,929
476,734,731,604,498,1173,959,1087,1608,1355,1022,372,1024,485,696,1111,1139,713,541,1243,427,955,100,501
417,1555,1096,494,1124,614,833,1629,407,1503,1006,1061,683,567,308,591,127,1085,1251,1315,1000,1522,1258,1374
1472,184,1621,974,413,388,1048,1049,1415,403,415,1125,1044,1635,793,1333,1015,1176,1524,145,1104,565,593,960
576,702,339,410,437,553,179,654,585,371,1013,606,55,610,1149,1461,796,618,989,68,63,723,1416,670
1527,1488,397,798,901,1587,935,249,358,866,1332,801,1411,1232,159,697,546,383,1172,861,628,386,1426,633
139,908,667,255,932,495,341,137,1098,1027,1580,66,963,1606,847,1271,627,871,166,684,1093,1021,988,755
216,1611,987,1331,1392,692,328,573,919,874,1272,1581,405,639,5,171,580,1511,689,763,1299,804,1132,1478
431,1065,401,125,794,508,778,35,1512,175,1407,1493,265,1565,1159,922,223,327,1356,829,1066,1530,661,660
771,169,1227,1275,783,1183,1625,33,869,1238,1403,1593,1002,1326,439,1284,1468,267,483,883,199,492,1385,795
724,726,994,666,1620,6,1486,119,1219,1382,885,104,1147,1144,820,1532,1152,1293,1080,1170,1009,719,840,488
1631,143,1605,1199,1520,601,1508,1347,602,211,1282,254,133,1117,776,834,578,699,1079,94,1192,1075,620,447
446,136,519,1349,1345,230,839,299,737,1626,888,1245,499,1545,1262,1200,235,1622,996,675,1370,1092,982,10
592,1460,761,1312,168,848,769,353,873,1328,172,1032,708,870,749,258,83,203,61,1408,662,131,995,315
570,1070,1438,876,1246,1327,343,373,718,1456,200,814,1171,543,13,745,1546,1060,390,1388,1317,598,1155,12
400,1371,1256,142,1519,807,67,1035,188,1037,389,1533,1633,384,1229,1016,194,691,177,248,29,706,240,738
88,895,1011,760,714,348,1203,1301,561,1119,280,484,569,1086,109,39,1076,442,1515,790,893,1158,496,441
658,1592,75,1113,1501,1436,1609,346,857,1341,1544,980,1295,1351,972,1197,1440,1143,1017,559,24,84,1329,368
1307,624,520,732,313,466,198,1427,999,38,641,46,1330,53,682,91,1572,1031,977,599,1557,849,467,940
408,912,645,846,605,64,307,800,1287,1448,295,1095,108,590,809,292,530,947,1215,1496,187,1057,1451,733
1089,378,1636,782,937,1194,715,1526,1221,953,1036,253,1088,336,766,1369,878,1400,600,1303,575,1294,1292,283
226,1319,584,916,1343,1260,325,1368,792,1578,1123,764,134,1140,752,1051,1521,210,183,113,821,157,395,1184
1536,858,261,827,509,1019,1280,425,1357,1209,1422,976,323,1071,642,1250,997,623,304,754,429,490,435,1618
1087,1461,1125,386,1037,794,203,415,429,1019,1345,1202,113,373,622,1426,684,833,5,1411,1519,1427,732,390
600,425,210,1061,919,1147,166,1408,127,315,1260,1527,667,530,372,1486,1503,1382,1098,1330,1292,702,760,1095
172,1416,955,1271,258,682,1287,1176,265,916,738,1606,358,1172,139,792,1088,1592,1587,1521,584,1388,82,637
188,771,348,578,1407,996,800,327,499,343,439,696,715,888,397,488,254,1347,1123,1460,39,883,598,590
1112,662,1319,495,1629,885,1415,235,1565,313,125,226,1326,675,131,1395,307,53,1631,75,977,184,1456,211
963,706,1009,1557,340,508,1312,10,1148,726,1246,437,1111,1242,1250,1243,108,63,1293,683,1368,1349,519,304
610,814,164,466,84,1203,484,1356,1284,1016,175,1215,216,1108,1522,1184,804,585,1013,1331,723,383,1468,1373
1159,1209,1031,543,136,849,908,171,401,187,1113,872,1611,932,1448,641,834,1392,1420,796,1329,1143,1512,1155
821,1526,520,623,988,199,620,847,86,261,601,812,1635,509,1258,846,1173,1581,1272,953,35,1622,1060,559
1080,1636,947,223,308,177,1294,1608,997,635,1414,336,1035,1104,1478,104,874,255,976,1532,871,719,895,869
283,413,1618,1049,599,870,1374,972,143,994,403,1438,1315,442,1280,1403,496,793,100,733,12,441,1183,1343
848,168,1341,341,873,1048,1422,483,1501,604,68,1086,1405,134,628,476,109,858,857,1520,807,645,734,1015
935,937,1593,718,1328,346,1436,501,1488,371,295,1227,183,1493,142,1524,1149,1605,1245,553,240,1139,754,1022
570,569,353,1451,1065,1261,1044,1036,839,1047,980,659,666,624,745,1032,1295,360,776,1170,778,1057,782,661
1357,1511,763,541,546,492,1192,737,1171,785,431,378,388,1530,1158,94,267,1621,995,1075,66,145,1355,1152
230,580,368,1423,408,820,593,866,494,24,1011,1333,485,614,565,1275,1066,1496,633,1194,1002,783,323,1144
573,900,137,697,1006,1117,1299,1301,64,1369,658,179,253,567,1385,467,1580,417,809,713,299,724,579,699
618,1555,338,248,490,893,1327,752,1371,1307,1076,325,46,764,1332,29,1027,33,410,6,1505,592,91,407
1544,561,689,13,1303,1085,829,746,67,169,692,1545,576,852,982,157,912,1070,1200,691,1572,162,1282,769
1000,447,194,959,200,989,642,427,639,1626,605,389,1119,497,400,328,1256,795,801,280,1472,1251,435,708
1384,929,876,602,960,292,755,1533,1024,1221,88,1051,1633,1440,83,761,627,1317,728,446,1124,591,660,1508
1224,606,670,1089,512,1535,940,749,1370,1262,1197,1609,1021,843,1071,974,1351,1515,498,861,827,1132,55,339
1625,159,707,798,1229,901,1620,1140,1358,1232,575,922,119,1079,1238,1017,384,1092,840,879,999,61,1219,395
790,766,1562,316,392,1096,878,1628,1400,1578,731,278,1199,1536,654,405,38,714,133,249,198,1546,1093,987
1224,771,1423,258,1636,327,108,1098,714,692,498,61,184,1140,1414,1374,982,1125,1006,667,1076,861,1343,1061
1227,776,790,580,628,623,1384,84,793,578,1451,431,1349,29,785,1060,849,39,900,1171,999,67,959,1427
807,1621,1229,1047,136,1093,446,713,972,708,1618,754,763,198,801,1355,1415,1295,1070,1013,210,235,1155,1545
1242,388,1111,292,576,1411,378,1256,253,1511,1088,177,226,1426,570,194,1261,1112,1370,1371,389,386,1071,592
1221,642,658,766,1416,164,1515,1176,403,1438,125,605,348,339,413,1022,732,1037,1626,183,752,1319,618,733
953,870,598,1592,530,384,1456,315,1512,1536,749,792,254,1173,1546,372,499,1158,1144,812,662,38,24,280
10,1021,508,1468,684,5,929,1312,179,682,199,734,1408,1593,761,13,509,1183,627,935,407,188,1496,543
1345,1262,847,989,1544,794,427,639,175,172,1170,919,484,200,839,33,980,439,88,415,591,496,109,843
1327,425,1238,1329,561,724,1369,75,325,683,316,1341,624,1086,91,1096,1333,1521,1301,852,1123,606,162,373
976,1104,579,874,796,417,872,1287,893,283,922,988,1356,137,119,726,601,809,437,584,755,1015,495,541
492,143,168,1388,857,323,1331,1631,1460,53,248,395,1555,1009,1108,1520,1057,1048,1202,1351,1405,1065,1448,1282
610,392,1080,360,1149,368,1159,447,249,738,1605,1044,1245,1299,866,1505,1373,553,1215,265,995,397,1620,1147
104,1532,1293,230,1079,467,723,937,1436,383,666,614,670,689,1250,1243,223,585,1535,295,1635,1572,1049,328
341,1557,83,1271,675,745,1392,848,400,519,876,82,1508,1358,932,6,661,602,1092,987,1139,313,145,485
405,100,916,1307,1317,600,1328,157,769,442,1347,1246,353,641,731,64,1625,974,654,737,261,858,1132,947
1011,1027,1219,718,565,829,546,86,1629,1565,216,1232,691,1611,267,782,1622,1578,46,408,1032,1292,343,1203
308,635,1075,1315,1272,633,1258,1184,1200,715,1275,1527,883,371,567,501,187,520,1633,871,1332,901,955,1580
878,833,696,1051,702,879,240,706,1000,869,127,1488,804,401,494,169,1533,697,827,569,307,1119,1148,1382
255,820,963,814,1016,1035,1117,1562,203,1124,1461,637,846,1017,1143,1197,55,1581,1095,873,410,68,760,1440
304,159,1519,94,719,1530,12,1403,895,1085,1294,997,593,622,166,1606,346,1395,490,1330,977,134,1357,994
1522,1152,1608,728,1385,429,834,336,800,699,1251,435,821,1501,278,1066,338,660,1503,604,764,1478,1407,131
1192,1587,476,1284,1303,659,66,620,1089,1087,1400,1002,139,35,783,1368,1526,1486,1019,599,1493,840,1209,171
113,1036,888,1113,466,133,1326,211,1609,483,1031,1420,960,707,590,1199,497,1280,908,795,1194,746,390,488
559,358,1422,778,575,441,142,1260,1524,1172,573,340,512,299,885,63,1024,798,940,912,645,996,1628,1472
1002,509,442,1192,561,1341,604,590,68,1347,1245,1622,1149,1280,960,1415,1416,108,827,194,809,83,661,947
371,778,1060,606,937,164,1351,172,388,908,1017,804,1143,1021,1578,707,929,833,1618,1258,1111,1527,168,1011
1593,1098,1221,997,857,439,667,543,1070,157,662,437,1148,13,724,1144,633,82,1606,919,1016,660,308,1009
187,627,620,1319,446,1024,1400,783,495,953,348,1158,1592,327,1373,879,782,1048,5,64,814,336,807,999
1224,1261,267,86,760,645,431,728,1358,1611,1331,1173,801,1095,1117,1511,483,1555,1006,1635,395,1426,935,66
1520,790,235,109,1440,346,699,427,1384,1027,390,834,131,684,280,119,278,1405,1572,1343,258,226,143,1203
963,1472,1275,1037,283,1123,764,91,175,732,35,490,980,1227,861,959,340,325,1019,61,839,1104,575,639
553,559,1636,1076,401,763,675,893,210,1382,726,628,1176,1200,295,1246,408,67,600,852,995,466,183,812
1199,139,1047,610,1089,1140,171,869,498,682,994,1271,166,137,1629,338,88,1292,383,313,1197,1170,1262,858
1355,177,1565,752,1438,188,1505,339,1000,1184,1530,1036,230,713,328,1147,1605,1202,1522,718,1061,771,1152,637
1388,1420,755,1628,407,373,1411,1086,1232,24,1448,1303,1085,1625,372,1284,1124,63,1301,142,888,576,1229,10
1299,876,622,1620,901,1327,1423,1493,1456,323,1535,591,169,996,1460,912,1468,1293,200,253,820,125,392,916
508,761,94,6,254,1392,1329,1332,623,659,573,1621,1532,1251,184,1272,1295,1488,745,723,341,1609,133,343
982,1562,800,417,1486,198,1108,1581,754,113,749,413,415,1408,1369,719,601,1238,654,847,1580,883,435,1436
641,605,1374,738,104,1125,793,798,136,1172,1250,1371,1075,307,53,127,733,425,216,1427,1194,794,618,1545
1503,1260,1087,55,578,1385,871,1088,1414,145,1242,292,530,714,1093,972,199,746,840,488,567,1282,1071,598
447,1368,211,900,467,829,179,159,1032,624,249,1461,1031,240,265,1215,484,1079,33,389,989,223,955,1317
1219,1512,1519,584,316,1524,1080,1546,1478,203,895,874,162,299,1287,1533,702,796,476,248,922,1403,821,1051
683,255,1315,1515,670,494,75,697,666,1626,776,485,658,1608,512,1209,1451,520,1501,1345,1139,872,1508,541
397,715,1312,1113,565,940,570,492,1044,585,846,1526,496,358,134,410,696,642,731,1307,1633,1022,1035,635
932,100,400,878,1049,429,315,1013,497,29,866,593,689,795,1119,849,873,1294,38,1256,519,691,848,1587
1096,734,1326,1159,870,769,592,602,1330,599,785,1243,1057,39,1356,1015,386,384,766,1066,988,360,977,1407
708,1521,614,1422,353,737,792,1333,1496,1536,976,1171,579,569,368,1328,1132,1155,1631,304,1112,1183,706,403
1557,261,12,1065,974,441,499,1370,405,84,1395,1544,546,692,378,580,1092,46,843,1357,501,885,1349,987
1448,771,1557,159,1011,1246,718,519,1024,1496,559,846,1271,1148,1051,1532,885,63,254,1345,1414,570,1202,249
1593,761,1009,812,561,713,1139,754,610,33,1049,61,109,659,1626,642,995,1108,68,1415,127,1468,843,415
390,307,29,1307,24,338,575,834,661,386,1060,1000,403,1250,346,755,800,83,1258,494,389,388,498,10
248,1578,553,431,602,974,476,94,267,164,738,1076,1521,1079,1158,1635,258,541,857,1071,590,1562,84,466
1606,873,618,325,935,1183,499,953,683,708,567,1533,119,446,601,1035,183,1384,1002,879,378,1382,1172,861
1173,343,226,1512,1392,1149,177,292,1370,972,1013,697,439,1262,1317,996,769,1155,520,427,869,441,1369,395
1530,1385,145,783,1159,417,1422,901,1194,157,872,327,1326,1087,682,1200,606,820,658,255,833,66,947,104
313,372,1349,400,1472,442,976,137,1605,778,429,210,987,1407,592,916,508,1260,1215,876,383,1416,874,715
166,1292,1221,1047,666,1117,5,501,1356,1319,1229,512,142,955,1505,172,1527,584,413,12,265,113,893,1327
792,870,496,840,368,162,187,1329,1284,1515,1400,1123,576,278,211,82,1519,675,707,315,895,994,940,543
997,782,794,1357,1411,852,1535,591,1112,304,1219,1295,136,702,179,635,1227,1287,593,1251,1048,437,866,1451
737,131,171,1209,1238,883,492,728,746,407,175,848,1032,371,1546,1368,989,1618,1526,1017,1282,605,1355,1095
900,188,1066,509,467,849,316,764,1608,1438,1555,731,283,1070,847,253,1620,734,888,1113,1460,199,1027,579
203,1315,1427,134,1408,1332,1423,733,447,497,689,67,280,1119,1019,1061,168,1086,1501,598,922,932,240,1587
1633,46,235,64,490,1031,963,578,401,1057,1426,408,580,483,299,1592,1343,1243,980,1192,1371,1328,425,1256
839,763,1085,654,1232,1261,1132,495,1016,308,133,793,1611,1581,1331,919,86,692,1111,75,1609,1358,1636,614
878,1242,1486,1021,435,696,795,125,719,641,1275,1065,790,1037,1503,1520,373,1044,484,569,1245,1373,348,39
1294,1143,821,1098,323,662,999,1124,1272,216,1524,1303,1545,723,1022,714,139,1536,392,858,1478,1152,1522,341
1351,1572,143,100,752,667,194,1293,1628,35,1388,1096,1170,405,1197,1080,600,1493,982,726,1176,622,1374,776
1488,1461,1629,749,908,804,108,1125,1621,1333,637,91,959,1440,691,1171,530,1312,1436,766,627,1147,1565,1184
384,1420,871,88,624,410,1203,796,1511,339,599,670,1088,977,929,660,55,807,6,829,585,360,809,573
1089,1625,827,706,1075,565,639,699,1144,1631,13,623,397,488,1301,814,485,340,1544,645,912,169,1395,1104
546,295,1036,937,1341,628,620,1508,745,1347,336,1006,1092,328,1330,38,1622,1403,988,184,53,1405,798,801
223,358,684,1015,230,353,1199,1093,200,1456,724,960,1299,261,1580,732,1280,760,198,1224,785,604,633,1140
1620,1557,400,1104,339,814,947,645,499,55,249,137,1403,1526,1015,598,1149,1060,567,610,1468,1215,624,1622
441,883,895,1173,861,353,987,618,1545,1405,766,1071,1400,871,754,827,435,602,1625,1089,972,575,1251,200
1199,1382,323,708,728,1158,1472,932,1343,580,1572,764,131,175,734,1371,1143,591,483,1284,1535,706,733,847
1328,839,1092,763,1388,922,955,1202,498,169,873,210,1373,1095,401,857,888,683,1580,900,1155,261,253,386
1327,439,327,258,39,798,1159,1546,790,1592,1356,658,255,358,1117,659,1065,1209,1565,746,834,417,1626,761
689,1519,397,1002,307,1520,642,916,509,1261,1349,1331,1035,1262,601,1085,1066,707,579,1478,1112,1147,254,519
997,1076,1044,666,136,1533,142,1621,83,405,1370,620,1245,1505,1460,699,848,702,622,713,1593,1606,1075,283
68,1200,1578,501,1096,235,446,1061,782,662,1629,1000,1176,223,113,675,732,177,100,1022,194,1611,795,63
1108,407,578,143,840,1037,29,1532,1423,755,999,543,299,1203,820,1368,1047,343,1301,1139,429,1229,852,1628
530,989,371,1294,139,804,1219,1635,919,1152,1124,1581,849,1006,64,1132,793,383,696,737,718,878,569,726
1125,226,484,937,431,546,1079,373,427,166,1512,639,604,230,1171,1246,248,1369,171,66,1436,145,714,1461
1493,553,982,590,869,691,1414,599,570,1292,316,1333,1486,1049,783,1416,198,336,980,313,1013,1312,348,593
1119,1293,606,637,667,1027,410,565,1448,1427,1051,1605,1036,635,1123,1330,368,86,1232,304,974,576,1287,940
1148,84,801,976,395,1544,749,908,10,1374,1258,1315,1341,447,157,1256,995,1275,183,494,1319,614,1326,388
1113,641,172,1530,325,833,1086,1271,134,719,846,1422,870,1243,1238,661,771,265,1221,858,1358,1438,187,1451
340,1227,829,807,295,682,1021,670,660,715,216,211,627,988,378,476,1088,390,796,384,800,1631,778,1260
812,492,199,605,1140,559,1048,188,893,1016,600,1111,874,872,809,794,497,88,1032,127,125,994,697,267
1087,1456,1503,1562,654,94,392,996,164,109,119,1618,159,308,561,1508,1272,179,1307,738,1197,1415,723,792
1329,1332,1355,75,1192,240,403,328,1395,584,935,1511,1420,628,1392,573,1172,408,953,776,1555,866,168,1384
1024,203,785,512,745,1031,1303,1347,415,1080,1587,33,35,724,1250,1009,82,360,184,496,1144,413,963,1170
901,541,5,1357,442,1501,485,1017,1609,1183,977,585,752,341,1093,1488,1515,821,1521,372,425,1299,769,1536
67,731,490,1295,1057,61,1282,338,876,1224,315,1242,684,623,38,1527,879,495,466,520,278,488,12,1636
1608,280,912,1385,1194,53,1019,1280,292,104,1440,133,467,1184,1522,692,1098,1411,437,1351,959,960,108,91
6,592,1317,346,24,1345,633,929,1524,760,1426,508,13,1070,1407,389,162,1496,1408,885,843,46,1011,1633
1333,796,807,1511,1009,466,254,200,1555,809,187,1172,520,392,878,766,1070,1422,1605,814,338,576,1111,1258
628,1609,885,1385,623,339,171,972,415,240,1245,492,1415,932,1035,1532,127,1209,661,137,1358,728,1456,1332
846,763,340,790,769,172,1544,108,1557,125,400,745,639,580,1343,1275,6,598,715,1562,1171,67,1112,109
490,1331,230,689,1087,699,61,870,1448,323,1407,1626,1294,157,785,713,1436,575,893,1238,1625,497,738,1108
953,1440,1545,1328,600,1535,1451,1312,397,494,737,1192,1093,1524,900,658,1096,1013,179,33,145,869,407,64
384,1148,708,1224,754,142,184,283,1282,569,1295,697,1519,590,429,731,734,1242,1356,642,1578,714,1503,633
605,660,1227,706,386,1139,265,916,1488,1158,584,1260,752,1536,499,1088,519,299,1079,188,304,403,1522,1636
216,982,604,341,1629,1000,435,670,1631,1066,91,879,295,614,1521,749,988,389,541,1420,1351,210,1468,1051
1460,1243,974,667,963,776,1098,166,12,883,88,833,778,13,579,530,1152,1486,937,1027,485,1496,1256,922
437,427,1611,1408,29,839,1515,683,1246,782,707,567,104,692,177,1414,732,235,86,546,1505,395,659,1221
1280,675,682,199,645,1076,211,593,203,858,591,1587,328,373,947,113,1229,1047,223,820,378,1019,1327,702
1292,1382,255,1395,1261,1147,565,857,895,618,635,162,1315,696,592,1049,509,388,1374,1608,960,1369,442,1015
873,959,1184,871,976,1461,1633,53,578,641,1411,136,1565,1472,1149,1021,771,1232,1159,94,1622,1194,1326,476
1400,66,1011,1593,1006,1301,847,1403,929,1057,1368,143,249,55,561,1628,82,1176,1125,1370,512,1478,408,602
425,198,168,801,666,996,1299,746,1319,795,662,139,866,336,792,1089,261,1075,1371,1080,1197,989,994,627
1271,1124,1113,1215,804,723,1508,733,794,1620,446,1526,876,793,1580,912,353,119,1533,131,1031,719,1272,1349
935,1341,501,1061,267,84,829,637,164,919,183,358,413,280,1183,1017,39,488,543,1592,496,1117,1022,405
654,278,258,1155,901,599,46,812,308,559,133,691,1530,601,1250,585,798,169,1251,431,760,316,5,726
1293,315,997,307,325,1016,1355,1329,159,1317,194,624,843,1085,75,372,1635,861,483,570,1606,840,1173,327
573,800,1287,1347,606,484,1345,995,1060,348,1520,1373,1048,360,1095,1330,553,1140,1384,447,852,1086,874,1002
226,980,1501,620,1203,1546,417,35,1388,100,1262,467,63,1202,10,441,1219,1426,1405,1392,38,940,908,24
848,1104,134,827,1621,1065,1044,1427,439,390,346,1572,1071,821,1438,1170,1416,1132,834,508,371,1618,1032,498
1200,764,1357,1423,1123,1527,724,955,1199,987,410,999,610,313,1307,872,1144,1303,401,175,1493,343,368,888
83,1024,292,761,1119,1092,248,684,977,622,849,383,495,783,718,253,1036,1581,1284,1037,755,68,1143,1512
341,1512,1438,1488,267,576,982,847,585,937,1080,1075,1326,66,633,1544,1200,194,1374,530,39,639,299,1013
706,1258,94,761,1332,171,567,177,1209,315,280,343,1626,1143,601,541,373,119,313,249,1578,1079,1535,1572
88,1229,1319,834,483,1203,689,1317,1343,670,1416,737,407,1621,1349,1355,1368,1158,584,1017,718,1633,622,1478
771,1170,46,959,258,843,325,827,1307,1555,346,403,849,654,857,997,1280,963,1144,109,142,1373,323,591
1609,1468,1557,353,623,307,869,1111,1061,61,1095,872,999,435,35,83,821,1408,598,682,295,790,807,733
1071,876,1089,728,1351,1369,579,1032,33,624,606,133,1047,708,1405,947,846,995,308,223,401,488,812,980
1260,796,1328,519,210,1152,1271,1592,988,492,1087,800,1370,1262,127,1076,397,1224,1011,814,1292,1341,659,1526
1635,600,593,1527,1019,166,738,1132,1329,199,778,1521,734,782,240,447,1037,1436,1536,916,713,230,1411,994
1123,605,63,1331,726,1388,1284,10,1232,692,1451,1618,840,5,108,885,1385,1035,1293,792,1493,696,1546,64
1155,1016,372,1605,602,1501,1282,1606,919,1015,1065,1515,940,1227,425,1460,1593,614,211,858,793,1048,6,1057
169,1403,1333,1171,752,578,485,1420,1345,1356,1565,339,883,113,1400,495,604,565,1202,501,405,216,1215,1085
1508,1108,1628,833,1066,1312,745,1392,496,1587,783,1238,1256,1511,724,1522,766,776,901,559,1456,1060,1520,953
497,198,368,84,137,1275,1251,1407,183,1414,1631,987,1611,427,1009,1242,900,1371,1192,873,1245,1184,697,1092
283,143,358,749,553,261,699,1027,1070,1000,1629,131,24,888,1159,383,820,1140,922,255,187,1051,1299,100
760,1139,1176,378,755,188,1183,1049,666,874,955,82,1486,839,1104,410,508,1622,348,667,1022,520,723,641
1044,494,466,1093,125,441,159,627,610,714,265,1358,642,620,1031,1006,599,1272,1219,139,446,316,763,675
661,1315,719,1117,1327,1440,1395,829,1124,136,1461,1357,1423,509,635,157,437,1636,327,512,809,389,870,248
1221,1580,1113,1519,1246,1581,1149,996,683,164,1422,801,1608,893,1086,184,1002,731,1472,86,338,38,431,798
590,1125,795,1194,467,371,1625,13,1448,1024,707,413,972,691,484,764,304,1287,977,278,732,543,498,235
408,1303,1545,1148,580,637,746,660,162,104,292,67,68,1533,684,960,785,932,861,1330,328,390,415,203
1021,1620,1503,929,1147,12,662,645,976,168,848,1496,1199,384,1173,175,912,1382,1088,871,499,1384,53,935
1530,386,253,592,866,1036,852,1301,179,172,1505,575,878,702,392,879,400,569,715,769,546,1098,442,490
75,395,1347,618,1426,628,29,439,145,1295,1197,804,1427,336,1532,360,895,91,1096,254,134,1243,1261,974
429,1524,1415,754,476,226,908,989,417,1294,200,1562,658,1112,340,55,388,1119,794,561,1172,573,570,1250
793,579,299,1535,1368,265,1468,1275,553,847,1044,732,885,623,230,1448,746,1515,340,874,1493,724,258,1544
1017,1358,1292,929,496,997,834,137,996,495,559,1093,372,1370,1080,804,410,1592,1075,1192,348,109,598,1440
1415,989,628,1420,658,431,325,1385,1262,1227,1608,315,184,10,83,145,295,1609,341,157,800,622,1414,776
576,104,1395,1438,755,1503,509,1373,346,33,1287,857,1636,932,1392,580,397,353,1202,659,1031,627,719,1148
485,166,849,203,689,223,86,198,561,670,1147,35,590,922,1261,1422,488,840,1111,1388,1520,1173,1176,1089
893,1112,861,878,29,1021,567,807,378,1096,1333,390,1035,1119,1581,307,733,713,183,159,280,1086,869,829
988,327,64,790,1108,1578,248,953,1221,1238,846,752,61,1295,728,584,1355,240,1022,1521,1545,573,794,5
1605,1312,1423,1486,210,785,1293,1501,413,999,1251,442,912,1307,1555,593,508,1416,386,1092,1478,323,801,1606
1159,745,937,1524,1533,1088,1315,974,188,618,895,1243,1200,1061,1341,769,429,119,53,1327,1076,1229,91,871
1580,1562,1013,723,1085,870,1332,12,570,1224,642,683,388,541,446,1530,211,873,400,600,1426,977,1066,782
1407,476,1284,812,1140,417,261,1587,316,1626,139,1326,667,585,1635,852,796,795,604,1246,1319,1104,88,1369
142,1400,1232,439,1087,267,606,125,383,1015,792,1098,960,1036,162,172,1282,702,1496,843,389,1299,187,253
1456,249,1371,1408,691,1016,614,848,737,1184,171,1357,1633,1317,754,177,1011,1117,605,1330,1219,1158,1522,46
708,1625,338,512,395,876,1197,610,955,328,696,1260,1511,1557,1405,484,179,1546,624,1032,134,1155,1343,169
578,447,1488,1170,569,360,55,963,994,827,1620,901,1079,39,1271,692,575,645,407,200,38,24,809,1427
1183,900,1027,75,1002,1536,1505,1047,1143,408,1351,1329,749,1215,546,771,763,726,1242,715,734,1622,1345,916
1572,1172,194,490,371,1065,1209,738,601,441,760,1256,1057,935,133,1349,620,1009,883,599,1049,661,466,637
437,1171,1250,1070,13,1451,1411,1019,339,761,1621,982,1618,1095,1051,403,336,1301,1374,519,63,959,68,1436
821,699,405,501,467,216,427,987,499,1203,498,392,947,492,1272,235,84,1132,136,666,1403,368,908,343
1258,1384,1331,940,1526,866,1139,718,1593,143,308,872,483,313,435,1037,1125,995,1113,1294,675,494,731,888
783,972,1532,1006,1123,1512,1199,1245,714,1328,697,833,633,1048,278,1527,1124,1000,283,66,1152,82,543,255
425,1460,707,384,292,684,764,304,199,820,660,706,641,1024,1149,415,497,1631,1565,131,373,879,100,1356
175,164,591,1280,1628,520,6,565,1611,798,1508,1144,127,858,635,1194,226,1071,766,1519,1629,113,639,592
254,1461,530,980,662,976,1472,168,108,1347,1382,94,1060,778,919,839,1303,401,358,654,602,682,814,67
1557,24,1070,879,804,590,746,400,916,1250,1221,1460,401,579,1079,371,5,6,492,304,1456,691,248,1493
1095,849,1232,771,159,997,1183,794,1088,908,618,541,1609,715,1315,1631,1080,760,1580,749,168,1019,976,641
467,530,200,684,184,963,119,145,372,307,719,790,1565,692,755,1546,86,1075,1192,873,580,989,223,726
642,261,1438,1301,955,157,1332,683,1611,83,1000,177,435,733,829,546,1341,606,1017,814,866,328,1515,1327
1065,1581,13,639,839,188,1112,1104,315,1260,1051,1486,1329,1087,100,1423,876,708,893,1374,494,427,900,614
1203,1519,429,1411,1245,439,752,490,1618,403,1400,408,1351,645,610,796,795,1326,980,1636,1392,1036,1555,63
1635,466,1173,696,667,183,982,1358,812,543,390,660,1592,1369,800,1544,766,415,1125,313,1158,1530,1280,295
39,88,216,1147,1488,308,1572,1152,1478,1096,723,1545,995,1242,1219,1608,553,1629,442,235,714,1013,378,658
1407,265,666,1371,338,593,1522,33,959,35,199,1066,240,763,576,1035,1385,1060,895,600,783,637,1408,484
1620,861,1284,953,1395,1356,179,1275,565,1139,754,1328,1021,1440,339,386,999,198,1633,1155,75,871,1016,1149
870,599,384,142,1520,1303,707,1011,61,623,1422,1496,483,125,761,821,578,346,670,1200,1373,82,987,883
1416,1606,702,874,912,1271,1511,878,798,1388,627,697,1562,397,584,1521,1194,935,1621,689,1086,373,108,1071
1403,901,1535,847,1622,512,1605,624,972,1085,1503,1027,929,776,785,592,1472,778,573,10,1227,1415,738,64
567,1370,932,601,699,1307,169,498,1061,495,620,325,249,1224,801,1420,569,675,407,843,635,194,166,425
388,1006,254,1049,1022,1427,1009,1262,1501,187,1031,1292,713,561,1258,1215,283,46,405,940,1468,977,731,782
278,661,1625,718,29,628,255,417,520,53,1093,1123,654,1461,848,706,809,131,1119,1172,1333,1089,211,323
792,1319,1032,258,508,162,316,1202,1345,1426,496,1272,509,1343,1628,852,137,633,682,1532,1057,1108,922,1148
1533,732,602,1414,793,840,410,1143,134,1197,996,1159,67,1238,1111,1124,1384,1176,360,1002,292,1526,1015,1368
353,446,988,38,662,210,1578,343,724,1405,1317,136,1347,1209,833,113,1144,340,728,164,447,139,960,226
253,604,1295,570,764,1512,622,143,133,807,1451,734,591,1593,745,497,1299,1117,1349,919,488,575,994,1256
392,267,1044,104,230,299,1170,441,203,1171,499,827,1312,94,358,476,1140,1047,1251,1294,55,1048,1229,820
66,834,857,413,1448,1626,974,1331,737,1098,68,1508,1436,348,431,1246,12,1184,1382,127,872,1357,1527,336
846,1524,605,659,519,501,383,91,437,1024,947,1132,1355,869,368,395,559,171,1243,1287,585,858,1092,1505
389,1330,341,280,769,1261,1293,1587,1536,172,1282,1076,1037,485,885,598,175,84,327,937,109,1199,1113,888
1609,177,794,570,211,858,194,578,1224,893,1044,143,104,223,839,901,1035,1374,340,299,179,1301,55,407
1519,876,1032,265,1544,1104,1408,1251,713,1024,292,1593,1085,1493,1258,1315,1113,857,793,368,395,801,955,467
776,661,820,1312,401,1496,258,512,1019,792,495,1229,972,760,378,53,1061,1420,484,628,1095,752,1093,1423
645,1448,660,1147,1065,261,1098,706,1416,68,1287,267,280,1117,1079,1478,13,847,86,718,1087,38,10,1461
754,659,1385,1011,959,1197,988,435,100,723,1328,1405,1119,600,1633,447,508,1403,1155,496,783,1148,1384,1555
873,1123,134,498,1512,922,1527,565,255,1139,604,1333,403,849,726,724,598,417,691,953,1112,593,977,804
1037,371,1631,1057,800,61,1280,35,567,1460,624,1426,1535,1022,530,1317,778,12,1587,1329,1451,591,935,494
1508,994,1358,623,427,861,1292,1578,1341,1635,1125,1108,670,1608,1124,1006,683,639,541,46,1170,728,932,84
982,1521,429,1345,1219,283,996,1611,384,1515,1200,339,353,1562,1227,254,1532,210,1411,840,989,1503,1415,235
569,1140,1015,127,315,1238,1400,1456,1111,1184,870,162,125,702,573,1332,200,592,1545,119,1250,1202,1060,372
1158,1194,745,431,738,492,139,708,392,230,1232,175,666,1088,1501,336,1526,658,338,1303,707,576,667,641
675,885,405,437,1070,1580,187,974,1246,1524,83,1388,1468,1520,821,584,937,82,1176,1522,1371,113,622,1414
614,1327,749,869,908,1618,501,852,142,159,168,848,798,1605,766,692,900,834,131,157,627,1000,940,240
519,755,172,1282,1049,308,485,88,1530,415,1243,183,1373,490,441,912,108,388,697,307,66,888,733,785
1076,145,1036,33,1505,599,169,509,1368,390,1016,734,327,1581,1331,1628,1299,916,997,635,1271,866,827,642
1536,1152,373,610,1319,1143,1395,874,684,833,696,960,316,1427,602,546,715,75,94,553,1086,439,1351,1620
248,980,1572,919,1159,1440,590,1472,313,829,1488,1294,483,580,796,1027,346,133,1031,987,341,425,699,633
497,1625,1071,1209,171,929,1171,714,304,601,1486,1370,253,732,1017,1066,1256,719,1369,203,654,6,29,846
358,325,1626,1382,383,1048,1347,136,812,109,618,1021,1343,1355,446,1392,488,1272,1407,216,1295,476,871,226
763,1262,39,348,413,605,1629,63,360,662,410,895,137,575,883,1436,1183,1245,1047,1293,1636,1009,771,1422
1089,5,620,1326,682,1051,1221,188,184,323,64,1013,386,1242,995,1622,761,1075,1261,1199,1192,795,1357,1307
1356,731,1557,1592,746,782,1149,843,947,1132,999,1565,295,1096,543,1203,166,1546,397,963,1215,1438,878,1092
466,1330,872,1080,1533,879,579,1260,164,1275,520,442,769,1172,400,328,1173,814,737,499,343,976,67,559
24,637,807,790,389,1002,561,1349,809,198,249,1144,585,1606,606,1511,199,1284,1621,91,278,408,764,689
412,1024,261,881,265,1284,960,1016,1183,1352,204,292,35,373,909,795,346,1396,1106,1614,1326,1371,1011,127
1511,1507,1287,977,1331,154,588,361,785,1243,942,552,337,13,1070,900,388,1384,1636,99,1368,783,1411,64
1509,820,79,1374,22,1203,584,157,607,1042,1622,1335,833,776,1262,297,53,1505,599,733,1563,1215,916,637
1482,1521,1152,141,1132,576,399,1438,1401,758,800,1565,210,557,922,1088,871,801,614,138,1273,1478,283,660
360,547,837,116,530,1127,1594,370,809,659,316,1609,832,1585,638,1313,847,277,1248,1627,1297,1332,305,680
1275,1251,887,1361,1356,935,829,1009,163,1046,1340,640,251,1588,699,1102,1330,1090,1442,389,1579,338,1242,955
980,249,1370,728,772,1422,404,254,1363,174,1082,654,641,401,870,1567,859,1621,1085,81,1101,597,478,514
849,1117,216,1059,1510,169,1044,810,194,397,340,1078,941,591,11,855,555,181,1321,1010,866,1283,1199,1261
681,135,256,1629,1347,1209,1221,313,827,562,1522,1267,155,173,453,1620,694,1458,812,162,684,510,285,559
1236,911,1535,1109,974,501,247,339,579,1546,1611,1420,726,1343,1351,1052,636,1048,57,307,1448,722,553,1260
214,508,124,606,1017,1225,646,1047,1185,407,696,1526,1147,1545,500,1404,1084,596,789,999,1403,628,1234,418
56,344,934,1096,325,857,1104,839,371,200,425,879,1108,342,609,336,1584,1566,1399,867,921,488,1367,1311
1350,1272,763,1385,1035,1061,1155,234,725,1066,1369,667,718,556,707,1086,21,1372,830,1270,1074,1122,1362,1513
281,507,1149,185,433,189,706,350,93,813,1250,1065,1142,335,1019,994,1256,153,392,780,480,1012,1323,554
211,1125,1467,734,760,708,632,100,796,627,8,1383,1461,321,1176,1606,766,1500,322,1140,1237,24,590,1532
1091,1618,546,836,400,441,567,642,1592,199,1469,700,1151,1597,120,492,1197,738,1186,989,1027,497,1460,719
1389,1110,1037,1423,52,1087,755,1408,1407,1392,1501,876,440,943,496,1317,134,435,484,490,759,1204,295,1195
1416,1484,1612,434,685,1163,967,764,145,950,864,804,142,740,781,458,487,1524,1418,143,1230,368,1302,1263
95,33,713,1558,179,745,1619,1235,1214,1440,121,747,1419,1075,398,761,1005,43,374,1118,477,1336,499,1342
874,799,203,233,239,655,6,18,1123,626,133,237,324,1631,774,1394,1276,82,753,364,561,1274,1252,984
1028,1536,452,213,1181,526,1341,431,3,202,687,493,682,190,1393,188,311,1244,947,1285,10,959,845,1437
443,403,1319,387,572,1344,109,168,1359,160,803,326,1413,608,821,658,1547,1223,808,1083,1304,732,541,970
348,691,1144,1334,1289,1475,1018,1139,1605,111,1153,908,1162,924,29,1112,429,191,1189,603,39,869,1299,1309
1216,1229,1608,1483,621,949,327,130,1013,1269,771,1517,215,750,564,906,574,1324,519,1355,71,1079,1455,1630
