75,857,584,442,142,1493,1243,1635,1006,782,1219,499,935,1229,1047,696,658,267,1295,226,1461,94,734,876
494,1374,169,1032,997,1246,592,1606,1609,1358,1113,1545,749,1119,1057,697,573,1158,1521,1526,388,599,134,177
988,1611,989,635,159,437,1580,488,38,872,108,895,682,827,839,390,953,879,618,994,1242,1349,683,852
530,793,1411,431,1405,800,1636,1287,1199,1221,1066,1332,1021,848,719,316,1527,778,1108,833,386,446,763,1155
707,1194,172,339,29,1070,13,338,439,1011,888,1414,248,1326,866,689,1395,959,1256,211,1587,1124,1282,295
348,1544,136,327,798,575,1388,812,12,1472,495,755,1087,341,1183,383,1633,996,340,1392,667,88,1245,1329
1562,184,492,466,1080,1292,1505,1486,1625,1089,1456,732,901,861,1622,796,372,661,746,1496,733,1002,358,627
131,484,429,61,1515,847,598,1385,415,1125,561,645,278,1403,1382,578,821,435,692,1536,395,714,1448,654
179,999,417,809,579,541,1488,397,604,724,593,1280,343,737,299,1631,1294,829,258,1238,559,1533,1017,168
908,183,546,1557,600,1581,602,520,24,1628,1451,328,1530,1200,922,1546,591,576,1227,1071,834,1351,496,401
1331,1618,1022,1592,1605,1512,1415,1250,39,1535,1343,315,1519,1284,1440,932,164,373,100,255,1608,1149,162,543
1508,790,410,1104,360,235,726,325,723,871,307,1016,1123,1060,1400,5,413,1111,1315,1159,145,86,760,565
670,1176,198,66,1468,508,292,82,980,874,133,1076,441,1422,200,974,1408,666,1426,143,754,84,10,1031
1301,368,1171,119,1384,483,1478,408,940,1147,280,1224,870,919,580,1209,216,1341,858,1262,1140,728,1420,1327
1345,641,1620,512,1036,1333,1092,553,254,353,1319,792,304,1075,715,642,567,570,794,987,447,497,1532,1192
203,389,1299,731,972,1328,498,1251,785,660,801,1260,995,1272,35,166,485,1522,1330,776,771,708,1086,977
764,1144,1000,1520,104,1621,1275,675,1035,405,68,1065,283,1565,912,261,55,1132,188,633,425,937,590,885
1303,699,1355,91,139,1061,1093,1088,840,960,659,1015,1261,240,1095,622,1370,738,1172,392,519,1369,1578,509
378,624,199,187,601,843,1096,1438,1593,336,109,761,1503,127,916,585,893,210,175,929,230,1511,869,490
1215,610,900,1143,1357,346,1203,873,1373,46,1427,1139,783,684,467,313,1307,1555,807,1423,691,1202,1098,976
1317,67,662,501,1019,1117,83,605,883,125,702,614,1184,752,766,6,1293,63,769,1356,804,400,1148,1572
137,620,194,1085,795,171,1112,623,157,1051,1079,1232,569,878,1460,33,1049,265,947,1407,249,403,1037,814
1524,384,1347,1013,1009,849,407,476,223,1312,1626,64,1170,1048,1368,628,1416,1197,371,637,718,713,1258,308
253,955,745,427,1152,820,606,846,53,323,1173,1629,706,1024,1371,113,963,1027,1271,1501,1436,982,1044,639
1355,1123,974,1356,731,1260,660,183,1148,1158,157,1098,989,304,1017,162,661,125,519,1395,782,485,1496,715
1170,390,1229,439,295,1544,1065,963,682,1307,1261,1341,5,737,177,1238,203,1224,814,292,488,1426,83,579
1605,1620,373,827,1282,386,999,343,134,1275,602,1565,929,849,1411,585,1036,1315,1176,1629,1070,1545,1328,447
988,1124,1111,1155,783,1060,1002,1271,143,1349,137,10,1420,1370,997,670,360,119,1451,267,980,216,618,746
496,397,738,766,623,1280,1331,429,1295,1415,1592,353,707,1303,793,1203,348,166,976,1511,446,495,199,888
1438,708,1505,937,1089,620,796,94,901,955,1371,600,1611,499,254,908,437,1173,84,622,1092,400,1088,1557
637,280,1448,1071,164,508,1416,63,24,308,75,1427,1209,1382,1440,1140,798,223,410,1530,1159,1125,543,1172
1035,1113,1032,1358,553,763,675,1184,466,389,1330,131,1385,760,1521,1143,761,919,184,745,401,598,776,1533
723,1581,689,1117,299,1027,1079,1501,972,198,1044,843,829,769,840,346,1532,441,1345,1373,726,476,1312,696
1562,755,1333,235,1057,1515,395,425,1152,1093,384,230,1519,846,1048,1221,1329,800,1520,1478,1608,210,1578,249
569,1392,100,658,1232,1095,498,1006,1461,1096,403,718,139,1171,278,1460,1022,1242,67,935,1422,431,861,1251
142,211,240,490,1403,839,442,494,226,719,492,1536,895,792,1287,484,1085,866,520,175,307,605,809,316
372,820,1343,1246,873,654,1256,82,388,559,592,702,1626,871,1388,1535,691,168,982,1488,847,771,1369,248
576,922,408,1119,546,258,778,1087,109,108,415,1049,1326,795,313,340,1299,764,338,684,1199,590,1194,512
1009,878,666,1524,1197,858,194,1508,561,35,1609,1019,68,812,1527,61,659,662,64,885,940,1011,790,1319
405,497,1132,1622,916,91,127,1258,724,1144,593,584,1080,1636,977,1200,1374,1021,575,1468,699,1546,1037,255
1243,1635,435,601,642,947,1024,1347,728,392,1301,1112,994,960,641,6,169,483,580,1400,55,987,706,1245
88,624,1472,1076,1219,628,1147,1015,413,1384,567,752,804,368,1183,785,1061,509,1572,614,1456,683,159,1047
900,39,1408,633,1621,315,1512,1555,358,1250,1407,749,541,29,639,714,893,1503,53,12,1633,1317,1293,1522
1357,834,1351,171,253,200,801,645,86,1436,378,635,857,1486,1332,912,1631,407,336,38,417,874,187,732
1262,833,932,754,570,172,1227,1013,995,852,667,959,1139,113,136,573,1192,1051,66,872,327,1587,578,697
1618,1606,341,13,734,604,807,133,599,530,869,1000,323,1086,627,794,1405,427,1493,188,33,1628,1149,1016
996,565,848,1368,1414,179,1294,46,606,104,145,501,733,1580,1423,1202,713,1593,692,339,1292,328,1108,610
821,953,1327,467,1625,883,879,1104,265,1215,1075,870,1066,591,283,383,1272,261,325,371,1031,876,1526,1284
585,509,666,1355,706,599,746,1327,827,336,1333,576,610,230,1349,249,1408,226,999,283,893,360,408,339
1199,427,624,200,371,578,10,1307,261,131,425,1555,641,53,1016,429,1608,1172,839,771,308,1098,1303,1232
348,113,1002,849,490,846,499,602,1117,622,1044,292,104,39,67,763,1451,833,1512,807,1108,61,876,785
1572,692,1245,38,386,820,313,1123,766,299,1243,691,134,579,1438,861,1629,1370,136,1171,405,84,1148,417
639,24,1611,1532,972,633,248,790,699,501,929,1331,530,258,1139,1626,982,570,497,754,1503,340,341,442
778,1176,670,1369,976,1158,508,728,1143,1405,496,731,642,1299,593,447,1414,682,372,1508,1024,235,467,955
1373,1022,708,1251,1242,980,1132,1111,600,519,977,658,1079,1238,908,1488,745,1203,1544,1357,1524,169,1423,1580
794,63,1194,707,253,1036,1341,885,1535,1159,343,565,1011,724,323,325,1545,1486,601,1256,760,1426,199,591
989,660,922,697,383,870,733,732,278,947,316,1460,1049,937,592,776,485,1221,240,100,1021,1280,960,1330
866,795,1075,801,1592,1505,987,1326,83,254,812,1368,1071,718,1416,1149,492,384,211,1197,1275,1461,667,94
1581,994,66,1000,1565,476,874,614,869,91,1385,1403,82,1209,378,397,737,1113,400,1609,171,872,858,395
187,620,307,177,1587,33,1192,1527,439,295,1329,1522,1147,543,847,1301,437,689,541,1382,1472,1261,1358,304
338,714,498,1085,315,1347,916,1295,659,623,1420,1456,198,210,804,142,1144,1536,1048,255,1415,1593,713,1215
1070,1292,1384,1051,6,410,1061,1224,157,166,13,1112,1086,216,919,1351,184,963,1533,483,1227,645,1411,407
466,188,1633,1317,75,996,183,749,1557,1202,265,1448,873,12,755,559,1436,1047,719,675,1515,661,413,637
829,1096,683,1496,723,796,857,1140,995,159,1262,912,997,940,512,798,575,590,783,175,567,1520,1092,598
635,446,605,900,573,734,1511,139,1287,1501,1271,388,782,752,441,328,1293,800,1605,1272,64,1345,959,1027
1200,852,1173,68,1124,1356,1521,194,901,618,55,1493,553,164,1095,1076,1229,145,1006,1519,726,203,1060,584
1057,1407,1031,654,488,1312,1374,1219,1440,133,137,1017,162,1284,606,179,1400,389,764,1319,1088,871,792,1427
1422,1258,494,888,1392,1065,1015,1037,1013,1093,1636,883,29,738,1119,109,1562,1478,125,628,702,1087,809,769
520,932,1089,1526,1315,1371,604,627,358,435,431,1530,1628,696,793,267,119,546,1019,840,821,415,1125,392
1621,953,879,1395,1620,1282,1622,715,327,1246,1184,168,848,1388,895,1250,1009,1618,1332,1546,35,988,368,108
127,1170,1635,403,580,1155,974,1468,1606,484,834,662,1152,1343,1183,1625,88,684,373,86,1032,1104,143,1578
172,280,353,1631,495,1260,814,1066,843,390,346,935,401,1080,761,223,561,46,1035,878,569,1294,5,1328
764,1293,1408,203,1092,569,1426,136,1400,1140,660,389,441,1557,446,1621,304,800,323,1405,553,1319,1080,707
1605,1358,1371,223,1024,895,1493,974,501,610,697,1036,125,198,280,1544,812,995,1242,336,691,1486,308,732
1505,988,590,628,1262,1260,1000,1159,814,874,1436,403,726,1022,371,989,1587,737,959,833,1315,683,1581,1224
1203,1144,1215,1172,1015,83,109,1200,637,1440,879,776,1496,1139,1572,1355,199,1618,210,714,1526,1625,761,682
1124,706,1031,888,675,492,584,341,847,1009,1147,1631,1411,1070,240,749,388,13,661,88,1368,883,599,977
235,1016,1292,33,1176,1117,64,1261,752,1197,1415,1282,585,783,937,1524,829,1044,316,1407,1369,620,495,1250
343,932,1593,633,1104,1520,1194,796,498,267,410,1343,1155,666,1345,104,1307,667,1521,1546,415,417,849,1519
184,1095,1287,1532,68,1609,1633,1209,795,876,1098,1312,1232,1326,1112,601,1170,1183,771,885,1333,1301,580,476
953,183,346,827,383,866,137,166,226,901,1530,1451,327,598,338,38,996,1622,719,1158,1327,1280,840,893
1275,715,10,1027,1328,1478,108,1202,1011,723,1294,670,900,622,1356,86,935,131,955,1427,794,922,1057,623
766,798,604,258,1284,171,567,1382,358,328,731,1221,200,1456,1219,1123,724,642,618,1420,175,940,591,1535
561,689,497,520,1545,29,769,1096,1199,1245,172,912,746,278,1611,407,1251,858,821,1395,1051,696,592,801
1562,1347,754,429,67,1580,871,755,1460,1626,24,1085,1527,187,976,606,1303,573,1048,254,339,565,1021,627
1171,134,162,484,519,408,100,873,684,413,496,980,1351,292,869,1468,1086,1508,1512,1578,353,1119,1061,654
295,315,1392,1002,442,437,614,1438,1522,63,467,397,35,908,1148,283,792,1246,1184,1037,692,431,499,782
760,61,75,127,708,972,253,386,999,1472,846,512,1349,947,872,1272,1511,1047,143,1555,1271,1017,870,494
91,159,997,447,848,348,728,1620,390,194,593,659,987,790,578,1087,216,1341,1533,168,211,1295,490,1071
733,635,230,1501,82,1606,1448,1330,839,1374,360,179,1536,1088,738,139,307,425,427,919,575,1422,1173,745
662,624,1152,384,1414,1243,119,1384,645,39,1093,1076,188,1006,843,299,1060,1385,12,1635,1065,963,1049,1258
960,53,1416,325,66,372,5,878,1035,378,1149,1461,340,1373,713,1636,570,265,261,1317,807,1111,1229,994
142,1238,508,488,466,401,1608,1019,600,559,1013,734,133,84,368,809,169,778,1388,1066,1331,400,405,702
982,699,804,639,145,439,1565,861,483,1125,1227,255,820,1299,485,395,248,94,530,785,1503,658,579,435
1423,1143,763,6,1075,1192,373,1113,1132,793,1628,509,1032,929,164,177,1079,1515,1357,1108,718,1629,1089,916
543,541,46,1488,857,576,1329,1403,55,313,641,392,1256,852,157,1332,834,249,113,1370,1592,546,602,605
1070,113,1351,1636,446,662,1593,187,1631,800,919,972,833,852,1368,1009,1085,718,820,732,1292,108,35,12
386,1104,633,697,776,1544,1357,1036,1071,415,620,1301,6,590,139,1468,1037,125,764,866,240,883,179,1125
599,1087,1095,977,1159,1243,901,955,576,280,1608,1562,1451,1414,199,1519,308,216,1086,484,1000,1251,136,1333
323,708,86,771,1511,408,371,384,501,1427,999,622,13,1232,1260,373,10,137,336,1194,1426,1096,1015,210
171,1520,1388,976,368,1486,559,338,1044,395,200,546,1395,143,1152,1027,1347,1006,168,593,405,530,508,645
858,223,358,1416,702,29,172,874,932,519,278,104,798,417,639,1611,796,861,575,1140,1526,520,340,253
1293,203,755,996,1202,388,1035,485,579,46,995,315,1501,1108,1358,389,211,1197,659,1287,553,441,1408,974
348,872,1319,792,1016,839,1080,383,1505,134,1423,738,1572,1147,580,407,908,1048,869,829,912,1621,1158,483
1076,627,1089,33,1411,637,265,1124,5,916,641,719,1369,1345,878,893,327,254,390,1011,175,1057,980,1580
997,658,1628,642,635,1075,1371,1113,963,1192,1238,888,68,400,1246,734,585,804,1478,360,1508,184,1271,188
304,1284,785,959,127,1456,684,1545,235,109,1587,1307,605,1149,1031,847,1415,543,783,1013,1061,1176,447,1098
592,1629,353,752,1578,876,1117,1535,782,1515,565,1382,1224,814,591,1503,248,94,267,316,410,339,602,307
1521,1317,1633,793,706,1533,295,1327,987,325,760,490,1262,821,1635,61,1047,88,499,1312,801,1522,1171,1422
1605,435,1112,183,922,1438,670,1299,848,733,929,728,1119,1374,258,169,1403,496,1343,346,425,1294,623,255
1370,569,1184,1405,598,1144,1173,466,857,1407,715,754,1331,1088,133,994,177,226,1242,157,498,1472,397,427
790,1592,849,100,795,1618,766,512,1392,1256,55,723,749,1565,1420,1315,261,1209,1295,1060,683,667,66,873
194,429,1493,1199,38,230,1356,731,604,84,895,1022,1139,1527,1332,960,1019,1155,1021,900,661,871,1329,1625
24,1261,1051,1066,492,692,1448,1170,713,1203,1123,313,606,378,476,675,763,1488,570,249,1132,292,618,746
988,561,610,1032,982,1557,1024,1496,401,870,1330,1065,341,1215,1092,1245,654,67,1079,1581,689,628,809,1626
198,1524,495,691,1250,299,843,467,1183,1461,431,601,1530,940,64,737,1272,584,761,1219,328,1620,1093,1049
745,1440,1143,372,1200,1227,1555,1111,1373,1017,162,600,392,807,83,682,1221,769,91,1532,846,1609,439,1355
614,497,437,1606,834,989,794,567,660,666,1400,494,1546,1512,696,714,840,488,283,39,1172,573,578,1282
166,159,812,827,726,145,1002,724,1280,1326,1303,1536,131,509,1328,879,707,413,953,699,53,164,1275,142
935,541,1436,442,1622,947,1258,1385,1229,1349,885,63,75,1341,937,403,624,82,119,778,1460,343,1148,1384
313,543,1620,724,6,1347,1147,33,383,145,341,1546,714,61,1382,1192,953,1079,955,388,1061,496,565,1140
1047,801,1075,1229,1301,38,476,874,175,755,328,467,1411,1520,1158,392,1087,1535,136,1625,1414,1345,24,1011
1049,75,187,866,829,790,731,1246,1626,63,1357,576,795,1098,1512,593,618,1089,1260,1511,760,339,893,960
485,439,1013,738,796,1095,1280,188,1351,633,590,157,407,682,199,879,1009,745,1037,1002,919,839,408,100
12,91,847,1488,358,715,766,1606,776,338,1258,82,1019,343,1330,996,84,1194,1385,86,876,1149,415,119
792,1203,137,1578,1096,1592,35,1117,425,109,940,1544,754,429,1243,840,995,127,265,1580,216,336,384,499
1370,1256,645,1245,410,184,226,662,1524,490,912,1057,159,706,696,1199,976,999,1468,997,659,1093,1085,541
639,88,177,1000,1356,1076,660,1355,308,977,53,1622,1618,873,578,1416,1271,1587,858,1111,1611,371,1460,592
483,1328,325,602,570,1215,1261,785,435,1456,658,764,1123,782,929,579,1555,1176,1200,497,1478,1232,437,494
254,1371,495,1035,1519,368,1374,1451,575,1070,732,1292,1628,827,812,641,509,937,1238,1044,994,13,733,1422
230,959,972,211,1608,1436,83,340,1275,390,606,1515,1532,1307,895,68,1295,1621,1327,1521,360,327,749,573
1633,198,610,980,561,849,1461,1125,492,1032,400,389,935,635,1224,1242,253,372,1501,804,708,395,1403,447
67,1358,1066,1183,771,183,304,442,235,1508,519,820,1317,373,1152,728,1392,900,654,261,553,466,932,1448
1262,1329,1143,1427,800,798,814,397,1315,1631,1395,1284,386,591,1113,1629,1159,292,848,1016,1319,857,888,1303
1407,1332,1341,1171,1527,1080,601,569,1293,580,1227,223,869,315,139,675,1036,567,718,1593,752,807,670,1197
1088,142,10,94,46,885,413,1533,974,870,1312,783,684,1369,600,1505,604,401,299,441,746,172,1173,908
1092,66,348,1155,498,614,1250,530,1400,1408,559,846,29,628,861,1635,427,1423,108,1557,278,134,699,240
346,1440,171,1373,982,1472,661,125,702,1636,1022,1015,987,1333,316,1536,162,484,1405,821,1294,683,1209,599
916,200,488,1426,508,1331,323,417,1562,989,1021,1530,431,624,1299,1415,133,1031,248,1282,843,1384,833,1139
166,169,1251,691,666,1486,1112,1184,667,1027,627,585,546,793,871,852,707,1581,1438,64,598,1017,723,761
283,1170,1326,1545,642,1221,713,168,1605,1526,584,734,520,809,1388,737,179,719,1148,778,1343,1219,255,143
267,872,295,1522,1368,1503,763,1051,512,1048,1202,1272,501,405,307,605,1119,378,5,834,353,692,622,963
637,1144,794,901,1065,164,1496,258,1071,113,249,883,1493,55,104,623,689,39,697,280,1086,1060,1172,203
620,1024,1349,878,947,1132,1287,1572,1108,726,403,769,1565,1609,194,446,131,210,988,1104,1420,922,1006,1124
1123,1087,1593,769,35,737,1009,713,1085,1416,752,343,1019,1261,1015,1520,689,512,1272,1515,1250,795,1125,1006
340,292,776,384,734,901,1620,1572,1282,846,1526,658,576,211,1117,492,223,691,371,397,755,441,660,498
1415,738,1373,801,1159,569,476,1395,1587,199,1027,226,733,1501,86,10,383,94,1609,508,1326,1262,1284,764
858,373,1533,519,1035,328,745,732,175,1184,1319,682,495,84,1173,1271,1287,702,1032,395,1080,731,833,1057
1002,216,1022,876,1071,1332,240,1535,429,1384,592,439,812,827,1341,410,6,778,871,1626,200,1111,1349,1088
1095,1486,1172,573,1562,467,131,255,1108,485,1496,1048,119,659,874,1358,280,1456,315,1522,605,184,378,1227
368,235,179,1368,1317,1070,1139,1438,100,707,1505,166,1221,593,614,1493,1472,372,1436,1329,1294,520,1388,137
159,870,591,358,1605,1374,1275,177,675,104,1200,1199,972,83,857,980,1031,937,1371,1147,654,590,1527,1299
323,989,708,761,987,1405,977,308,1478,1622,53,1427,1224,425,68,1327,829,427,1203,1061,1194,940,885,814
662,1152,360,1343,1636,848,1307,575,400,543,1292,417,1408,782,1060,1238,12,699,265,1508,561,1468,490,1519
953,840,143,635,1488,388,299,134,1312,254,133,578,304,413,29,584,1049,1403,974,168,866,821,431,169
139,916,1113,807,24,1369,667,403,912,1104,339,1098,785,714,494,405,541,601,645,1426,1333,1258,792,1044
1532,888,723,895,684,754,794,1245,1079,1260,1411,1119,1176,1347,692,955,959,346,390,600,172,1011,1215,258
1503,408,437,142,1621,1351,724,879,999,893,1536,1633,908,1148,579,847,1096,570,1451,164,67,1555,1256,1628
39,606,66,706,336,341,804,553,809,38,1047,162,960,466,283,670,501,922,567,113,1158,1521,389,1171
1149,637,1524,1066,834,796,749,46,33,1246,760,1021,963,1578,1414,136,1608,728,1076,1355,610,1170,1611,639
839,446,338,435,1592,997,1144,401,1315,194,800,919,798,622,1000,869,61,697,1037,187,1370,623,683,642
715,261,580,1511,852,1606,1400,976,1293,188,1075,108,900,620,509,1407,1345,1423,1155,109,1635,719,1330,407
1124,843,771,935,1016,1132,1192,718,55,82,171,64,1036,415,947,1024,1013,442,661,307,1545,157,1183,1331
1460,1629,1565,1544,982,929,1232,1251,1065,63,783,559,602,1295,348,1197,499,1219,1440,696,1631,546,1512,633
598,1580,861,483,1229,873,1209,295,1303,1382,996,1089,1422,726,88,13,313,666,849,932,1448,488,1625,624
127,1280,995,249,1202,353,210,325,484,1357,1328,1143,198,585,1086,316,599,327,766,820,628,763,5,1017
604,1356,1301,392,278,91,1093,883,1112,641,1242,1243,1581,253,1546,1557,878,1461,496,988,994,1092,793,230
386,267,872,145,1051,183,790,203,497,746,1392,125,447,1420,1385,1140,618,1530,565,75,248,530,627,1618
1183,509,1527,131,145,565,6,1327,699,955,1636,1370,1496,1086,133,976,1303,1085,446,1526,1117,1301,179,637
754,397,405,109,431,1530,1098,249,390,689,1355,1159,1493,764,1635,1581,1609,1017,490,1423,64,198,1501,497
1139,82,996,168,1215,261,253,1143,879,1546,593,1414,1061,1312,833,235,323,820,328,10,389,177,341,1176
1066,439,1292,922,1385,1261,162,1317,519,442,403,313,857,1382,496,295,989,932,1108,614,893,707,1629,384
255,401,579,417,809,358,183,553,371,248,1384,827,184,188,512,1209,963,728,662,407,240,495,1319,623
388,749,1448,849,1293,752,769,982,798,660,1123,724,492,1374,1035,1533,1021,29,575,499,670,520,667,38
415,530,1194,392,1357,172,327,771,1057,878,1184,935,937,1371,1171,1294,987,1349,61,1626,1113,1011,959,113
485,585,283,804,1088,1173,706,1403,567,1351,142,1505,872,900,501,1049,599,895,847,776,821,1395,346,1036
127,726,715,340,995,800,119,467,447,1478,1079,1440,1422,871,1284,1022,1031,1280,598,692,86,573,53,916
977,368,1147,223,108,1520,746,763,675,1522,1152,1200,1532,1093,1608,666,1329,755,230,628,304,624,840,745
1307,226,569,1460,1275,792,88,734,1192,1075,1024,960,1080,883,1227,1544,308,1611,1155,1287,1246,731,999,508
166,24,604,343,1628,1326,866,605,429,790,1536,1456,801,194,254,1148,852,1124,1119,1565,1408,635,159,901
1625,373,55,1132,1369,980,1618,1140,1282,265,1438,211,1605,1250,874,602,1420,1416,639,488,919,601,316,546
63,1333,435,1407,940,1587,199,1368,386,994,580,719,870,1111,1170,437,912,858,336,885,1070,1356,1631,157
83,441,1415,1633,67,410,339,1411,972,1620,794,1515,1224,216,627,292,658,908,395,953,139,348,766,1048
1358,1512,1345,91,1400,425,622,1006,654,834,1202,761,696,1331,578,1427,94,267,1089,39,1347,1065,1580,1332
143,618,814,1521,1545,1044,795,1488,200,413,46,171,1524,1555,104,929,100,483,600,708,974,873,1557,861
203,733,1562,697,1593,1519,164,1405,846,187,684,299,606,829,807,84,466,1426,760,1095,659,12,1013,1019
1112,561,584,661,738,713,1219,793,1149,843,1258,325,1578,1076,476,633,360,737,1388,35,1262,592,1260,1256
812,33,1000,66,1092,378,1009,682,1592,1015,1472,372,1051,136,1060,718,543,570,997,559,1197,1373,848,796
1621,1341,1486,137,1451,1572,869,691,75,1047,1229,1271,541,783,175,641,307,1037,1392,1199,1245,1158,590,642
839,1032,1299,1315,494,1071,876,1221,484,498,1016,1468,1242,620,278,1535,1096,134,280,1087,576,169,778,591
1238,714,353,1232,683,1328,338,1606,258,1144,723,1272,1203,400,1002,1172,210,1251,1503,732,782,427,1295,610
1622,5,1104,645,888,785,988,383,408,1125,1511,315,1436,125,1508,1330,1461,13,1243,68,1027,947,1343,702
1326,1330,328,801,1194,731,637,499,1057,796,519,1580,494,795,278,485,91,1572,437,360,999,885,1626,1294
258,397,373,413,1423,304,1343,476,164,561,763,675,1420,584,1299,1544,1173,1505,1080,839,955,1511,1332,265
119,1622,415,1609,133,403,1635,315,1260,1515,1333,746,12,692,1256,323,1125,627,104,728,63,543,1526,1384
1132,708,1149,792,226,1002,1000,1403,1200,576,125,520,1203,733,912,108,591,353,1427,714,1405,1422,38,316
764,466,573,1123,1024,1209,1108,67,1272,211,1468,633,1347,1199,783,1527,1532,833,100,35,590,1522,1152,1633
501,953,395,745,1521,383,696,408,1621,988,346,959,605,1119,169,919,1303,575,812,1144,338,1071,1605,1021
702,1317,778,732,68,974,1426,1027,960,874,1016,1438,405,776,1036,210,814,1224,253,976,1520,682,947,183
447,994,162,658,691,559,1171,134,492,670,1606,600,1349,109,325,883,1061,307,834,1096,861,427,1620,932
1345,1373,1085,1065,699,553,442,372,1493,46,809,179,198,1113,857,1232,168,343,1075,755,1301,1013,1611,888
567,1533,1019,1351,1369,1158,199,684,1093,530,963,386,498,940,1250,937,1501,230,1451,159,425,1341,683,1562
929,645,1368,1535,1140,908,1461,1315,876,723,761,1079,1238,585,1037,483,1032,84,893,614,127,1060,410,1066
849,1192,1117,292,392,1456,989,872,145,1631,1629,82,1395,1271,593,143,871,55,389,384,689,1587,922,1143
1415,1197,1392,1086,1356,255,88,86,718,261,283,1625,446,752,1262,53,139,1215,565,495,1229,280,467,769
846,972,1370,1112,1408,870,641,697,895,618,820,719,188,142,1095,1176,1051,639,598,1011,1170,858,371,497
1148,496,1592,1519,1049,599,1436,1282,848,760,749,83,601,6,1400,623,935,1371,509,1087,1261,807,706,980
602,1139,1331,216,829,798,1312,1017,1358,1328,1184,1246,604,388,546,61,240,785,1076,484,1555,1546,172,1357
1147,1048,1015,5,441,660,987,1104,715,200,488,187,1089,137,339,667,852,1524,1319,790,754,1044,223,1088
254,1111,1382,1006,1124,661,1503,10,490,635,997,541,1488,771,982,843,512,171,804,249,726,1407,1243,313
203,847,1070,1031,368,624,606,1618,401,724,995,1242,578,592,184,166,766,579,29,738,1581,1411,1355,654
1472,628,1327,1414,1047,610,1416,1307,659,1295,390,1545,707,248,299,1448,327,1284,1098,1329,33,1219,131,175
900,431,666,1155,113,24,417,1530,620,64,400,1092,1374,177,873,1557,1565,827,1478,1159,348,336,435,800
1628,1536,1280,879,1251,642,1385,1512,622,295,439,508,840,358,66,75,916,1227,340,996,1202,1388,13,136
1292,1608,1172,1258,782,1593,308,977,734,901,1508,1022,1275,580,821,235,157,737,407,378,1486,713,793,794
1245,39,869,194,878,1440,1035,570,866,1221,1460,1183,429,94,1578,1636,1293,1287,267,569,1496,341,662,1009
879,392,804,1371,977,1328,1112,29,1015,299,1628,1580,919,839,1478,488,373,267,1606,512,248,994,109,1343
1197,447,1009,1468,403,1051,794,766,168,519,1333,848,591,999,785,1423,706,1546,137,697,659,88,1047,761
1199,1245,614,580,1076,795,499,476,1557,852,1592,1250,441,187,198,64,240,738,1170,484,624,75,1326,1392
134,104,1572,691,628,869,397,1605,1049,1422,989,1215,203,1527,593,670,1176,1530,200,1456,1125,343,188,210
1158,1315,1256,159,172,1629,1625,378,809,405,400,1522,1258,1144,675,763,908,1524,127,1486,339,707,793,235
308,598,847,575,336,495,360,1092,1194,940,429,754,684,466,1287,388,1013,769,980,1622,325,254,1294,139
179,1312,1095,755,258,821,689,1119,546,829,1035,878,1408,724,814,425,997,1545,888,249,893,1143,584,833
1511,1242,66,1519,313,280,348,1503,169,417,872,446,509,916,184,567,1533,1578,166,67,413,520,431,1171
713,798,498,576,1374,840,1149,338,733,113,883,211,1124,1562,1427,1293,164,776,760,746,1224,223,340,1496
812,1488,1472,1631,1618,1261,125,702,131,497,570,1526,834,1155,133,622,764,371,1152,100,1079,1460,807,1621
10,1370,846,1246,1341,1096,1295,1070,972,1192,874,194,1027,1017,660,136,1635,94,604,1331,86,666,508,1414
1123,1415,731,1636,800,143,1071,708,1405,900,389,1184,328,737,1272,635,861,1080,38,372,959,1202,618,895
82,1093,796,901,667,783,1420,996,483,216,955,960,1238,33,654,1209,953,719,1369,565,6,601,929,1384
559,1515,1461,734,1440,142,699,982,1521,384,1060,1260,1275,442,1243,974,61,843,1368,553,592,1284,1395,1626
876,368,620,912,645,119,1426,1400,1183,866,637,383,771,749,46,963,1544,1329,947,1024,84,1139,633,341
145,415,745,24,590,1019,177,1031,315,53,937,265,790,1132,857,1620,726,1512,1219,1085,1280,935,1108,55
1520,1113,858,579,485,1438,1227,1065,641,39,1451,728,578,870,1271,1385,1066,732,585,682,295,1536,1087,599
1021,1505,1593,778,1292,1036,658,530,1203,439,642,1032,304,1251,278,1332,261,1232,610,1356,1319,792,849,1016
1555,1307,885,496,639,230,1022,408,1508,543,1403,561,661,253,1089,490,401,1532,1416,1327,1299,199,175,1048
1448,68,752,1011,35,467,1581,157,602,605,1493,292,573,1159,1388,1044,1347,1303,501,718,1002,696,1349,569
1608,162,606,1173,255,1535,1061,1382,715,1148,358,492,63,1345,1317,1633,1587,683,12,827,83,1301,627,723
801,1140,1262,1111,600,407,987,1611,427,1407,1229,1200,390,346,91,323,437,1117,692,995,13,494,1330,820
1357,386,5,1358,782,353,395,1221,1351,1609,171,1565,1000,871,1057,1147,1086,316,623,1037,1411,108,662,873
435,976,1098,1355,1088,410,1104,1373,541,988,327,932,1006,1282,922,283,1075,1172,307,226,183,714,1436,1501
66,1158,1224,895,618,1295,188,91,415,1125,467,585,1606,1357,104,5,1468,849,1356,793,200,989,33,1423
1246,1587,476,1472,429,299,1535,732,1536,1071,1511,68,10,796,1284,1027,63,754,1292,431,1140,338,249,602
598,292,804,827,1331,857,1119,988,1173,169,1319,171,728,812,871,1088,1152,987,684,1460,1086,1355,417,38
61,635,1108,1159,210,858,1183,935,821,1194,265,1368,733,1060,304,888,883,833,1203,834,1112,67,1527,127
1065,1329,1388,1149,441,6,427,959,1384,963,689,75,778,1243,801,1519,1501,1341,316,24,520,697,1496,885
1405,278,723,519,1333,199,82,580,253,1345,353,960,861,1301,1299,866,187,642,162,1395,372,1017,1294,976
1085,567,807,1371,1075,1200,639,1520,343,1422,1098,1373,1011,437,852,29,1382,1272,1015,692,782,1113,1022,358
395,1199,1628,184,346,203,137,1343,258,1171,1079,795,659,1565,1621,994,498,100,561,1221,1578,820,1369,755
280,211,490,1312,569,378,168,593,405,248,878,136,800,627,497,1282,1605,348,1024,999,840,435,1629,1631
336,1416,313,1019,869,177,1358,1275,1147,1021,546,1635,654,368,1139,1411,839,323,397,870,752,1636,1095,980
1155,1262,373,605,922,714,1451,1031,226,1555,1420,790,1426,691,254,633,1051,600,1111,1415,604,565,134,1351
1493,1089,39,874,388,1087,670,785,1256,1505,407,198,1486,1625,947,1132,1170,1317,623,953,1144,1092,610,1250
1436,576,1251,1530,1592,389,145,386,1349,1287,1293,637,400,308,179,584,488,1328,1049,916,410,912,230,776
974,255,1562,1448,307,1245,731,1192,591,261,223,509,133,1209,1633,143,1440,658,1326,360,675,325,996,508
1593,713,194,620,1478,900,667,792,876,55,919,64,601,1047,737,328,1608,683,494,403,706,1620,1503,240
1522,1618,761,872,339,530,749,955,708,1219,1076,35,1332,142,1143,1104,575,847,1526,763,1229,814,696,295
172,384,660,392,1172,543,1545,738,1066,84,499,235,94,846,718,1427,1572,1261,624,977,492,1609,1347,1407
599,1093,553,614,1215,1370,707,766,83,466,216,893,1385,1096,1611,879,341,46,1622,578,1232,1258,1315,592
425,1002,734,606,982,699,645,570,88,1016,315,1512,1546,1202,995,1035,829,383,1000,848,719,1408,794,745
125,495,1307,1048,1044,1374,371,764,715,175,662,1037,628,109,1242,901,769,483,183,1148,1260,726,267,1532
1580,1123,1524,340,1327,157,166,86,283,1438,1280,1184,1080,1061,746,1227,940,119,401,1533,1124,1006,559,1581
1557,113,661,1036,484,783,1521,932,1403,13,442,1488,446,682,1057,139,501,131,622,108,1013,1515,1456,1197
1070,1330,573,541,413,937,702,579,760,447,164,1032,929,1392,439,512,12,873,771,485,798,843,666,1271
1414,1544,1009,159,972,997,327,908,1303,1508,496,1400,809,1626,590,641,53,1176,724,408,1117,1461,390,1238
304,858,1578,235,723,1533,1251,1243,53,635,1148,1384,119,670,1440,601,1085,1113,1155,64,1488,778,732,383
795,1176,1395,1060,661,325,569,1256,1343,368,203,437,807,316,127,308,546,708,384,1282,346,883,760,696
1032,341,183,1095,1017,1345,1022,1096,113,397,683,1626,1011,413,585,1472,1388,839,1307,336,908,188,1373,848
874,1628,766,605,94,125,1016,893,1606,1562,699,1057,1295,483,253,1192,1357,67,1108,108,109,796,1299,940
1125,415,1333,84,1149,1456,1202,46,1076,435,1071,575,1119,1315,371,738,1629,682,731,1124,1111,645,1173,1565
1144,258,804,61,733,1587,1080,1580,1581,872,1272,974,278,164,66,75,498,29,706,328,1123,1555,879,1172
999,620,307,1079,255,584,157,492,878,599,1545,1132,145,1448,1486,133,143,592,937,386,1009,1250,1423,1143
1140,1427,754,713,1197,876,745,1636,1382,1403,1301,761,1370,1287,1104,410,162,1086,1112,598,530,1292,280,1544
888,997,1405,327,1522,230,1238,33,1093,840,323,977,1049,1242,1021,1415,168,1501,136,1199,1147,922,1546,947
210,790,932,1215,86,606,1035,1385,1027,734,283,392,1158,1341,852,1592,1521,267,654,579,1414,407,1312,1331
1411,373,869,1327,1184,1422,995,857,159,590,827,1087,614,935,1468,737,1000,1221,484,900,987,179,488,1436
567,508,24,38,1400,1019,541,497,299,847,783,1015,960,610,1503,429,1139,408,1347,982,1451,1037,812,177
254,175,1183,390,1621,1532,166,137,1622,642,1066,442,1620,313,200,1294,494,1013,667,684,372,866,240,794
801,211,901,1303,659,417,1371,194,1075,520,172,637,1329,843,570,543,1461,1224,814,490,658,752,261,1536
746,1284,963,821,1098,1317,1633,1271,68,1117,829,35,1293,980,1426,1048,1505,249,1031,91,697,104,1608,955
972,1392,834,1535,467,959,996,184,400,591,798,1262,861,782,446,988,929,1275,871,916,13,1070,447,1515
1355,662,83,622,1512,1044,1245,1496,1232,641,1530,1159,466,338,100,1065,512,675,1332,55,809,216,499,660
628,1368,223,771,1152,139,431,1524,169,198,726,576,358,785,691,1319,199,496,1006,1326,378,1200,1557,171
1330,1036,714,389,593,1349,519,689,580,1416,226,873,1408,692,441,439,1508,292,715,1527,1209,1438,707,994
749,776,833,1605,1420,142,1170,793,1611,12,895,134,339,702,1203,561,388,1351,82,1047,88,1227,1328,1171
800,559,666,360,427,600,565,769,623,1061,1358,1460,10,846,1618,627,1407,728,763,1631,919,1219,604,1246
476,618,1002,295,792,578,764,187,870,401,1511,602,989,501,1593,1194,1478,425,849,131,755,495,405,1609
63,639,624,976,553,885,724,265,315,1260,509,1625,403,912,340,1229,718,1051,1092,6,1493,719,5,353
1519,1024,633,1374,39,348,573,1088,395,1258,953,1356,1369,1280,820,343,248,1089,1526,1261,1520,1635,485,1572
441,637,796,348,869,843,530,360,601,760,714,373,1411,1546,1017,963,283,520,1544,633,1159,125,798,888
829,1371,1562,1294,1357,1049,642,567,1633,708,1414,935,175,684,1631,833,1152,417,960,1095,1611,1011,1183,1158
139,495,1317,658,1374,1388,1085,1448,1438,1280,1636,1427,1256,1629,1565,624,932,1143,565,1200,61,849,1275,134
573,801,265,1349,346,1079,1408,1368,569,1140,1315,343,86,5,1171,691,53,1622,113,12,974,1258,429,519
1420,1087,94,1400,1202,972,230,109,1373,947,1440,119,1113,1327,1243,1124,1006,425,490,403,1104,410,874,1132
127,485,715,338,1184,959,908,1002,745,1000,1009,223,67,776,1292,598,706,576,622,341,1511,66,368,1326
1086,1341,235,1295,145,386,999,1407,1219,988,692,226,982,313,1527,168,746,1036,1194,1384,731,384,483,203
1501,604,267,1436,1016,133,878,340,614,299,599,1061,771,142,1088,600,1111,199,1587,494,249,1581,593,977
55,1382,162,846,866,325,654,1545,1032,304,575,1422,10,883,1451,496,388,1209,509,1261,1027,872,171,553
635,499,1526,1493,719,1369,852,1312,401,211,179,1343,953,997,255,307,901,955,1628,1356,1057,1496,713,1013
1605,358,82,1251,795,476,895,1172,1021,1245,670,184,627,1024,994,1403,1392,602,1071,623,584,1307,1478,1176
827,413,702,1287,501,1096,157,187,1262,1192,1293,752,1224,1536,316,405,1329,1332,1037,1022,1019,108,1199,543
1347,1246,639,258,1229,1282,900,431,1530,696,764,308,1031,1468,916,397,1578,724,1139,447,1048,1625,1144,1044
1508,1147,435,821,198,922,1593,1284,143,812,1112,1456,876,1426,439,1119,718,104,1035,733,508,378,804,541
100,1272,893,1260,136,1319,1423,336,987,188,723,183,1117,1051,1123,579,1093,1532,871,1522,1108,1238,1060,1331
793,24,1519,408,870,407,1535,591,1355,1047,1092,666,1089,88,278,498,254,620,578,1333,327,592,683,737
442,164,1173,1227,1066,1155,395,248,1076,1395,763,585,885,839,1301,659,919,610,738,707,390,995,1242,976
29,929,699,1592,682,749,1557,484,389,46,353,1221,755,606,662,1303,1580,1520,1405,1328,339,873,1370,628
661,580,1250,372,937,1618,1626,847,1620,559,497,546,912,861,570,68,732,1512,783,1524,561,879,840,940
785,6,645,166,200,989,689,261,1486,177,1416,159,980,1521,437,292,1148,400,1505,253,1503,13,466,137
75,169,315,1065,383,800,1203,618,792,1098,1515,446,1125,1015,84,1488,1197,467,1232,38,809,427,488,1149
1609,1358,782,754,1330,996,734,1080,834,1621,1215,769,1170,1070,1351,64,675,1075,1555,295,848,1299,660,172
492,280,1533,1572,766,761,371,131,794,1271,35,1472,392,778,590,728,1608,814,1635,216,807,323,605,33
512,210,240,91,1460,1345,1415,667,328,820,39,1606,641,415,790,726,858,857,194,1385,83,697,1461,63
1152,1022,177,133,1047,1618,230,397,1333,1426,1227,1242,1065,1520,1079,1229,852,718,1293,340,959,1013,752,446
901,1620,1371,125,866,593,804,429,1395,1044,972,1621,684,839,1299,1031,745,847,569,1440,386,488,848,807
253,1636,427,843,46,1328,199,496,553,706,1049,407,1215,834,1460,13,179,188,790,1032,143,888,546,624
1258,1384,1246,731,769,1486,1414,692,168,104,280,1503,1608,708,1203,119,1021,6,373,82,561,1219,316,1405
413,341,1303,659,1148,1581,570,508,618,639,139,929,307,1373,1262,261,994,955,895,937,1606,749,1505,893
754,466,1287,1587,575,1351,501,127,1011,200,622,999,226,573,733,591,821,408,509,809,353,682,988,590
870,1374,390,346,1250,604,1155,134,1631,1301,401,29,33,833,776,592,829,476,782,922,1329,1202,1535,849
635,1245,1427,53,675,283,1609,796,378,1076,255,932,1527,519,707,794,1448,100,1355,159,1347,145,919,846
5,1282,567,1051,1124,912,1511,295,683,12,403,1009,872,66,713,1113,858,812,580,1546,348,827,485,39
1578,728,798,313,1436,1197,1416,600,1080,1524,732,1319,1098,605,371,879,1315,1292,183,989,1415,1456,814,1158
689,1508,425,35,1451,974,109,738,771,578,1501,696,1171,1544,1368,1461,1183,960,1345,1125,658,1438,1132,691
1261,415,935,641,1622,1147,628,1331,1295,131,67,1224,1112,1149,1411,1092,764,1382,778,1209,661,1349,1521,1369
876,940,900,203,1478,1238,1108,667,1580,601,240,417,1294,1403,1140,699,976,499,441,1123,963,278,1194,883
166,1512,761,1060,633,1392,565,1036,1111,1000,1545,1272,383,1275,169,1312,86,157,1159,874,198,68,1027,997
795,980,1117,368,1089,1260,1015,1192,620,249,64,1557,1385,1057,715,1035,1256,660,267,1611,543,216,467,1326
1087,724,916,1002,1407,783,1633,1572,88,299,292,755,1357,38,1626,1532,1408,223,210,1016,258,1139,248,996
1605,1356,336,1307,602,576,1555,792,723,947,55,1271,541,495,1327,746,1526,431,1085,172,384,94,734,360
987,410,1104,857,1037,982,1280,598,1496,437,1066,623,108,1143,265,666,388,702,737,1096,1468,584,439,389
585,1562,1533,1628,395,1358,1017,137,610,654,1075,194,304,490,1422,211,873,1019,142,1515,400,1420,315,325
339,1024,1493,861,579,1343,885,61,327,405,1172,1221,494,1061,483,187,1071,184,1629,1400,1232,820,606,392
175,726,662,1093,1370,1088,1200,328,1199,442,1592,785,1423,763,497,1625,162,235,136,801,1519,1330,871,1095
1488,1144,308,1530,670,1593,84,171,1243,435,800,878,492,83,953,840,1284,254,614,10,599,1070,343,1119
1388,637,323,793,498,869,1170,1184,372,627,766,995,642,91,512,1472,63,645,1635,484,908,1086,697,358
760,1048,1565,447,164,338,559,1536,1341,1173,1176,977,719,1317,1332,75,1251,113,1522,530,1006,714,24,520
829,1256,492,1024,1243,1155,1049,599,888,1382,1246,692,763,570,483,713,1456,1108,84,820,1374,388,316,847
1333,164,261,645,137,166,804,1535,1096,1608,323,1592,1111,1343,1200,1258,383,142,384,658,1089,1587,1629,1098
400,755,67,1271,1581,771,635,1536,64,1113,641,1209,392,575,1501,1423,1503,959,1356,1371,1011,661,94,265
343,883,1060,1520,198,249,408,1527,866,1622,715,1451,442,1327,1618,429,1292,1092,963,1242,1009,1035,553,512
988,708,569,63,885,1051,1075,620,637,466,495,405,900,162,1373,1032,240,1407,795,498,901,987,916,1173
199,295,172,1530,565,1319,125,1532,1293,1426,24,1183,1332,403,812,769,88,1015,1303,307,1229,683,567,1037
1580,1147,1093,395,1021,1478,1079,706,600,1329,113,796,580,46,843,53,793,1044,1221,427,1420,1355,749,1019
1172,29,976,1448,100,157,691,1148,1192,194,1347,1546,136,177,33,1219,610,417,682,373,1022,496,1496,348
341,728,397,223,83,541,1085,340,1295,441,499,1526,308,66,754,1609,922,1493,977,169,1203,200,1158,718
684,1317,1351,339,55,947,390,497,794,401,940,372,1282,733,1345,1315,870,1403,723,171,304,108,447,1071
699,1519,508,1245,39,857,1112,598,1368,878,628,546,1275,972,1370,800,1017,834,871,734,869,1260,1511,1227
1633,1385,1215,1468,467,602,960,659,585,1117,1171,1357,145,783,848,1522,1184,876,989,1533,1486,183,168,1555
919,707,1460,1119,413,1562,561,1578,559,1104,278,1620,6,1132,211,1408,315,724,1144,1631,745,1611,982,1140
801,785,134,624,1307,520,590,697,1488,254,12,821,714,248,431,435,1088,1440,346,849,1358,790,1087,929
1287,1331,1294,1159,1152,895,618,439,1036,732,980,1143,1027,1436,386,999,1411,1299,1384,1565,415,1330,10,1224
606,760,1002,235,1545,179,1125,670,360,702,846,1572,5,1427,407,1280,488,410,1061,761,639,368,283,660
292,1047,1405,1472,313,778,1057,1628,852,1086,1016,623,827,1461,1251,338,1197,578,230,519,1544,1006,490,1392
253,1369,299,601,974,994,912,336,1139,1621,1031,935,792,1076,1438,807,675,1095,61,119,501,1170,226,1521
809,1524,873,1328,1416,1194,476,1123,1284,1199,187,328,109,1000,764,267,509,605,280,1048,378,872,861,13
726,662,593,543,766,188,133,38,1636,752,255,371,858,953,737,1414,997,143,184,1326,327,1505,654,1232
35,1626,210,633,614,1349,731,604,485,627,814,908,995,776,159,833,1422,798,719,1341,1625,1415,667,325
1606,1149,642,782,258,139,389,591,68,746,1262,1635,1593,879,573,622,1512,840,216,1066,579,1261,1065,937
75,104,484,86,91,893,874,955,576,1312,1301,175,839,437,1395,1388,131,353,1202,1070,996,1557,1238,203
1013,494,666,1605,696,1272,1400,530,1515,358,1124,584,592,1250,1080,446,932,82,425,127,738,1176,689,1508
1232,798,723,383,1315,386,937,1192,1374,1085,708,1407,530,1330,1243,839,403,108,1631,1250,834,1408,771,1202
278,861,1197,1358,1609,766,187,1284,38,417,1227,1035,940,1356,1415,1628,1200,1385,658,989,960,1307,1478,1524
846,5,501,1505,179,912,400,328,509,1606,994,599,35,1076,922,1123,977,1032,929,496,1461,6,1036,1258
183,1022,1503,490,642,1565,858,1037,584,1299,593,883,1051,895,732,429,346,1587,100,769,872,1312,1159,1535
1125,1440,761,230,307,413,308,1501,1331,1621,485,389,175,292,1215,916,84,113,807,166,1373,1496,1488,1345
253,692,323,1079,543,1546,484,1326,1493,1411,395,249,553,261,1403,1438,1472,1011,959,1075,200,83,1349,476
1511,953,1371,662,879,804,575,1519,592,1027,1572,137,827,764,1580,1333,602,10,600,494,1009,919,226,1002
177,392,498,159,782,1620,1319,447,164,1088,327,1343,240,1562,683,746,1275,1260,734,1245,408,997,91,982
483,341,1611,715,1092,1044,512,188,635,283,738,1111,623,1605,812,795,431,499,1303,104,348,849,1520,869
874,1144,358,847,987,618,427,1203,1171,1388,1256,1087,1060,980,33,125,1608,258,1327,821,339,410,373,1536
573,749,1152,1224,1143,888,1370,142,1593,793,754,94,168,1158,1117,343,1282,870,171,1209,1242,1172,63,1031
833,1238,157,857,714,1061,280,1512,360,143,1184,726,1089,1194,88,55,1132,579,86,425,133,255,372,1427
67,1355,446,1521,796,719,1221,388,988,794,1351,1384,210,1460,1262,497,1423,561,682,172,785,691,728,316
1422,578,620,390,519,972,1555,996,790,1016,624,829,1395,999,684,371,776,1149,1369,995,467,216,801,567
1347,29,1139,1420,466,1229,1508,689,576,763,1049,1368,585,1096,901,1015,733,706,1357,1148,353,1622,1170,194
660,415,223,1024,963,871,299,439,304,13,1436,1292,1173,699,565,840,435,645,1104,696,442,1013,1392,488
1382,211,1545,520,745,1626,809,1618,1317,1633,127,1098,1527,1086,814,718,866,24,1294,667,590,598,68,1636
873,1006,670,46,541,1557,800,1093,1251,248,1112,1057,702,697,492,1332,1515,1219,591,1246,546,1448,932,407
569,1625,1021,601,184,1592,893,633,325,1400,1414,1140,1065,162,1070,12,820,1301,265,1468,1526,198,1486,614
199,976,604,1293,659,627,707,313,1080,876,1155,1426,1544,610,1581,605,1119,66,1271,654,82,1176,622,53
641,1530,848,843,136,39,1199,639,1066,139,1287,254,75,401,1280,1019,1416,109,792,559,1341,1113,169,878
935,119,1261,1405,1071,955,628,384,661,570,637,145,64,737,1124,235,397,315,1183,378,1047,508,1272,752
852,1532,336,908,778,666,783,1095,1522,760,1295,405,368,131,731,267,1635,1578,338,1017,606,755,900,61
724,974,340,1451,1108,1533,1000,1329,495,1456,675,885,1147,1048,437,1328,713,1629,947,441,203,134,580,295
724,439,1002,1057,666,861,689,113,1295,484,248,996,1535,1032,1301,812,764,46,883,1524,437,827,997,323
963,1622,1405,929,1374,553,972,1395,782,175,1092,1331,1272,1329,738,578,348,873,386,1438,371,794,5,1349
1557,1420,593,866,809,1013,6,1620,916,390,346,1027,908,1565,1037,125,769,1501,585,660,383,1294,389,509
139,606,755,840,1373,1017,183,100,618,895,1355,327,893,1262,1416,1124,188,29,702,1119,1503,1636,1149,573
1019,960,372,834,1341,88,109,408,169,912,1123,1333,91,801,580,483,1572,1009,425,240,490,1260,959,559
790,1256,316,1176,771,707,659,1515,1629,1532,761,368,807,24,590,343,1536,726,143,888,1036,567,341,1000
1555,814,1327,258,1448,733,447,1200,530,937,164,1139,67,870,401,1229,145,1144,592,405,1066,119,715,1006
1275,397,1203,1478,1147,498,1303,1098,953,211,1408,1407,570,543,1440,754,1370,1016,501,1368,846,1628,706,162
1060,184,476,13,821,800,1070,1312,1221,1411,1075,749,541,35,1093,745,718,1330,901,1159,1076,1280,1527,1511
1219,1609,1021,858,714,1426,1251,639,857,1468,166,353,1202,1051,645,1317,1633,940,1192,1358,922,1414,1520,512
869,199,1022,637,336,1403,1562,989,1232,496,492,569,980,39,746,1261,194,1592,1427,104,1319,226,1422,878
142,133,1581,1522,299,1132,373,1385,662,177,796,508,1271,1024,1170,1242,622,159,253,467,1307,684,783,1332
494,737,885,1415,623,982,1357,776,61,304,82,635,732,598,1113,561,255,172,793,658,1140,1194,395,600
328,682,216,1626,1508,63,1086,1148,392,55,12,683,1512,1578,1049,627,955,1544,415,1436,308,223,1371,68
1635,620,692,53,127,134,1292,661,203,108,131,1088,187,1061,1369,839,417,1456,1031,879,699,932,519,407
1608,410,565,1519,1351,731,280,1284,1287,1606,994,919,230,10,1095,94,431,83,849,1400,614,1224,1282,1530
84,1326,485,579,1246,157,1011,734,1621,1243,974,785,1423,1047,171,766,795,1015,261,624,1143,1392,633,315
488,1618,137,1250,1293,792,1505,1108,1238,1343,988,75,601,843,267,198,384,1533,249,900,1580,546,400,847
499,283,427,338,200,876,1526,752,1152,520,292,576,1625,1197,604,1488,1209,429,1079,1065,874,763,987,848
136,1171,1172,358,1382,575,265,1215,325,254,1493,1472,778,696,804,995,691,1087,1388,1384,1496,798,697,820
1111,1315,278,295,675,1080,495,1451,168,307,413,1328,388,378,340,38,446,179,1587,833,210,708,947,591
872,66,1173,1199,641,86,1155,1631,466,1035,1605,977,976,1117,1071,1048,1347,1089,723,728,1227,599,667,497
313,1183,435,1356,1104,339,719,871,713,1593,670,654,1044,935,605,33,1521,1112,1486,642,610,1460,1158,602
1085,1345,760,628,1546,360,1245,999,441,1611,852,442,1299,584,1258,829,64,1545,235,403,1096,1461,1125,1184
203,299,840,143,137,415,134,785,1044,614,1209,1261,1416,1079,1407,1501,912,1426,1408,1221,248,1400,602,876
530,1096,1202,442,127,1411,1351,249,929,1608,1557,667,769,567,959,569,497,488,1085,1287,139,499,935,492
1515,368,1593,371,627,6,846,1280,637,585,796,874,989,1258,494,976,599,308,1172,800,429,713,1176,339
1618,1317,1572,162,198,737,1496,833,1021,142,1203,565,1633,1536,1093,1293,446,987,752,783,1385,829,598,812
1395,495,697,1546,746,771,1183,1519,1461,995,501,1503,1295,1024,1545,400,46,604,315,1403,10,346,1555,1448
579,843,372,171,901,1219,1080,870,179,1301,1544,29,83,601,75,177,955,871,731,782,283,834,1609,358
849,1013,1098,953,1124,1002,561,82,425,1065,1303,659,388,641,389,879,714,661,820,790,682,341,230,1011
988,821,1015,1294,38,1625,691,360,441,1031,1356,940,605,642,258,1158,235,159,1250,373,1016,1066,689,392
1242,1382,64,1478,932,873,1606,1262,559,994,883,622,1345,1037,692,1328,1405,261,24,253,1036,1087,1149,1170
1427,1125,1095,761,175,1173,908,187,1238,696,1047,1533,520,408,410,1415,1562,809,1329,974,1388,600,723,728
1423,403,1505,1215,265,327,573,1468,666,1508,610,628,635,91,84,1530,1019,706,1349,1587,1144,1368,172,100
61,718,593,660,188,670,1631,1260,1271,1420,922,1139,576,578,1374,53,885,675,255,1227,546,435,623,1580
996,980,732,519,439,223,847,1526,1117,1358,715,1111,1076,1246,348,39,1049,1511,417,1626,606,1315,1319,1592
541,1000,427,1620,1436,543,1232,1312,183,814,1224,726,145,1032,1332,1104,749,708,484,861,798,199,1006,323
1440,1256,760,982,133,654,1622,1343,1535,997,353,328,254,590,1148,1243,483,476,792,878,857,807,343,1027
633,1197,624,166,1578,893,645,401,1245,1384,119,895,888,1438,794,801,1422,793,764,553,618,872,383,804
1512,866,1199,94,591,1057,307,1229,919,1284,1347,1048,88,136,216,1251,104,1581,169,278,313,1292,947,1392
848,852,1200,509,496,1486,1171,766,1371,1355,1088,431,795,839,466,1282,1488,1155,763,916,1192,157,1451,336
937,1532,584,5,1521,1520,1357,1089,960,1605,639,1611,33,390,869,1194,900,240,1299,267,662,1009,437,738
340,490,405,734,316,755,413,1414,972,1370,733,1060,1147,512,707,66,200,1373,1143,108,184,168,1527,467
1113,858,1112,508,395,86,1075,1565,580,1275,620,1051,977,1341,575,226,1456,570,1140,1629,304,1628,63,447
683,1184,386,745,1326,1272,1522,1070,1330,963,1119,338,498,384,211,131,292,1307,378,67,109,280,999,1472
1159,35,1636,1086,13,1152,778,699,407,1460,1331,724,68,194,1327,210,1108,1035,702,125,754,1022,12,1092
1071,1333,684,1017,164,1061,397,592,1635,485,776,719,1493,827,1132,55,325,1369,295,658,1123,1621,113,1524
307,733,858,857,1515,982,336,543,1448,265,497,1333,348,1256,959,1051,492,1303,1371,75,734,162,172,137
119,200,932,642,567,1555,1488,847,113,371,873,1593,715,378,1307,919,661,68,159,10,429,1403,769,498
1292,1400,843,415,1096,1357,785,346,258,509,1027,512,1468,591,1031,1368,299,793,308,792,575,878,706,1331
1144,852,576,807,1557,1200,1592,1119,1405,1628,1635,1272,654,253,145,1408,584,1521,1587,1080,1578,390,1581,1092
530,499,188,667,1152,1422,604,199,278,796,804,1011,1631,1000,1184,895,618,893,1420,1229,1460,1060,1183,937
407,1170,1438,1192,776,496,988,1328,1019,1508,1609,520,620,833,569,125,708,164,248,1493,1158,441,800,157
713,974,431,848,425,216,1544,1519,1088,1049,760,702,389,1427,1503,1520,718,360,82,565,410,1327,210,86
1098,1245,1048,692,821,559,846,1456,662,1326,1287,1625,1532,972,1478,732,1535,691,1176,341,1112,1075,593,1065
1086,659,254,24,590,1262,633,778,570,1111,417,689,1070,1113,546,602,641,1618,1562,292,876,466,834,1202
624,1024,1416,211,1243,1015,1147,267,614,1224,1066,323,446,1132,1047,940,397,1159,1329,622,1123,1315,1095,1282
1358,1209,987,1232,83,1388,728,666,1621,313,33,386,790,888,328,1330,783,143,501,1505,405,872,1215,230
316,794,1087,579,1636,1293,840,1021,1299,280,912,645,1496,187,699,1373,1440,908,1530,339,1013,1501,1301,353
1392,879,1565,1036,553,1511,13,1526,953,997,175,383,327,1032,723,442,606,1006,1089,1076,1512,738,763,795
869,388,541,5,255,1633,1227,996,977,1524,6,358,580,1580,714,64,1395,401,1260,1194,340,1104,127,960
1374,929,1199,1143,670,1370,508,1219,1332,1486,372,849,1382,901,955,12,1472,1022,1221,1347,61,484,684,136
338,1258,963,384,29,108,675,171,166,658,413,861,610,885,1349,995,249,35,639,427,1242,392,1536,1356
697,373,798,1171,1423,1149,1461,447,1275,467,755,1629,1280,801,752,1093,871,573,109,814,916,1426,84,980
637,1317,1451,1312,1611,183,839,488,100,168,1527,66,561,1606,707,142,203,519,1251,883,599,1436,179,1017
261,754,88,731,1246,994,133,194,1250,325,726,1415,1016,39,578,627,1414,223,761,368,1148,766,1572,605
104,483,495,809,435,749,745,999,628,782,1117,1238,46,1271,1079,476,395,1085,1345,400,1261,1044,1037,177
829,235,131,437,1284,623,1061,764,1351,1620,1002,696,1605,139,874,1140,1385,295,1139,198,660,1035,592,1319
585,1009,812,820,304,947,490,1295,1124,598,1533,169,922,827,682,1384,283,1203,134,1355,91,1341,439,55
1172,1545,635,600,1608,1108,1407,226,1155,53,771,866,989,240,408,403,63,343,1173,1622,1343,94,724,67
976,1411,1197,1125,1057,870,494,683,1626,485,900,1294,184,1546,1522,746,935,38,737,1071,315,601,1369,719
1374,82,543,1508,670,1636,216,937,731,1293,1448,847,1048,1232,75,667,68,159,1152,1440,446,1183,1148,959
1384,119,776,1071,602,960,662,1472,1184,585,1070,400,1580,313,1460,169,833,1385,413,1011,425,724,749,733
39,601,1426,1330,900,1629,869,1275,327,1416,1209,435,584,1633,606,389,177,499,874,1079,429,1519,1565,1438
100,61,64,878,714,1287,1422,1280,760,492,963,1057,580,265,1414,726,919,55,713,1117,1119,483,1061,1111
1326,38,199,386,738,553,1403,137,804,1002,947,104,792,249,198,371,1555,834,575,999,1172,84,1112,131
1628,358,485,1522,1327,1044,639,893,737,295,1036,728,1358,1521,407,1456,1251,576,590,866,1132,530,1294,210
1349,83,1488,801,109,175,605,1546,10,1501,1368,570,1202,1345,573,230,715,821,91,328,1303,280,972,660
980,1031,498,1227,872,1149,401,579,1572,1246,1299,1436,315,565,200,467,798,620,410,1530,1158,183,1192,1609
6,261,1524,1098,989,1009,267,94,194,683,1423,1262,1608,46,1411,754,1451,1478,1224,437,254,908,1047,1200
304,1532,1176,879,1605,794,439,1493,1317,1215,1468,1037,1076,857,1035,940,885,1066,397,1089,696,403,1087,1351
1051,108,827,415,125,929,987,86,1461,995,378,785,627,316,1292,809,807,569,732,1496,405,1332,1329,283
1080,172,895,618,912,1512,1388,706,876,592,666,496,1075,1140,820,600,708,1622,637,858,873,1371,682,66
1032,1092,495,1242,734,1104,497,187,339,1250,1095,325,974,691,1199,1520,1260,790,718,1593,559,1258,755,253
368,235,766,1147,1282,769,1382,932,392,1536,1587,323,346,635,994,1526,508,143,541,343,1545,628,447,1171
1256,800,1000,1170,292,1096,1420,223,1261,1065,255,1625,1221,519,278,388,658,1027,996,395,1578,1505,1159,1618
763,675,88,336,846,782,604,248,793,598,299,164,63,1006,1086,591,341,307,1333,997,338,476,1113,1515
1347,162,1427,861,1395,1143,1021,852,1245,360,1085,659,1144,1271,520,1108,1238,33,1626,484,373,1557,1562,1017
567,778,1203,642,633,812,171,1272,1019,1503,661,490,1373,353,1015,1295,622,1533,977,1606,1535,136,226,745
771,1631,166,982,1024,614,814,1049,1307,610,645,719,466,1173,1319,35,702,1544,372,624,29,1331,1093,139
240,308,1400,1016,1581,599,1284,1611,761,1405,699,1527,1022,795,431,1219,442,1343,258,935,922,1125,689,427
870,384,848,955,203,134,684,5,829,546,142,1392,1355,796,783,441,113,1341,145,953,24,1315,494,697
916,348,871,1511,340,1060,888,1621,883,184,988,1370,723,383,1124,1620,12,408,1356,901,417,746,1155,1407
1369,512,849,1139,654,1357,1243,764,1123,707,53,133,1415,1088,840,1197,641,561,390,692,593,1328,157,623
1408,976,1592,509,1013,1194,127,67,843,211,1312,1486,501,839,752,1301,179,1229,488,168,13,1635,188,578
848,328,283,654,980,38,726,658,386,820,336,1572,734,340,1371,1080,1294,1415,738,492,637,1330,1345,1202
1524,732,519,929,1496,1355,392,408,1057,1527,866,100,495,1037,378,1032,697,485,1075,1173,83,1048,1511,796
1448,490,618,1422,900,706,733,798,1250,10,223,308,639,1093,33,1192,1158,610,935,1049,1098,1368,776,1232
916,373,1159,164,752,435,203,1505,1016,624,267,1051,1427,1388,1472,171,1140,1587,1246,821,569,1123,764,1592
1275,1044,1319,829,1369,715,604,792,1139,1373,348,869,439,145,530,1124,1423,785,172,113,1307,299,1132,125
659,565,183,1436,718,261,1416,1565,708,1405,641,707,1332,1493,1000,199,1065,1347,253,827,1331,1636,1440,304
1374,1578,415,1149,1438,895,794,1327,1171,496,1258,628,1017,417,1284,346,390,1292,249,1456,1488,1144,988,849
520,1013,675,1024,1622,1343,63,843,46,91,1199,1262,575,801,109,425,119,395,763,996,959,771,494,662
488,1303,446,1593,947,75,769,723,187,749,1061,963,1047,702,1341,55,1071,602,635,997,211,699,1282,447
614,216,541,254,389,592,1533,1384,800,175,1356,1633,871,1545,814,88,567,683,606,642,1317,67,1238,1522
870,940,719,1515,1176,692,795,343,1152,1076,484,509,666,1112,908,258,1385,198,1143,315,995,194,766,724
570,1087,405,1580,746,1086,1015,61,1019,1562,987,82,585,1546,108,580,371,593,888,397,1170,1089,1581,94
874,134,793,667,1357,248,1382,437,1400,1508,1606,66,760,316,1066,368,341,600,1315,68,546,1408,210,1224
24,872,1519,1006,1461,684,1079,86,578,64,858,1426,976,977,812,403,999,543,1555,661,876,1031,1403,39
745,353,1557,265,313,1312,1229,783,476,1329,1486,1011,1088,410,177,139,883,972,1532,1620,498,179,12,1544
1242,325,728,166,499,1605,782,633,1358,497,1526,714,561,689,1629,226,1261,1333,159,1631,200,922,754,731
1209,1299,168,691,1070,1512,188,982,307,601,878,162,400,1035,278,553,1119,1407,1625,1328,1503,989,295,280
6,5,1021,29,879,1117,1245,131,1085,807,1621,13,840,1349,1351,912,1027,467,778,1521,323,1295,645,1203
901,591,136,1243,84,627,1535,713,255,861,483,401,579,953,761,1155,1414,292,1293,696,338,1219,429,885
388,1104,1271,169,1251,1609,240,955,1147,1113,620,576,839,1272,1060,1036,1608,35,1611,427,372,1172,508,660
960,1194,1468,1451,339,1108,1392,137,1280,127,133,1301,1215,1635,1184,1256,1009,1227,104,1411,1095,1002,1536,1618
852,1022,834,1096,559,1111,682,809,358,873,1092,383,1200,1460,442,1478,384,1125,857,1221,994,937,846,790
847,1520,466,1197,157,670,804,573,1260,360,755,932,833,584,1530,431,598,142,1148,143,1420,1326,184,893
919,230,1501,1370,501,512,605,413,1626,737,622,974,235,599,407,1183,53,327,1287,623,590,1628,441,1395
675,66,706,360,804,216,10,737,1087,976,1330,610,133,188,1636,1080,292,1440,226,177,820,871,1176,508
696,1238,1075,1275,796,1326,1250,792,1149,429,109,1243,963,86,1227,1066,373,1172,745,580,12,579,1565,1159
982,847,1403,1374,733,1006,929,1522,1327,157,1060,866,55,1503,467,295,1031,1299,584,386,1108,1307,872,718
1373,996,916,1047,384,883,327,1501,1260,328,1505,1520,749,541,702,253,509,1022,315,6,5,821,1016,476
1147,1044,1345,1092,974,240,801,763,1427,1341,565,635,760,371,1158,764,1280,1088,1331,1448,707,659,235,771
397,1512,1593,723,203,738,400,858,187,83,1104,410,972,166,782,1581,1423,691,13,1317,593,935,661,599
1098,667,901,439,175,446,988,358,932,137,794,395,258,1572,1535,1415,415,119,164,1125,442,870,431,1530
1262,1328,169,576,1392,162,142,211,1351,699,697,1037,1076,172,24,590,388,1611,624,1287,639,210,1382,605
1282,746,1096,512,1261,1048,857,997,248,994,1155,104,255,88,1271,1625,1472,1065,1478,1203,1057,1580,1532,1112
1032,790,179,494,567,194,1192,620,171,1620,919,168,1527,91,184,67,1371,1319,839,1358,1293,307,343,1356
654,769,840,807,499,1111,405,1333,559,346,1609,834,1545,1027,591,29,628,1086,793,53,1315,492,878,488
417,1370,1562,732,937,637,530,1456,873,1508,1606,833,776,1292,64,959,230,633,1400,1578,1200,413,848,852
1021,1368,1405,692,980,338,874,1295,1256,622,1347,1219,940,1258,1460,1631,987,570,1036,1329,498,125,408,719
1024,198,483,714,960,1629,728,1608,435,254,353,666,861,922,1117,407,447,223,1388,35,1009,1215,1496,249
573,869,159,953,1369,1140,893,1303,1173,1224,900,1592,682,1000,809,1626,336,879,495,348,1468,1557,569,1221
602,1416,308,1332,1628,261,1148,278,1251,713,876,84,1635,131,578,1071,390,1436,1245,553,1132,785,1124,490
1152,561,846,606,1301,585,1017,724,989,497,755,1357,134,1199,1343,425,1426,999,466,1051,1493,1519,1486,401
143,383,1587,908,1015,1488,441,795,368,543,1170,660,1171,1061,1119,895,731,604,1622,734,1242,814,1194,885
75,683,63,1521,623,485,708,1524,800,812,1355,1011,752,1093,267,389,136,501,484,437,265,778,94,378
1035,68,1070,1536,1422,1385,1202,645,912,108,392,888,1013,39,1461,843,689,754,1515,670,575,1232,1197,761
995,145,1384,100,1526,1312,496,199,1284,1002,662,1621,600,325,658,183,304,614,546,1229,977,280,1420,798
82,715,403,1451,827,1605,1143,427,598,641,1414,200,1395,618,1349,61,1095,1618,1144,46,1438,341,33,313
1183,323,684,113,1633,642,519,520,38,1544,1411,726,316,1085,601,283,1294,1209,829,1246,1546,592,1139,1019
139,947,299,766,127,1049,1123,372,1113,1407,1533,1555,1408,1184,627,1089,1079,340,1511,339,783,849,955,1272
425,849,1047,1250,488,1355,494,497,133,947,1330,754,600,1258,869,1032,878,172,53,1351,187,1092,55,1374
1415,916,162,1605,1512,483,606,919,1451,633,1171,691,654,764,839,82,1606,1331,1472,134,1357,1493,821,1592
733,760,604,734,861,94,410,127,543,142,1555,1117,427,1203,495,1280,1527,726,639,1611,724,339,1080,1184
1403,783,1293,1287,1292,384,1015,980,13,1618,584,498,1024,292,1070,1022,358,267,1159,512,752,723,1326,708
29,659,1468,265,953,1275,1448,169,576,627,137,785,1183,1016,1215,1631,1343,766,1144,67,1423,1295,1238,439
431,6,530,997,793,1224,1405,353,559,960,1488,847,378,843,83,200,749,323,1011,61,622,492,570,1328
1524,496,1522,1327,64,1227,1511,1414,437,1199,1621,719,840,1373,1242,1460,1113,1261,295,283,1044,1496,833,1037
1626,1202,590,809,1608,1478,1192,1262,912,1384,1436,692,1501,66,1345,168,713,1108,183,872,963,1243,1625,1009
519,386,769,1282,240,635,569,1392,778,1123,763,509,999,299,662,1111,35,900,782,1426,565,1104,578,620
893,1633,623,987,1581,908,1530,888,1071,400,1461,1006,325,198,858,641,1515,1260,442,675,776,1035,408,466
1251,372,932,1382,959,857,874,401,798,1147,618,280,1422,628,994,1048,1013,599,1049,1347,171,870,328,795
929,848,188,812,1536,573,373,397,846,1526,1246,389,827,1158,814,1229,637,1503,383,1532,226,88,360,1021
476,1609,728,1636,407,737,446,732,561,1076,715,1065,1341,660,1057,100,885,1315,395,1578,977,804,1329,12
706,1027,10,1505,315,388,1149,125,702,879,33,1635,520,642,1271,39,683,1622,974,541,1019,873,1221,1200
75,1119,1284,667,1148,800,1319,338,278,304,1088,922,194,441,996,343,1629,871,392,390,348,718,1017,113
605,645,131,203,883,1546,84,1565,714,1420,1416,982,1132,104,1356,91,429,145,1197,1219,1000,593,1031,1294
697,327,1272,1060,253,1036,876,1317,1427,995,1508,1086,1388,1593,792,1061,371,1125,1093,254,658,86,143,1332
1521,761,940,1152,598,405,1628,602,1066,579,1087,136,592,308,223,546,1299,1557,499,699,1095,553,1370,852
755,1051,1172,1098,1140,829,485,1620,261,255,1075,1368,1139,184,580,340,801,575,109,1194,413,820,1371,68
1408,1385,1349,313,1209,610,624,696,1301,1312,139,895,467,368,746,1089,661,1395,614,210,807,790,1143,1572
1535,1170,794,258,1533,988,307,738,5,591,731,199,1580,1411,119,1333,346,972,1562,164,447,46,1587,1002
901,955,1438,1486,745,866,249,1456,179,682,796,177,341,666,484,336,1096,989,159,166,63,1358,1256,1173
1303,935,235,1519,1400,1520,1407,1124,415,1544,707,216,937,1085,508,689,585,601,230,108,1245,490,834,316
403,1440,567,157,684,501,211,976,771,1369,248,1155,1112,435,1176,1232,1079,417,670,1545,175,1307,24,38
1585,565,1224,1368,1304,937,1214,1209,1483,239,1558,1223,370,124,1578,655,1204,1597,667,984,1547,499,855,233
368,1042,694,1102,887,1297,256,1273,1455,1086,336,636,621,807,972,749,213,119,190,1588,1225,1619,61,906
1294,761,1472,88,848,561,639,778,324,1061,316,1076,1267,1289,335,1340,99,1475,1315,1302,1235,772,297,174
67,1562,434,1458,1250,514,1313,313,1301,179,632,443,556,253,820,1079,400,342,1486,980,1096,1152,1243,691
135,131,1427,738,1415,750,606,1019,1082,1484,8,108,994,872,585,1262,1074,412,1276,1614,418,1355,141,681
599,198,624,1172,1083,1311,859,1109,1413,478,813,1012,1451,1151,759,311,1293,1401,713,1394,427,1350,934,111
614,1579,697,202,1332,299,576,1272,827,812,1181,874,1324,153,1437,562,1323,476,763,6,52,837,1469,789
584,1609,215,598,364,500,1510,1236,1612,1367,1005,171,1396,3,708,43,900,120,947,285,1230,687,56,467
1144,724,1292,1021,255,1256,959,1090,1036,564,388,809,941,509,1468,635,46,832,1383,404,159,1361,1022,1052
591,646,137,840,719,173,181,113,308,645,912,79,626,747,1044,512,258,350,642,248,781,10,223,1113
1329,1303,921,1522,247,237,1013,878,1202,683,1626,1194,1118,769,322,1630,452,723,1456,602,592,191,501,325
1370,495,867,1046,337,943,718,845,95,1517,344,1352,493,326,1482,526,1227,843,1526,552,24,1285,138,145
801,575,390,346,155,640,870,510,608,403,1416,1248,1280,1440,358,1389,1373,1047,1418,804,21,579,1229,1345
1326,214,1018,1270,1557,353,541,109,304,1085,63,1321,1163,1500,1075,278,33,127,1184,1170,440,885,596,766
1527,658,1580,1411,68,794,1299,1307,574,1142,810,1507,557,1460,597,1594,1117,203,57,1419,519,1342,507,399
35,623,572,160,1567,725,1203,55,780,1467,81,277,988,1171,339,387,774,1132,547,480,18,1584,398,130
1091,1587,1195,753,588,970,477,1593,654,1084,1519,836,1186,1627,740,280,869,1359,1405,1605,1509,1563,1372,1363
949,682,199,453,374,164,799,680,732,661,881,169,1057,1027,873,281,1110,555,361,569,1092,1252,1101,796
950,292,1245,327,963,1071,433,410,163,1566,871,1263,1059,893,834,93,554,1336,1309,771,1183,553,1078,1399
490,830,1189,1011,1371,1176,1508,446,1244,125,172,573,803,487,942,1283,216,389,133,1143,1611,1330,702,121
189,814,1344,1269,249,1513,71,1028,603,417,864,1122,610,184,609,154,1108,488,995,607,638,1216,911,1153
458,407,1536,685,1185,1622,1049,378,1420,1572,1636,1351,1334,700,989,967,251,758,1404,1618,1335,1234,1127,64
715,1260,785,1119,733,1010,185,1385,722,1461,372,1095,530,909,1442,11,1106,321,1274,22,808,776,1382,1237
1162,633,204,1333,1125,1544,116,953,879,1629,1505,1545,924,305,210,1565,1426,999,955,1393,1362,689,437,234
