715,323,827,745,1079,1113,1327,292,745,707,413,812,734,415,0,0,0,0,0,0,0,0,0,0,0
576,338,937,1158,1521,1403,847,1144,871,778,1280,316,384,1155,947,763,0,0,0,0,0,0,0,0,0
1317,35,1242,499,166,1013,1024,1328,336,662,1123,53,0,0,0,0,0,0,0,0,0,0,0,0,0
792,1246,1456,200,940,686,0,0,0,0,0,0,0,0,0,0,0,0,0,0,0,0,0,0,0
1581,142,494,1075,512,1070,346,756,1081,1202,1562,1347,1044,1578,1603,0,0,0,0,0,0,0,0,0,0
109,108,1369,1606,761,883,203,601,1592,496,1530,1242,0,0,0,0,0,0,0,0,0,0,0,0,0
1032,253,1036,553,1408,1407,157,1139,240,1620,295,159,637,901,912,439,870,0,0,0,0,0,0,0,0
893,519,932,113,283,1112,520,0,0,0,0,0,0,0,0,0,0,0,0,0,0,0,0,0,0
1260,1461,1125,963,12,692,1621,1243,315,1329,249,584,1132,55,408,1581,1423,777,0,0,0,0,0,0,0
466,343,1293,1065,1245,598,1546,1633,46,696,1636,184,1098,1522,795,177,1201,1392,179,605,0,0,0,0,0
641,1493,1149,953,383,1119,307,67,1108,0,0,0,0,0,0,0,0,0,0,0,0,0,0,0,0
405,1303,1332,397,1006,1197,5,1415,752,0,0,0,0,0,0,0,0,0,0,0,0,0,0,0,0
1526,1002,749,895,171,134,1357,136,258,1515,718,1544,446,0,0,0,0,0,0,0,0,0,0,0,0
1565,1611,162,606,267,1451,1015,1199,785,61,1315,1532,0,0,0,0,0,0,0,0,0,0,0,0,0
1170,1061,360,659,495,1251,278,1171,691,585,610,1440,689,746,0,0,0,0,0,0,0,0,0,0,0
731,210,604,6,1080,843,353,1117,230,1345,878,0,0,0,0,0,0,0,0,0,0,0,0,0,0
916,1173,1503,508,498,1049,624,599,1294,809,1536,1349,728,1275,769,1088,211,0,0,0,0,0,0,0,0
699,1635,1358,1609,216,1333,336,1075,447,543,1071,620,620,874,879,719,0,0,0,0,0,0,0,0,0
131,261,223,1307,1426,64,919,417,590,68,575,798,1095,996,602,254,0,0,0,0,0,0,0,0,0
600,1622,1629,1159,1019,1284,348,869,373,1047,435,1224,341,639,570,873,0,0,0,0,0,0,0,0,0
1143,1395,1330,848,328,392,733,846,1373,194,1192,1172,1048,1319,84,1438,389,530,0,0,0,0,0,0,0
1009,509,821,794,755,119,1017,0,0,0,0,0,0,0,0,0,0,0,0,0,0,0,0,0,0
492,1608,658,1555,143,235,483,1194,1416,33,313,1501,484,1512,593,0,0,0,0,0,0,0,0,0,0
1520,1368,1580,24,75,265,100,1420,476,1478,0,0,0,0,0,0,0,0,0,0,0,0,0,0,0
131,168,499,86,184,177,172,1357,919,168,131,1423,569,1104,598,0,0,0,0,0,0,0,0,0,0
249,1152,1626,1388,723,1636,1609,24,1626,1636,1275,1224,484,1635,0,0,0,0,0,0,0,0,0,0,0
628,724,793,633,39,869,807,1505,13,0,0,0,0,0,0,0,0,0,0,0,0,0,0,0,0
109,570,1328,1405,1119,280,307,559,1140,755,593,261,1456,0,0,0,0,0,0,0,0,0,0,0,0
1075,1076,1578,254,1173,33,490,1403,1251,278,316,1280,307,1440,395,1221,820,258,431,0,0,0,0,0,0
255,488,292,963,1176,265,641,1511,1227,1527,1299,397,1262,1330,1526,0,0,0,0,0,0,0,0,0,0
578,989,637,635,435,1593,1347,512,584,1049,599,134,707,283,171,1562,389,0,0,0,0,0,0,0,0
947,794,953,785,407,1170,1620,397,483,580,0,0,0,0,0,0,0,0,0,0,0,0,0,0,0
995,340,203,1171,754,240,900,623,1282,1194,1557,175,1488,1200,591,1343,1155,1565,0,0,0,0,0,0,0
871,1147,1044,861,843,1415,1503,697,83,400,1048,1080,67,1422,1111,466,1628,0,0,0,0,0,0,0,0
876,1197,248,1057,585,82,879,746,1515,145,960,959,760,0,0,0,0,0,0,0,0,0,0,0,0
812,133,553,1608,1329,1238,1478,1295,235,1438,1478,1608,658,1301,543,849,0,0,0,0,0,0,0,0,0
670,169,1035,143,848,600,1203,601,0,0,0,0,0,0,0,0,0,0,0,0,0,0,0,0,0
874,1124,1006,1546,852,1219,1332,386,216,1047,1229,1184,68,0,0,0,0,0,0,0,0,0,0,0,0
1317,113,390,778,728,447,706,592,439,737,360,1123,561,1629,55,1358,327,0,0,0,0,0,0,0,0
38,1215,12,308,1113,1031,610,622,346,1395,1027,667,1215,1215,0,0,0,0,0,0,0,0,0,0,0
800,937,1092,492,179,315,745,1079,226,1312,1436,1501,1036,253,441,726,1149,0,0,0,0,0,0,0,0
53,1345,1202,1098,749,940,769,878,442,1015,1261,590,100,476,1327,916,100,590,1294,541,1420,0,0,0,0
1192,684,1611,530,446,1144,999,200,1356,654,1580,35,912,383,1287,645,1250,-1,1220,0,0,0,0,0,0
1002,91,627,392,1536,1013,328,1060,1232,1172,1545,1326,702,1002,1545,46,5,1172,1530,0,0,0,0,0,0
198,1486,211,796,1087,1199,512,159,299,737,795,1408,0,0,0,0,0,0,0,0,0,0,0,0,0
605,1512,223,834,336,496,1315,1024,1258,955,368,223,0,0,0,0,0,0,0,0,0,0,0,0,0
814,1125,1245,689,162,734,519,1448,1581,6,733,1373,1307,1555,888,1139,1461,395,731,0,0,0,0,0,0
405,1242,567,1355,662,139,1592,495,719,1369,606,870,738,413,691,1355,1355,372,1016,1016,1021,501,0,0,0
353,1024,1592,792,1307,726,1144,724,1085,267,1503,278,1373,760,1011,0,0,0,0,0,0,0,0,0,0
812,1123,1522,734,83,963,1319,820,258,1535,761,766,1618,1200,372,691,1192,0,0,0,0,0,0,0,0
1511,715,1392,397,1532,100,378,1357,1622,1608,569,1371,929,1472,0,0,0,0,0,0,0,0,0,0,0
1176,466,719,1635,1493,628,6,495,843,1005,1111,88,1460,1147,1565,1546,0,0,0,0,0,0,0,0,0
1488,559,104,133,55,996,304,846,131,33,498,576,499,1076,846,38,953,633,620,0,0,0,0,0,0
1478,1608,901,1545,541,580,1104,1388,136,804,339,731,794,801,798,0,0,0,0,0,0,0,0,0,0
483,795,1478,912,1112,645,388,177,168,1086,637,807,592,593,1232,1356,325,0,0,0,0,0,0,0,0
776,1496,162,606,139,1287,1636,1328,1519,512,778,1280,292,35,738,0,0,0,0,0,0,0,0,0,0
670,1261,328,737,384,1031,33,1292,610,33,980,1292,610,937,203,1382,895,755,113,1544,203,0,0,0,0
10,827,39,642,108,1521,1415,683,684,-1,0,0,0,0,0,0,0,0,0,0,0,0,0,0,0
908,198,675,66,763,442,509,488,501,405,732,1227,661,796,604,1633,1520,0,0,0,0,0,0,0,0
1536,940,1426,1347,1260,315,512,1209,1015,1312,659,1065,1486,575,1405,599,0,0,0,0,0,0,0,0,0
932,1143,1345,1000,1032,1255,1625,737,1149,1461,1124,567,1170,1440,702,995,1403,0,0,0,0,0,0,0,0
172,1159,496,1125,1006,1036,338,639,790,1229,873,1251,0,0,0,0,0,0,0,0,0,0,0,0,0
1272,373,553,699,12,1202,900,1326,848,1044,435,1626,1438,708,235,308,1215,1593,0,0,0,0,0,0,0
599,723,1002,1512,874,1416,1411,1385,137,602,383,1307,1203,1079,624,1075,599,0,0,0,0,0,0,0,0
809,24,771,935,210,371,873,1557,821,157,5,371,413,280,1197,46,492,0,0,0,0,0,0,0,0
1620,299,429,1108,1341,713,1299,584,1152,1317,75,749,519,1349,134,1374,0,0,0,0,0,0,0,0,0
1423,667,1092,1013,960,61,565,1621,1578,248,1275,1333,1628,1555,1358,0,0,0,0,0,0,0,0,0,0
407,879,997,1293,858,977,1027,1172,885,706,327,1080,1370,1287,1295,0,0,0,0,0,0,0,0,0,0
745,476,1456,109,159,1262,341,216,223,261,994,641,849,654,313,240,0,0,0,0,0,0,0,0,0
91,1199,1048,793,600,999,662,1219,660,662,484,1407,1408,614,590,386,1070,1017,733,91,600,295,1051,0,0
211,265,839,467,84,346,959,1332,29,718,1329,814,249,84,1019,63,1194,728,1132,55,0,0,0,0,0
1158,1581,179,1122,1369,754,866,1327,1403,508,627,1098,143,1060,601,0,0,0,0,0,0,0,0,0,0
633,488,620,1155,1343,509,407,858,1370,483,861,989,829,1555,1098,1027,348,134,715,0,0,0,0,0,0
1149,1369,383,1203,1275,996,820,1294,427,1260,1261,599,1049,728,1355,0,0,0,0,0,0,0,0,0,0
188,1047,66,1333,187,53,1622,769,1098,1284,1070,593,645,63,1395,734,1258,0,0,0,0,0,0,0,0
628,1581,1515,1420,718,1562,499,1037,543,0,0,0,0,0,0,0,0,0,0,0,0,0,0,0,0
1250,1312,567,642,1000,1219,1625,1089,283,972,963,1080,1293,1557,1345,848,1451,0,0,0,0,0,0,0,0
68,659,1035,1385,133,401,200,707,1016,606,872,878,1415,1478,0,0,0,0,0,0,0,0,0,0,0
1456,1295,255,1426,713,169,230,1341,235,64,737,162,1526,0,0,0,0,0,0,0,0,0,0,0,0
1200,876,1423,1328,1243,870,1460,1356,1631,530,415,392,1536,0,0,0,0,0,0,0,0,0,0,0,0
136,746,1625,442,901,745,1159,113,88,883,88,172,0,0,0,0,0,0,0,0,0,0,0,0,0
1407,782,1093,343,519,304,512,692,1015,1609,637,1522,61,1019,580,839,0,0,0,0,0,0,0,0,0
316,895,814,1545,959,1521,1245,6,726,108,403,496,1403,847,0,0,0,0,0,0,0,0,0,0,0
113,315,601,610,1117,1085,955,223,947,0,0,0,0,0,0,0,0,0,0,0,0,0,0,0,0
1544,795,431,39,885,683,1626,1065,313,0,0,0,0,0,0,0,0,0,0,0,0,0,0,0,0
670,258,179,1416,874,84,327,1307,1319,575,0,0,0,0,0,0,0,0,0,0,0,0,0,0,0
29,131,553,994,261,546,719,265,916,5,675,919,570,1347,1347,0,0,0,0,0,0,0,0,0,0
498,341,1002,666,661,731,203,86,846,1017,641,783,792,1572,0,0,0,0,0,0,0,0,0,0,0
559,198,211,1519,226,871,10,1158,900,1202,0,0,0,0,0,0,0,0,0,0,0,0,0,0,0
912,1486,852,982,623,584,980,1512,46,843,82,0,0,0,0,0,0,0,0,0,0,0,0,0,0
323,168,1621,660,520,1626,397,893,1327,1215,807,1242,0,0,0,0,0,0,0,0,0,0,0,0,0
1272,253,1013,1505,13,1608,0,0,0,0,0,0,0,0,0,0,0,0,0,0,0,0,0,0,0
1194,873,755,573,0,0,0,0,0,0,0,0,0,0,0,0,0,0,0,0,0,0,0,0,0
605,307,405,778,857,490,974,1605,353,1111,1315,119,490,0,0,0,0,0,0,0,0,0,0,0,0
157,761,776,485,1593,295,55,175,1280,149,373,372,627,91,441,953,164,1384,667,1280,798,0,0,0,0
166,1143,1071,1440,280,1122,1119,1158,1303,1330,328,166,127,1184,142,0,0,0,0,0,0,0,0,0,0
696,441,325,1611,1149,415,592,696,602,974,888,731,1611,1501,1436,249,1060,1019,0,0,0,0,0,0,0
1456,989,1580,1331,849,546,829,1229,1047,1242,713,177,171,278,0,0,0,0,0,0,0,0,0,0,0
200,1197,427,1203,1197,1403,847,908,1557,955,553,785,1423,1095,35,1368,1294,0,0,0,0,0,0,0,0
761,501,1087,1326,139,1287,988,585,82,1017,919,1351,1488,764,734,1219,203,1011,858,1303,857,0,0,0,0
280,790,715,417,912,431,1345,353,1609,63,1124,1461,248,1545,1581,1271,0,0,0,0,0,0,0,0,0
692,340,1227,388,559,46,541,601,749,807,995,1578,1176,610,0,0,0,0,0,0,0,0,0,0,0
109,861,304,593,843,328,348,425,1031,980,728,467,1411,136,732,1202,5,6,565,1631,0,0,0,0,0
827,1009,666,866,1328,1002,1332,1192,642,798,878,142,1451,840,104,0,0,0,0,0,0,0,0,0,0
371,1562,413,24,1006,745,292,745,400,1123,395,1327,1064,1356,466,490,1092,0,0,0,0,0,0,0,0
1515,437,675,885,283,188,1493,1125,699,1299,172,639,401,987,893,183,639,1215,483,1395,873,0,0,0,0
1374,1258,590,1521,168,848,360,253,1036,1024,308,569,127,792,599,0,0,0,0,0,0,0,0,0,0
86,1280,373,1086,567,1173,175,1440,316,315,397,995,373,1405,1065,1194,519,1271,0,0,0,0,0,0,0
932,1349,794,723,1486,1522,834,405,1357,84,659,12,707,1333,1478,1112,358,386,879,0,0,0,0,0,0
660,645,1184,1070,13,641,624,953,1080,1636,683,1468,1626,1096,1358,1358,796,1262,0,0,0,0,0,0,0
1312,1301,368,778,883,1373,733,339,134,187,820,253,1392,378,1132,618,0,0,0,0,0,0,0,0,0
1544,1609,530,1535,754,901,429,1139,1155,390,33,940,714,1408,541,627,0,0,0,0,0,0,0,0,0
1075,137,166,578,1629,662,963,162,1293,1287,255,1382,55,1385,916,776,1355,100,606,162,0,0,0,0,0
1628,852,485,1622,83,635,1512,1438,1224,1343,1148,814,210,1472,1098,900,670,1016,1530,0,0,0,0,0,0
1519,1329,64,299,198,1152,216,658,499,1037,1592,682,0,0,0,0,0,0,0,0,0,0,0,0,0
1605,1044,1347,295,199,1532,1049,1143,1526,336,959,1183,771,543,0,0,0,0,0,0,0,0,0,0,0
240,637,871,1426,1022,999,793,1200,800,1369,403,1009,706,39,667,801,0,0,0,0,0,0,0,0,0
108,1565,88,766,598,1113,1370,839,1170,299,584,977,179,1013,737,447,164,1608,338,661,0,0,0,0,0
1209,1520,738,53,408,313,1031,313,821,982,94,1536,392,576,520,591,0,0,0,0,0,0,0,0,0
267,972,384,746,1232,1238,91,159,654,846,1093,1307,442,1503,1048,0,0,0,0,0,0,0,0,0,0
1095,601,1158,1521,249,1229,771,715,1275,1511,1194,670,1057,1229,771,1493,645,1395,66,807,46,1024,397,0,0
699,172,734,307,142,1143,893,553,33,610,35,987,989,1545,912,1565,1472,821,1572,0,0,0,0,0,0
675,292,561,1519,265,1147,278,498,1411,1522,1333,131,388,389,10,498,0,0,0,0,0,0,0,0,0
691,1089,431,1530,559,953,1587,84,1578,1369,1374,598,960,1280,1520,1044,0,0,0,0,0,0,0,0,0
5,6,908,283,168,1112,328,75,726,662,68,866,392,0,0,0,0,0,0,0,0,0,0,0,0
145,872,38,809,1171,134,858,1262,1104,624,497,578,1075,1200,199,496,0,0,0,0,0,0,0,0,0
442,1312,299,1408,980,600,1307,724,895,261,1328,1037,796,1159,175,1440,1488,0,0,0,0,0,0,0,0
29,108,628,1238,883,499,699,546,108,488,1011,972,1036,1260,315,754,1250,1496,1299,0,0,0,0,0,0
719,378,1221,1209,1098,346,852,1592,1287,1093,870,1392,614,400,728,684,782,133,850,1355,0,0,0,0,0
1125,1092,873,1261,1015,1295,1368,1555,637,1019,61,1628,386,543,801,579,567,661,0,0,0,0,0,0,0
1629,211,1202,1438,940,999,1581,1086,814,1085,1035,1385,336,692,198,485,1176,689,804,0,0,0,0,0,0
1251,338,136,1327,795,874,1416,793,848,633,1002,1526,1071,446,343,922,541,0,0,0,0,0,0,0,0
667,1415,916,407,483,888,1608,658,171,731,1111,1061,1351,104,639,642,947,1170,0,0,0,0,0,0,0
113,833,64,963,1373,12,1345,1605,94,1148,1173,1021,348,39,706,200,955,0,0,0,0,0,0,0,0
373,-1,373,425,143,792,162,1117,1621,1197,1505,1423,988,0,0,0,0,0,0,0,0,0,0,0,0
109,519,1349,1294,83,390,707,187,1272,871,1609,1066,1436,976,88,0,0,0,0,0,0,0,0,0,0
812,827,86,203,403,1227,1047,1215,267,1478,255,1096,1331,683,1611,427,763,800,635,1048,0,0,0,0,0
1065,1079,313,1407,995,666,1303,659,435,1358,119,417,1626,179,1070,12,606,139,1199,0,0,0,0,0,0
1486,1329,484,843,749,13,1426,937,1086,594,785,340,605,1119,413,280,307,602,1527,1048,0,0,0,0,0
1544,240,383,760,441,1524,437,1635,764,977,183,415,834,829,1009,100,0,0,0,0,0,0,0,0,0
783,1013,447,1625,1631,1460,1246,1192,1203,1330,755,1357,0,0,0,0,0,0,0,0,0,0,0,0,0
467,1580,466,254,1022,341,1388,67,512,761,738,1562,1512,1536,1400,410,1427,1557,0,0,0,0,0,0,0
790,541,63,885,304,876,861,580,745,593,878,660,1183,935,1124,0,0,0,0,0,0,0,0,0,0
169,732,1224,1292,1620,55,1301,1149,248,1219,570,1123,708,575,1422,235,405,395,0,0,0,0,0,0,0
1629,1345,1075,1076,1400,1426,792,637,724,258,386,1620,660,1183,1071,1197,989,1065,0,0,0,0,0,0,0
599,119,1384,1017,1493,1521,368,796,1392,667,834,498,895,1357,1079,1113,888,857,0,0,0,0,0,0,0
618,645,1436,1438,1019,179,1301,714,1219,508,731,1144,798,546,0,0,0,0,0,0,0,0,0,0,0
1009,989,1562,283,922,188,1520,833,776,466,325,162,171,1037,0,0,0,0,0,0,0,0,0,0,0
388,749,601,843,1303,134,198,963,499,1496,579,6,1315,565,327,0,0,0,0,0,0,0,0,0,0
1578,1036,666,1329,108,590,24,495,1319,446,1080,614,1422,908,997,0,0,0,0,0,0,0,0,0,0
1369,1448,807,733,675,1532,929,145,1533,341,35,401,870,0,0,0,0,0,0,0,0,0,0,0,0
313,46,873,605,413,1317,1522,995,1158,1176,959,1317,0,0,0,0,0,0,0,0,0,0,0,0,0
1486,755,1468,1411,1272,343,684,1555,1307,1609,371,707,1633,682,1172,885,63,1546,0,0,0,0,0,0,0
1152,955,919,1416,659,1427,719,1349,211,848,726,417,809,752,1013,1117,75,1011,249,1407,0,0,0,0,0
113,136,1238,265,1202,13,441,1611,384,1388,1382,960,1260,821,1139,240,1382,1170,1415,0,0,0,0,0,0
598,1374,84,1006,172,1125,496,761,766,1262,827,874,745,1330,1395,292,591,346,307,1460,0,0,0,0,0
627,1622,1199,248,484,1328,1545,1351,39,1572,1024,755,661,1112,86,1580,769,1295,184,33,0,0,0,0,0
620,1626,567,304,1312,606,1027,1098,1284,667,972,641,1385,467,1246,1031,940,1209,175,0,0,0,0,0,0
639,734,1581,254,1032,849,1086,1149,295,932,519,1015,1511,1232,916,100,782,29,628,1095,230,1524,0,0,0
1636,1287,1536,392,878,1515,543,1215,1060,12,512,1593,194,600,1605,1606,829,1066,0,0,0,0,0,0,0
812,280,840,125,308,977,999,1587,869,662,187,1332,610,405,1508,871,1155,1221,0,0,0,0,0,0,0
164,442,900,573,490,94,778,315,575,67,336,1021,706,658,0,0,0,0,0,0,0,0,0,0,0
1119,1089,1625,1143,1358,553,728,1057,795,109,1299,127,485,255,1096,1243,785,439,0,0,0,0,0,0,0
1440,133,143,1347,512,1048,403,157,5,1061,624,974,861,1147,883,0,0,0,0,0,0,0,0,0,0
1159,177,623,210,622,1016,1002,1326,183,447,1140,1000,947,55,0,0,0,0,0,0,0,0,0,0,0
866,1371,203,994,261,1192,159,84,1370,1535,988,737,64,794,437,358,602,254,1173,0,0,0,0,0,0
800,1070,1405,1503,397,1229,1044,131,1333,708,1293,1261,692,410,0,0,0,0,0,0,0,0,0,0,0
1123,592,407,299,1403,804,593,1527,1035,1093,642,1501,1251,0,0,0,0,0,0,0,0,0,0,0,0
431,994,580,1580,940,1027,667,255,834,1333,13,325,1478,861,1411,1144,1092,0,0,0,0,0,0,0,0
1544,1119,937,718,1565,1202,707,960,1019,1104,1149,1374,1451,879,1527,495,953,139,417,1303,1051,0,0,0,0
901,752,1636,1620,637,1526,499,1512,373,1520,1147,1065,598,261,1087,1326,1256,637,543,963,893,0,0,0,0
86,157,1148,1535,1238,1079,119,1621,1448,1349,559,988,792,878,84,692,1245,0,0,0,0,0,0,0,0
267,1611,1219,922,1400,1392,292,1024,769,1403,494,1426,796,327,600,713,1436,929,610,1562,519,932,0,0,0
989,371,738,1609,171,755,997,857,1618,336,866,602,1618,336,866,1170,223,113,1405,1505,955,0,0,0,0
211,137,1197,714,1172,584,1299,982,1016,1420,476,323,790,315,94,1522,1036,304,0,0,0,0,0,0,0
1013,299,1536,1199,1098,68,873,166,24,520,809,1260,1227,136,1209,1608,1605,0,0,0,0,0,0,0,0
578,1511,1227,1262,761,800,1287,194,1461,618,100,1086,795,1395,390,346,1408,313,1002,715,0,0,0,0,0
1374,733,254,852,1088,343,1173,466,839,13,388,389,604,814,88,1343,606,0,0,0,0,0,0,0,0
1440,1203,1382,1395,6,1493,641,1488,1017,1312,728,1331,895,1351,216,0,0,0,0,0,0,0,0,0,0
599,1049,1047,1035,1000,183,660,179,1486,1332,530,1000,1501,253,1032,0,0,0,0,0,0,0,0,0,0
1635,508,1341,1044,1581,1368,401,494,1460,1221,425,1280,0,0,0,0,0,0,0,0,0,0,0,0,0
1423,666,785,745,627,827,1275,1227,39,1581,670,0,0,0,0,0,0,0,0,0,0,0,0,0,0
628,353,723,734,846,162,1301,1468,1312,829,997,888,397,1021,870,61,1066,1242,1407,980,0,0,0,0,0
1317,187,1123,843,1307,1124,1075,764,240,812,1009,1319,1215,1327,0,0,0,0,0,0,0,0,0,0,0
1243,1250,1152,883,661,249,706,1592,496,407,1200,654,91,585,1371,1011,407,684,569,820,0,0,0,0,0
1076,912,488,919,1628,1609,383,848,1293,1530,1625,1089,1625,1089,1255,29,55,53,1622,804,1035,593,793,378,0
1158,771,199,509,1272,1271,916,1284,10,675,145,872,801,798,33,849,691,959,760,0,0,0,0,0,0
134,1117,1532,1246,553,754,1139,1194,177,1572,203,1456,761,248,1438,1373,1345,133,143,164,437,0,0,0,0
316,737,579,702,403,591,699,1057,63,1519,1503,1192,620,605,778,1388,1295,1085,732,1132,947,702,0,0,0
441,1578,1282,719,1060,935,442,546,38,658,1545,1328,570,5,1096,1357,1108,67,338,1251,83,159,908,0,0
692,1048,1356,623,821,1158,977,996,0,0,0,0,0,0,0,0,0,0,0,0,0,0,0,0,0
1629,807,541,847,1422,484,1369,683,642,1232,169,662,1633,0,0,0,0,0,0,0,0,0,0,0,0
12,1022,249,849,86,840,641,667,68,1152,1343,1374,579,1351,508,561,1606,339,1395,1301,1124,0,0,0,0
71,84,447,912,645,658,1608,769,1625,1357,999,1468,64,407,692,512,1242,796,601,373,761,1625,1357,0,0
1565,235,718,1123,738,940,684,829,997,567,642,63,885,83,159,0,0,0,0,0,0,0,0,0,0
1382,602,94,267,916,408,1451,715,766,848,341,38,592,145,134,1243,439,1526,937,1505,0,0,0,0,0
1416,543,1117,955,901,793,895,618,1512,1355,328,338,498,569,546,1027,1200,883,405,413,719,0,0,0,0
166,295,1013,1303,659,1496,963,410,1104,1079,1011,1633,203,1093,1384,1533,659,0,0,0,0,0,0,0,0
400,1328,732,265,75,1292,1312,179,308,707,1092,1557,598,994,425,109,378,431,1282,745,0,0,0,0,0
1426,1229,790,82,388,1057,573,843,1327,1317,35,622,857,1113,1065,1261,0,0,0,0,0,0,0,0,0
1287,697,395,1219,935,1581,1158,976,1148,415,519,1125,255,839,488,1112,798,0,0,0,0,0,0,0,0
13,46,749,1192,996,1202,1609,1358,1017,1149,763,702,1262,10,600,1176,226,162,861,1284,336,0,0,0,0
1015,593,584,435,623,530,1108,1098,919,1456,200,1631,1356,876,827,1400,1415,708,1620,0,0,0,0,0,0
800,1319,1294,442,119,728,599,893,1159,804,1333,795,29,1035,1385,343,908,133,1626,1371,0,0,0,0,0
654,1280,1535,5,6,1075,1076,1405,1545,1295,987,299,1071,1036,1546,1546,1438,1194,1299,340,1271,1530,0,0,0
223,713,495,1173,485,635,159,283,1408,1347,1256,53,1374,1622,223,446,752,0,0,0,0,0,0,0,0
492,1070,1140,1420,1501,1436,91,384,172,639,325,427,466,0,0,0,0,0,0,0,0,0,0,0,0
809,198,1119,1448,61,1628,280,1197,553,441,1493,1086,1260,397,313,1511,706,1215,0,0,0,0,0,0,0
67,1520,467,977,253,169,278,1251,1238,1019,1611,869,1349,932,1326,401,834,575,1147,346,0,0,0,0,0
662,1423,292,1440,972,980,1032,372,666,131,403,1199,304,1006,183,100,778,1388,0,0,0,0,0,0,0
476,483,737,175,1555,1307,541,782,1407,1085,1031,814,210,353,1373,1524,0,0,0,0,0,0,0,0,0
1080,143,24,590,812,1144,386,1488,323,199,33,610,929,1089,691,358,1392,0,0,0,0,0,0,0,0
699,497,1503,959,879,953,620,1522,1486,1048,1527,820,1460,1088,0,0,0,0,0,0,0,0,0,0,0
1096,1066,1275,605,888,900,1368,873,1536,392,1009,628,0,0,0,0,0,0,0,0,0,0,0,0,0
240,316,989,1635,1221,348,248,1227,580,1044,771,1329,1332,187,0,0,0,0,0,0,0,0,0,0,0
1605,211,734,1532,137,1203,675,1629,922,435,821,982,604,570,661,484,1369,0,0,0,0,0,0,0,0
699,390,849,86,778,604,1284,10,5,6,410,142,1530,1075,782,912,706,476,483,843,601,573,0,0,0
1070,1636,417,1329,38,714,520,183,861,1633,198,223,895,618,763,1155,1403,0,0,0,0,0,0,0,0
602,916,1392,1546,166,977,785,1021,1013,1301,1312,494,509,1319,1524,139,1294,446,0,0,0,0,0,0,0
1440,1202,879,1242,995,814,467,728,84,908,348,323,1405,1326,1395,692,91,1011,0,0,0,0,0,0,0
131,883,1192,159,997,466,755,795,570,1287,278,1415,413,829,776,0,0,0,0,0,0,0,0,0,0
372,373,384,1149,415,675,1532,1301,1301,179,199,1287,947,104,565,1104,980,654,343,1148,0,0,0,0,0
295,1536,696,1358,384,796,1407,295,1065,1275,249,1144,724,1382,783,1093,684,0,0,0,0,0,0,0,0
388,878,1006,1282,172,1303,874,645,1071,254,713,982,1079,1512,1060,485,1496,0,0,0,0,0,0,0,0
794,723,184,1061,1111,46,1272,1349,1448,667,633,177,177,499,53,358,0,0,0,0,0,0,0,0,0
1087,133,143,441,1503,1089,737,63,1016,1229,24,590,1468,1200,726,807,0,0,0,0,0,0,0,0,0
88,935,1183,820,519,932,659,508,100,662,1626,1246,1147,1351,901,639,1140,707,39,0,0,0,0,0,0
1158,754,1139,1076,1292,1022,1436,1331,169,307,1374,733,0,0,0,0,0,0,0,0,0,0,0,0,0
922,137,1057,1515,497,447,386,397,1608,605,1356,610,1426,769,258,0,0,0,0,0,0,0,0,0,0
1420,1416,427,1194,488,1620,1621,959,1066,1345,119,0,0,0,0,0,0,0,0,0,0,0,0,0,0
1384,248,1578,1438,12,283,963,1172,846,737,1117,637,392,113,261,994,718,108,541,0,0,0,0,0,0
1171,858,1422,408,187,1108,1635,719,745,171,1002,734,61,761,94,0,0,0,0,0,0,0,0,0,0
1049,599,435,1031,996,75,530,230,1520,1501,168,1327,622,1572,766,1555,1461,0,0,0,0,0,0,0,0
769,1629,1565,1125,641,1000,1088,1451,848,1232,661,1280,959,760,793,33,0,0,0,0,0,0,0,0,0
1544,876,64,606,1423,697,267,1250,136,136,1328,235,1545,1295,708,666,546,0,0,0,0,0,0,0,0
371,1493,1048,1330,1519,1611,188,940,1293,752,1293,752,955,628,29,715,490,429,1119,1017,827,162,0,0,0
833,1526,1243,134,738,1533,1143,346,1009,1096,834,1203,1051,328,731,240,1262,1096,0,0,0,0,0,0,0
255,658,405,576,1251,1427,35,746,164,764,623,670,1123,0,0,0,0,0,0,0,0,0,0,0,0
561,82,1508,689,953,145,840,1315,1256,1374,873,368,1215,989,437,0,0,0,0,0,0,0,0,0,0
1609,1317,579,67,315,995,598,1347,1261,1044,1245,1035,691,1488,0,0,0,0,0,0,0,0,0,0,0
1438,606,5,316,1620,1535,258,295,131,133,429,794,932,403,159,91,901,846,1608,0,0,0,0,0,0
812,980,1408,1400,553,1609,1633,923,1037,1358,307,108,1468,1345,172,916,278,576,922,0,0,0,0,0,0
68,1032,977,590,872,407,737,1426,386,994,280,620,1243,1075,1373,353,358,1049,0,0,0,0,0,0,0
659,384,874,796,1184,199,858,728,1017,1065,188,658,255,1436,1341,1022,384,0,0,0,0,0,0,0,0
997,792,565,1104,1545,216,1060,1411,1036,733,559,512,567,38,662,1284,10,1096,852,183,1370,0,0,0,0
955,446,988,675,763,61,-1,760,1019,1024,804,400,88,210,614,1403,847,1555,327,723,0,0,0,0,0
719,1456,637,1282,1299,1016,46,1184,871,876,1319,1293,1460,483,908,670,834,-1,628,0,0,0,0,0,0
1405,996,66,1295,1215,666,235,654,425,1295,63,989,378,-1,1343,1294,0,0,0,0,0,0,0,0,0
1511,340,1275,1242,1317,496,198,1522,166,1197,200,299,24,1333,261,895,578,1578,0,0,0,0,0,0,0
67,1192,194,33,499,1301,119,691,1219,1112,821,1194,177,1219,738,1414,0,0,0,0,0,0,0,0,0
861,843,530,415,83,1140,509,778,713,338,169,315,642,1002,900,1202,1221,325,1081,0,0,0,0,0,0
1027,801,1496,883,754,1355,1636,752,211,764,839,878,848,584,162,226,702,1144,1356,1261,0,0,0,0,0
699,1048,1312,1199,304,580,1526,1089,1139,254,579,598,814,1521,812,-1,0,0,0,0,0,0,0,0,0
715,785,371,1098,667,745,1629,963,570,498,820,328,1108,203,1557,873,410,912,1260,1044,1626,0,0,0,0
1015,64,442,1170,1256,870,959,94,397,1486,1332,405,1119,604,0,0,0,0,0,0,0,0,0,0,0
1493,1508,689,585,508,575,109,388,388,389,395,488,937,1592,682,874,795,39,0,0,0,0,0,0,0
633,543,1440,265,1085,771,1238,75,1183,1532,179,766,84,1173,392,1536,1087,1184,0,0,0,0,0,0,0
171,1611,323,1327,249,697,833,1158,1451,467,1209,0,0,0,0,0,0,0,0,0,0,0,0,0,0
1149,1374,348,605,490,341,1503,267,1227,439,53,1448,1622,0,0,0,0,0,0,0,0,0,0,0,0
346,783,1382,447,683,137,1011,783,1382,1011,1501,977,1111,6,383,0,0,0,0,0,0,0,0,0,0
641,1374,1580,1581,829,593,866,691,718,718,1086,0,0,0,0,0,0,0,0,0,0,0,0,0,0
292,104,974,1461,807,1124,519,761,1618,731,1159,618,1635,223,1369,1292,0,0,0,0,0,0,0,0,0
1172,1152,1472,1035,1385,707,1303,1519,1606,82,749,1395,1544,1071,602,953,798,0,0,0,0,0,0,0,0
660,569,308,1155,1125,1407,1006,1392,692,1328,600,164,417,809,145,726,746,1287,86,157,849,0,0,0,0
553,561,723,467,1047,883,1197,1456,1611,1422,336,235,708,1611,801,706,733,1374,569,737,483,849,0,0,0
-1,839,1079,338,576,340,1635,1123,593,900,1013,1149,1124,1119,846,1017,0,0,0,0,0,0,0,0,0
397,223,1530,401,346,496,1403,541,53,996,308,390,5,6,447,35,1108,579,1076,0,0,0,0,0,0
570,600,1287,1293,495,1192,194,912,796,1392,745,495,1312,1301,606,1125,1098,1327,1478,198,1080,1085,0,0,0
1557,94,255,1486,1369,484,580,953,620,1093,164,187,408,1356,1022,1104,425,216,341,0,0,0,0,0,0
682,1011,783,69,386,879,519,932,1307,1555,820,328,645,684,940,67,995,253,0,0,0,0,0,0,0
12,708,1532,1621,960,1496,697,1326,793,660,184,1555,313,785,0,0,0,0,0,0,0,0,0,0,0
1111,384,1562,405,304,1522,1486,1152,1493,10,1587,327,316,373,429,1331,1202,1345,490,104,0,0,0,0,0
131,724,1194,972,1184,427,715,441,403,1016,883,435,210,1384,348,578,39,760,1184,1332,1329,755,24,0,0
1271,1272,283,749,159,734,1246,1319,1524,812,827,497,1024,1343,1148,530,1044,1172,929,1158,624,0,0,0,0
280,1303,800,1358,512,1536,392,1605,1622,388,0,0,0,0,0,0,0,0,0,0,0,0,0,0,0
1426,1229,999,1578,125,1328,1060,211,731,1545,378,807,368,0,0,0,0,0,0,0,0,0,0,0,0
1520,240,1280,599,157,254,343,746,702,1071,994,188,1438,1415,1456,919,1219,508,1625,618,0,0,0,0,0
1070,179,763,171,546,769,628,1009,718,658,976,1633,1317,675,66,872,590,0,0,0,0,0,0,0,0
977,1092,88,699,666,895,261,1227,100,1546,901,752,446,1636,1512,732,1292,372,1260,567,0,0,0,0,0
1472,604,1388,1503,203,1608,738,499,714,1631,142,1256,33,172,858,0,0,0,0,0,0,0,0,0,0
852,1089,64,804,400,1261,659,1385,1355,226,134,1171,1275,1511,834,1019,1031,614,339,1275,1511,1171,134,0,0
848,371,873,565,1403,755,410,292,1224,1021,278,169,1251,559,1620,870,410,0,0,0,0,0,0,0,0
1533,265,267,84,916,1544,1427,1351,-1,1139,1140,177,955,1565,1629,959,1032,1295,659,1609,728,0,0,0,0
1075,166,642,1626,91,980,771,230,1436,12,143,1370,1117,1242,0,0,0,0,0,0,0,0,0,0,0
843,1243,935,1086,46,707,299,1200,75,809,38,168,1527,1592,431,1371,467,1333,713,1299,1521,1400,0,0,0
1515,689,908,343,139,667,1341,1027,137,633,1440,488,1515,543,0,0,0,0,0,0,0,0,0,0,0
1468,794,840,1155,637,662,295,987,1199,874,360,670,591,199,0,0,0,0,0,0,0,0,0,0,0
1144,861,814,893,1349,1245,1347,1282,798,871,353,598,1144,0,0,0,0,0,0,0,0,0,0,0,0
846,792,833,1611,304,834,495,378,401,1611,283,628,1221,876,714,602,1183,295,84,413,579,879,840,327,495
645,1123,662,719,1280,348,935,383,1587,1403,847,1048,1527,760,883,733,745,501,223,68,885,0,0,0,0
800,1373,530,641,137,666,1093,684,1293,809,713,1229,732,439,827,280,1486,1332,1593,0,0,0,0,0,0
435,1158,240,1565,1149,1622,1132,764,1438,499,188,1275,1511,109,1108,1159,91,1357,1000,1149,1608,723,467,1108,812
1578,1303,1032,1546,1512,718,371,916,265,1219,200,307,1626,162,728,1356,1460,916,265,288,0,0,0,0,0
1522,1152,1006,749,437,584,746,932,989,371,1581,1272,697,339,405,408,1071,0,0,0,0,0,0,0,0
94,963,624,171,1203,553,261,0,0,0,0,0,0,0,0,0,0,0,0,0,0,0,0,0,0
1333,1140,125,559,1312,752,1636,1287,1620,578,546,618,497,447,715,340,0,0,0,0,0,0,0,0,0
1544,415,1609,1358,953,400,801,133,358,1327,1343,1155,755,143,198,194,1420,1319,241,753,0,0,0,0,0
1317,490,1124,179,605,1013,570,187,1633,512,338,769,590,24,384,1124,483,861,0,0,0,0,0,0,0
908,1388,1036,1530,999,900,1087,427,919,368,369,431,1405,1545,466,901,12,1629,86,888,417,0,0,0,0
55,104,175,1184,1420,1503,1295,1096,660,599,1521,1224,0,0,0,0,0,0,0,0,0,0,0,0,0
699,1532,829,972,10,960,1627,1002,893,633,1331,1022,785,67,1526,1631,88,1493,994,593,1098,0,0,0,0
492,1015,139,446,988,249,610,113,737,667,38,569,1171,134,1089,1625,912,878,1355,509,0,0,0,0,0
1075,1076,1416,614,1066,258,392,1374,1505,1125,702,343,119,1384,870,1080,1172,83,793,1461,0,0,0,0,0
1035,1385,658,1478,203,429,691,940,1423,724,0,0,0,0,0,0,0,0,0,0,0,0,0,0,0
1147,1044,184,857,1282,1400,1519,1395,1572,857,1369,1047,1229,313,1031,488,1104,0,0,0,0,0,0,0,0
254,580,598,977,39,869,761,1628,0,0,0,0,0,0,0,0,0,0,0,0,0,0,0,0,0
1448,336,1555,1027,804,1284,131,1520,200,1197,82,1209,1232,1060,33,169,1027,230,0,0,0,0,0,0,0
858,1382,1262,5,623,1271,1580,1411,776,255,1202,1176,1345,996,821,1017,960,689,1508,0,0,0,0,0,0
796,1194,874,13,1070,692,604,1117,849,210,706,807,66,1635,108,734,731,635,29,1246,1533,0,0,0,0
315,995,995,1242,1472,1468,159,386,1426,496,976,63,1119,929,407,737,46,541,0,0,0,0,0,0,0
637,442,576,278,1250,601,778,373,1371,567,316,820,1440,346,0,0,0,0,0,0,0,0,0,0,0
1536,323,100,183,866,1347,1065,177,1330,766,235,708,323,606,839,0,0,0,0,0,0,0,0,0,0
670,796,746,1250,134,1002,1044,249,313,1021,490,1581,295,1294,84,1037,702,401,1315,184,0,0,0,0,0
1374,719,1152,876,494,600,492,1358,119,64,1356,13,1098,113,1423,1200,561,1515,689,0,0,0,0,0,0
164,919,1158,1521,1016,476,315,995,1405,620,446,869,1347,400,605,179,627,1520,413,485,0,0,0,0,0
483,861,614,999,1060,1368,299,1170,654,1532,972,1533,543,610,870,127,570,407,0,0,0,0,0,0,0
427,1621,963,642,567,1493,553,1503,807,1505,530,1403,847,580,0,0,0,0,0,0,0,0,0,0,0
346,814,39,829,691,809,1173,403,645,662,0,0,0,0,0,0,0,0,0,0,0,0,0,0,0
1486,24,1332,1333,38,1148,1096,955,5,1408,267,1000,1486,0,0,0,0,0,0,0,0,0,0,0,0
1307,1555,1172,1143,641,707,1355,1140,724,1438,29,593,1536,392,1438,496,0,0,0,0,0,0,0,0,0
1085,137,590,718,12,1035,592,798,878,696,0,0,0,0,0,0,0,0,0,0,0,0,0,0,0
637,171,940,1436,1036,916,509,895,706,974,1526,199,10,871,1369,1330,585,623,1572,1328,327,0,0,0,0
1002,1326,1149,1006,708,235,211,1159,1530,512,1527,1048,866,383,1478,265,1385,1593,1451,0,0,0,0,0,0
1544,794,109,435,495,792,240,1512,1197,1415,766,997,1629,1027,1373,316,997,576,0,0,0,0,0,0,0
953,879,358,390,261,131,541,91,1535,93,591,812,520,417,1626,1414,1343,0,0,0,0,0,0,0,0
1420,488,633,187,792,840,1631,1456,484,848,410,0,0,0,0,0,0,0,0,0,0,0,0,0,0
1628,1608,125,278,601,723,843,977,827,210,1546,431,1155,1075,1112,0,0,0,0,0,0,0,0,0,0
348,1371,731,734,389,726,1349,1284,280,188,1076,1341,989,169,1392,793,960,578,75,1557,873,1501,0,0,0
1015,1111,1011,569,858,857,795,283,715,714,1618,328,738,447,1611,372,373,1395,1407,1633,1317,429,618,639,0
1592,778,893,61,937,1581,1271,223,598,820,1194,133,437,1088,1057,46,749,1622,-1,0,0,0,0,0,0
175,783,442,1312,1609,901,467,341,1331,1635,692,1282,559,216,752,248,343,1017,0,0,0,0,0,0,0
253,883,912,33,1031,1262,1087,501,499,1013,713,1301,988,790,1089,1625,405,0,0,0,0,0,0,0,0
386,397,1144,108,304,874,1065,159,1488,211,142,1636,987,1209,1032,497,0,0,0,0,0,0,0,0,0
1605,1124,771,935,980,307,1448,508,166,255,0,0,0,0,0,0,0,0,0,0,0,0,0,0,0
908,83,254,466,1511,1229,606,336,769,834,1578,1203,745,1066,338,1238,1119,872,1184,760,162,0,0,0,0
1272,172,1545,323,675,804,1416,737,1519,1295,1227,340,325,1400,1303,852,659,1071,1327,821,888,371,0,0,0
659,916,509,1060,1260,483,852,447,164,963,592,833,485,1526,1472,216,1326,82,1057,1420,592,0,0,0,0
605,162,254,1148,6,10,922,1438,1385,1282,955,336,1521,982,1388,752,0,0,0,0,0,0,0,0,0
94,198,1330,575,798,866,790,1037,226,796,223,1505,849,1299,292,706,415,1124,1006,1355,0,0,0,0,0
371,738,1488,900,1048,812,143,1031,1086,467,1593,732,713,403,520,417,378,1400,0,0,0,0,0,0,0
46,388,136,874,576,1093,1633,1229,338,88,1329,1332,1635,1333,261,627,1618,63,1415,476,580,1303,0,0,0
109,1155,1405,628,1580,723,35,800,1192,578,1119,307,1061,645,1256,620,878,696,1200,1261,1172,0,0,0,0
1292,183,134,248,1508,1176,1327,809,1021,1159,662,1533,1096,1000,996,1345,389,0,0,0,0,0,0,0,0
1002,1071,794,1112,1036,1032,1047,623,1016,1519,137,1262,553,1493,569,661,1343,255,0,0,0,0,0,0,0
684,1098,667,1468,508,1011,675,734,604,1149,684,1461,530,1349,1272,313,810,1242,995,1144,861,1557,446,495,0
53,641,827,1170,1512,188,935,407,737,64,1301,1501,1436,308,1384,1368,731,53,641,53,935,488,622,425,0
1209,1440,84,496,1592,466,172,358,1636,658,1478,869,368,1341,960,466,821,699,75,0,0,0,0,0,0
1581,131,435,1194,1503,691,953,879,328,567,1621,295,171,339,1451,441,593,0,0,0,0,0,0,0,0
1245,29,200,1197,392,1536,1173,940,1246,278,501,353,1202,719,1123,13,413,1448,199,639,1496,0,0,0,0
642,1535,778,1143,761,848,1527,484,546,427,395,1411,1535,0,0,0,0,0,0,0,0,0,0,0,0
1522,1295,33,1608,776,1496,108,397,492,1070,708,598,1065,403,0,0,0,0,0,0,0,0,0,0,0
405,400,39,494,61,91,1085,1199,977,697,1013,1351,1511,187,590,39,0,0,0,0,0,0,0,0,0
1184,1284,1422,801,763,846,1095,373,746,584,1312,386,888,1250,1243,1104,1426,602,410,1456,0,0,0,0,0
145,437,1524,755,1460,606,384,947,1035,1572,858,724,749,541,976,883,895,194,1371,600,1061,541,749,1111,0
1044,203,1578,792,999,559,346,1423,166,639,0,0,0,0,0,0,0,0,0,0,0,0,0,0,0
240,401,919,839,1530,431,373,67,929,764,327,840,1565,0,0,0,0,0,0,0,0,0,0,0,0
785,660,702,987,408,442,1609,1358,1319,1183,343,1347,125,1605,1009,1221,871,1251,0,0,0,0,0,0,0
1629,733,1392,5,316,1287,1017,299,682,782,937,1227,1238,184,325,561,670,0,0,0,0,0,0,0,0
637,635,997,599,1079,1546,760,127,323,235,348,1203,1373,512,654,1139,253,159,745,0,0,0,0,0,0
1544,1557,873,834,1089,1625,1171,1315,728,1108,972,1088,974,683,807,908,0,0,0,0,0,0,0,0,0
88,593,764,429,935,849,119,368,1017,119,1155,1183,858,919,0,0,0,0,0,0,0,0,0,0,0
733,1621,413,512,692,64,261,299,699,1622,771,1108,1238,267,738,1532,61,959,1622,699,1184,0,0,0,0
782,1075,1403,179,1423,134,785,520,579,1520,476,1400,1512,1011,1427,520,1312,1358,1076,0,0,0,0,0,0
29,628,719,1524,397,1260,338,278,1272,389,641,508,509,408,960,585,1331,0,0,0,0,0,0,0,0
1593,198,325,1203,654,1017,1580,1618,800,139,602,761,1411,1581,0,0,0,0,0,0,0,0,0,0,0
485,492,1089,691,248,1369,755,194,1117,341,541,829,1609,417,878,0,0,0,0,0,0,0,0,0,0
1057,689,82,731,1019,955,599,184,620,1246,1200,1176,0,0,0,0,0,0,0,0,0,0,0,0,0
407,38,211,839,760,373,1284,442,792,1581,723,761,346,488,893,614,315,1245,0,0,0,0,0,0,0
873,142,1282,1501,295,383,988,1555,1307,963,323,974,567,553,749,0,0,0,0,0,0,0,0,0,0
794,1171,254,371,1415,1021,1505,1533,1016,1357,216,1140,1299,175,1392,1061,637,766,0,0,0,0,0,0,0
660,188,100,1349,827,987,1557,265,1292,1092,769,834,0,0,0,0,0,0,0,0,0,0,0,0,0
490,1024,916,1468,976,1227,1224,576,1251,1329,292,5,0,0,0,0,0,0,0,0,0,0,0,0,0
1132,1086,1448,1405,1545,210,814,446,812,1009,-1,1112,1119,1515,821,0,0,0,0,0,0,0,0,0,0
10,1159,405,1438,496,592,801,575,1355,1312,606,1087,870,0,0,0,0,0,0,0,0,0,0,0,0
869,1301,39,133,143,1256,820,1544,1219,852,662,109,861,1511,820,1544,953,437,133,879,0,0,0,0,0
253,1032,519,883,162,846,1194,1629,75,183,977,599,1049,13,1192,0,0,0,0,0,0,0,0,0,0
605,307,754,1328,255,661,1620,559,1319,752,1636,1080,667,598,1626,46,843,578,0,0,0,0,0,0,0
601,980,1628,912,645,804,125,1221,702,1085,392,1113,1370,1436,1631,565,1152,1522,0,0,0,0,0,0,0
378,226,1000,995,340,530,258,1123,304,1144,1294,83,1572,809,697,1496,610,1143,1172,0,0,0,0,0,0
718,1093,1382,543,633,1098,1280,885,940,1578,484,1611,1170,407,336,0,0,0,0,0,0,0,0,0,0
1048,1006,796,384,994,732,249,908,1173,1158,807,1070,348,-1,1199,0,0,0,0,0,0,0,0,0,0
235,708,734,1262,372,1035,0,0,0,0,0,0,0,0,0,0,0,0,0,0,0,0,0,0,0
1345,1202,900,1608,1472,127,1526,35,24,0,0,0,0,0,0,0,0,0,0,0,0,0,0,0,0
94,590,666,982,1343,1149,1071,1440,1411,313,1031,169,895,1351,172,1327,932,618,53,316,600,240,0,0,0
567,972,358,1024,800,175,139,790,553,1194,874,1140,610,372,1238,839,1104,1209,1088,100,959,760,0,0,0
441,403,622,1319,937,1636,1343,821,435,1199,1532,846,1294,38,1351,109,738,989,1427,1027,1358,0,0,0,0
1526,1125,895,1580,1493,761,627,184,1345,749,541,476,1271,497,801,599,0,0,0,0,0,0,0,0,0
1373,353,61,1149,427,299,1155,248,1079,1341,654,980,392,1501,177,384,639,766,1149,820,731,0,0,0,0
660,1625,1089,833,798,1519,86,982,397,1224,1202,368,852,1200,1416,795,283,0,0,0,0,0,0,0,0
580,1275,659,1303,235,734,360,955,1411,315,995,1242,1385,724,1261,697,1009,812,0,0,0,0,0,0,0
932,719,623,947,0,0,0,0,0,0,0,0,0,0,0,0,0,0,0,0,0,0,0,0,0
484,308,10,1071,437,1085,637,442,940,769,1032,253,488,1524,848,1171,1468,0,0,0,0,0,0,0,0
1451,339,726,1176,543,171,1246,1555,1405,1545,1478,1280,1122,605,814,194,1192,1629,1333,1369,1044,0,0,0,0
659,405,75,1423,304,1112,133,494,131,628,1330,83,84,579,299,737,407,1203,883,0,0,0,0,0,0
508,66,706,1006,255,136,1472,1123,764,1522,172,1503,143,996,1096,498,561,585,142,0,0,0,0,0,0
39,1301,745,1420,873,1092,645,348,935,614,661,327,1328,127,1172,900,0,0,0,0,0,0,0,0,0
1592,1061,570,834,108,1327,104,947,1132,1628,1456,999,1626,520,546,602,682,211,0,0,0,0,0,0,0
280,1448,1245,1013,292,576,1015,1347,24,1159,1000,1515,606,1565,1076,807,0,0,0,0,0,0,0,0,0
1608,792,658,620,714,94,976,624,977,1533,415,67,763,13,1066,325,0,0,0,0,0,0,0,0,0
519,1349,893,265,1155,1170,248,188,1037,879,1422,1031,1400,55,974,501,0,0,0,0,0,0,0,0,0
666,1426,796,340,341,216,313,1488,752,1093,929,512,1408,1147,1605,0,0,0,0,0,0,0,0,0,0
707,843,417,13,1587,371,1215,1508,794,662,33,1219,1521,63,1176,959,240,0,0,0,0,0,0,0,0
447,723,963,137,1609,1358,1292,1374,386,871,888,858,1070,343,908,254,0,0,0,0,0,0,0,0,0
635,601,689,1243,691,223,1486,200,1544,870,401,1143,1438,0,0,0,0,0,0,0,0,0,0,0,0
346,1395,162,1287,495,1392,804,809,323,307,280,307,413,771,1183,696,390,0,0,0,0,0,0,0,0
64,1293,988,383,5,997,159,373,1331,829,1117,1581,1635,249,467,1511,1227,1048,912,0,0,0,0,0,0
203,200,371,1098,199,1284,746,684,-1,901,1312,169,372,0,0,0,0,0,0,0,0,0,0,0,0
119,866,1527,1251,1371,1496,1250,295,389,1148,600,1111,198,1152,1593,187,683,145,1315,869,1086,0,0,0,0
1472,405,1203,569,395,226,1108,1238,798,530,1405,576,1251,346,764,1388,183,1282,1006,0,0,0,0,0,0
1245,198,1295,666,1158,662,940,33,1229,1047,1357,223,1423,203,308,389,541,0,0,0,0,0,0,0,0
1385,1088,623,1125,164,447,793,807,1113,974,501,1262,1351,610,1246,584,1395,133,0,0,0,0,0,0,0
1369,719,871,746,1215,1036,10,371,1562,24,299,1087,1070,1287,1501,707,567,325,0,0,0,0,0,0,0
86,157,761,1096,230,1032,1147,642,403,848,601,0,0,0,0,0,0,0,0,0,0,0,0,0,0
738,267,659,1440,1143,820,1155,0,0,0,0,0,0,0,0,0,0,0,0,0,0,0,0,0,0
84,1621,852,1089,1625,1243,358,1060,1048,1347,1148,624,490,1080,846,139,599,559,1572,143,0,0,0,0,0
737,407,635,1329,175,1565,1400,1519,1065,520,1065,1199,1527,253,1152,483,0,0,0,0,0,0,0,0,0
1112,1299,1620,1606,46,348,1057,1633,591,336,834,1009,1605,1170,1011,901,512,1526,932,1294,776,485,683,0,0
386,142,1256,1414,1098,248,639,265,1468,800,745,714,600,338,935,1520,278,849,752,1488,843,492,1303,0,0
425,1093,328,684,384,1219,1426,1194,1333,1227,1511,283,1140,1631,1356,1219,0,0,0,0,0,0,0,0,0
794,316,1027,999,75,194,1066,1144,724,200,641,388,210,814,1183,437,75,194,200,1232,1200,0,0,0,0
580,1420,809,590,1149,1535,63,68,1184,728,1358,691,953,1092,1557,353,55,947,1086,1411,5,100,410,0,0
1171,134,6,755,295,162,696,1460,633,1618,708,959,439,61,255,53,997,159,0,0,0,0,0,0,0
1119,1124,1448,660,413,373,216,821,1307,1555,1095,682,1493,64,1284,0,0,0,0,0,0,0,0,0,0
874,795,872,1496,94,199,497,883,341,1022,732,109,1299,699,13,0,0,0,0,0,0,0,0,0,0
1037,771,782,937,1522,1261,1275,645,861,1505,637,171,1250,119,614,995,661,0,0,0,0,0,0,0,0
179,602,1071,38,812,579,1593,1451,972,1628,1280,976,895,618,959,760,0,0,0,0,0,0,0,0,0
431,1530,137,91,888,1581,1524,360,1392,-1,499,0,0,0,0,0,0,0,0,0,0,0,0,0,0
1024,963,570,916,127,211,235,1242,519,1545,628,29,0,0,0,0,0,0,0,0,0,0,0,0,0
996,1461,1132,415,1629,578,1051,605,585,1415,1456,0,0,0,0,0,0,0,0,0,0,0,0,0,0
435,378,509,1438,1512,840,1374,488,172,1258,1035,988,1422,484,1635,0,0,0,0,0,0,0,0,0,0
1075,1076,1609,675,763,734,804,1611,400,989,769,982,908,622,0,0,0,0,0,0,0,0,0,0,0
184,1002,553,1408,467,83,1085,766,1608,749,1159,573,878,1478,987,658,598,258,0,0,0,0,0,0,0
1229,1047,737,299,1256,870,1086,1031,723,1581,46,1261,397,995,1242,1057,484,760,0,0,0,0,0,0,0
761,1618,94,793,308,1416,125,1635,508,783,1215,885,63,1013,1108,67,1436,980,1330,0,0,0,0,0,0
1329,203,1620,407,100,1608,1006,1243,1124,179,1301,919,1080,1293,39,240,29,801,1422,883,0,0,0,0,0
1197,908,343,1282,590,24,395,1536,733,976,635,88,159,1371,143,642,187,0,0,0,0,0,0,0,0
1245,304,628,1545,235,553,1493,852,1200,1076,177,328,796,1629,1000,384,413,1524,1113,0,0,0,0,0,0
997,336,1368,1140,843,389,280,1636,446,1319,610,1183,509,131,848,0,0,0,0,0,0,0,0,0,0
400,1488,348,706,940,988,878,1111,809,353,1535,1343,724,55,947,1132,0,0,0,0,0,0,0,0,0
1592,846,829,699,1405,922,675,171,295,1312,1496,1526,604,593,386,1117,253,1246,0,0,0,0,0,0,0
1035,1172,1385,627,497,172,83,1173,258,1456,390,834,1275,1087,1326,519,194,0,0,0,0,0,0,0,0
731,734,974,134,1438,707,1303,339,585,82,689,670,346,498,0,0,0,0,0,0,0,0,0,0,0
1104,1327,584,6,565,410,1221,719,1158,1555,1593,1299,137,142,13,415,932,12,0,0,0,0,0,0,0
795,75,601,641,1557,261,1351,408,1095,1238,1017,728,879,166,600,501,1049,183,0,0,0,0,0,0,0
1423,1171,1070,1037,702,13,1562,570,1388,1468,1622,0,0,0,0,0,0,0,0,0,0,0,0,0,0
1317,1633,372,1125,602,654,1036,485,1019,1098,1027,696,1427,145,1357,1625,1089,1414,1605,292,230,960,0,0,0
109,223,794,425,429,1580,467,1048,876,592,901,1271,226,996,912,184,1015,437,1440,543,746,1119,0,0,0
84,466,1170,645,323,708,999,778,169,840,119,1060,86,1143,1119,1349,490,833,0,0,0,0,0,0,0
255,1262,316,1149,1358,1609,358,442,1199,1147,338,1251,858,807,496,847,33,916,1024,769,0,0,0,0,0
435,623,254,1565,1280,1044,108,1572,1159,1328,683,1295,1009,0,0,0,0,0,0,0,0,0,0,0,0
5,373,210,488,216,371,785,175,188,1395,637,24,766,658,1415,0,0,0,0,0,0,0,0,0,0
313,1002,1227,1292,732,1333,662,476,1420,667,360,249,1527,388,1332,1522,1420,738,989,1016,0,0,0,0,0
1284,499,1011,1628,893,614,1065,1578,248,719,1369,618,576,792,661,1232,559,1631,1356,1049,164,0,0,0,0
567,839,764,162,606,1123,1533,417,1075,1219,804,820,1544,627,0,0,0,0,0,0,0,0,0,0,0
605,1411,341,963,1203,1256,1532,745,1194,598,800,1307,749,541,199,520,937,1294,994,872,0,0,0,0,0
200,1519,1512,569,1400,64,1258,713,265,1478,1355,1079,131,1451,403,1158,953,0,0,0,0,0,0,0,0
1533,1620,495,1307,1555,932,258,849,1060,937,675,400,1448,512,1503,820,0,0,0,0,0,0,0,0,0
91,578,696,39,963,1496,1125,1117,602,1526,785,708,1405,1508,1176,1275,995,315,177,0,0,0,0,0,0
211,593,1502,407,974,1609,960,959,1111,600,1139,1633,1209,1511,198,960,0,0,0,0,0,0,0,0,0
895,874,912,570,1303,659,627,726,108,255,1024,35,372,1176,1184,997,1113,1113,790,509,0,0,0,0,0
876,483,559,1032,1036,761,766,1119,384,846,175,1426,999,724,1070,499,46,541,530,1618,1562,94,0,0,0
1002,200,1456,783,919,1415,553,1493,795,75,1192,498,1251,169,328,1021,1521,0,0,0,0,0,0,0,0
573,104,295,713,1047,1229,624,1016,1581,723,1301,442,900,996,1395,390,0,0,0,0,0,0,0,0,0
1031,755,543,1013,776,833,1066,642,561,113,5,1557,401,916,1292,1355,637,769,1501,467,0,0,0,0,0
994,1392,340,847,1403,1593,718,1505,437,1015,654,610,1224,254,798,1472,1621,1572,171,84,0,0,0,0,0
520,809,771,1086,1238,1183,771,1022,599,1049,292,1011,1256,488,1544,1423,1194,987,1299,848,0,0,0,0,0
1420,1092,1545,1328,697,579,1438,485,1139,754,618,1436,1333,33,1356,1319,1461,1438,358,0,0,0,0,0,0
585,1427,199,622,1002,1382,719,1170,64,494,796,1580,972,1349,-1,446,1071,501,360,188,0,0,0,0,0
666,1468,1628,1635,492,645,261,119,1384,29,417,879,760,1343,591,179,870,980,248,0,0,0,0,0,0
408,793,405,187,1027,137,1512,840,1535,598,1606,480,373,1048,1261,0,0,0,0,0,0,0,0,0,0
1152,827,395,1407,812,484,249,168,584,866,576,1330,1521,1158,1611,265,13,12,0,0,0,0,0,0,0
1079,1076,922,145,63,68,1329,601,807,843,1522,0,0,0,0,0,0,0,0,0,0,0,0,0,0
496,1327,821,388,749,1371,403,223,131,1262,427,1373,1408,857,1294,752,888,0,0,0,0,0,0,0,0
997,858,1250,733,1051,1149,389,386,143,1536,392,134,940,1351,569,162,0,0,0,0,0,0,0,0,0
1416,1295,210,490,1173,1422,343,216,425,692,1532,1108,929,1565,699,592,801,1171,0,0,0,0,0,0,0
338,86,1148,466,1245,139,639,100,1227,383,1245,476,546,24,280,605,447,439,38,0,0,0,0,0,0
871,1088,1080,1527,159,1636,620,1075,1061,1315,142,852,1044,1329,66,839,1385,614,575,641,0,0,0,0,0
731,728,1358,1260,1368,947,1200,1347,0,0,0,0,0,0,0,0,0,0,0,0,0,0,0,0,0
883,691,702,348,378,670,346,0,0,0,0,0,0,0,0,0,0,0,0,0,0,0,0,0,0
1631,1460,1622,1221,1369,637,1242,1312,637,1242,707,283,660,1522,1486,873,804,172,1123,0,0,0,0,0,0
714,1524,1319,1287,499,645,763,6,754,755,1036,29,119,1048,490,95,754,755,104,292,872,485,776,0,0
280,413,719,702,1572,883,1520,1159,1000,1522,1626,1294,38,567,1628,989,738,900,0,0,0,0,0,0,0
159,437,929,1232,199,496,1293,1312,1011,1172,1496,635,1330,795,162,100,390,997,0,0,0,0,0,0,0
769,1144,46,1006,1282,1124,1374,1546,866,1527,1299,718,713,1200,852,812,1609,1392,1416,569,0,0,0,0,0
953,1176,585,353,328,675,1420,1301,1119,278,378,1405,1051,134,579,1066,0,0,0,0,0,0,0,0,0
792,809,575,1307,1581,546,211,253,488,960,61,1258,494,295,145,940,995,670,1505,0,0,0,0,0,0
1488,1403,593,778,1592,1158,1332,1486,1533,1384,1087,343,1620,1215,606,429,33,573,0,0,0,0,0,0,0
395,360,561,348,667,171,248,974,908,977,304,804,389,388,1407,1408,509,1024,820,0,0,0,0,0,0
901,446,955,559,1532,1622,1070,13,175,1224,1031,1501,492,407,64,1197,876,1017,0,0,0,0,0,0,0
131,258,194,1013,1358,346,1555,1460,728,605,782,323,340,0,0,0,0,0,0,0,0,0,0,0,0
912,1423,1089,94,893,614,1605,325,778,1317,35,1411,1461,1373,659,972,1203,415,0,0,0,0,0,0,0
336,1333,726,963,1197,660,235,1328,584,1132,1593,809,590,683,1385,1436,1502,1331,937,0,0,0,0,0,0
442,1123,1319,495,1261,1199,733,885,172,384,745,427,216,1112,1478,136,814,113,628,1016,1629,1080,0,0,0
764,12,483,731,708,425,1280,760,1246,599,543,858,1315,1251,498,873,1079,1152,198,723,543,0,0,0,0
1194,177,839,1292,732,610,1329,1388,1472,1349,1448,1512,501,0,0,0,0,0,0,0,0,0,0,0,0
999,401,870,1587,327,691,642,706,1611,143,368,1061,879,878,570,1580,1108,783,622,508,737,0,0,0,0
794,829,800,1636,139,761,766,1618,1426,1536,392,827,417,592,1562,1221,1493,996,230,1022,1341,0,0,0,0
1149,179,1357,530,63,848,1219,168,265,980,1544,240,308,82,267,0,0,0,0,0,0,0,0,0,0
1511,1530,1422,431,601,749,1557,1092,299,1256,1451,1519,400,1521,210,1021,1032,1351,439,0,0,0,0,0,0
553,255,1044,10,254,1085,405,1356,843,-1,1456,1098,1245,847,1009,812,0,0,0,0,0,0,0,0,0
1272,1147,1088,637,1271,1347,624,849,403,861,1202,689,386,840,578,0,0,0,0,0,0,0,0,0,0
84,466,1148,67,1238,895,261,1545,75,1526,1037,0,0,0,0,0,0,0,0,0,0,0,0,0,0
1275,397,358,602,1071,591,1606,1076,1440,283,1243,869,1633,0,0,0,0,0,0,0,0,0,0,0,0
620,142,1400,1519,1621,1625,435,846,598,1002,184,1096,947,707,1303,1343,408,1086,373,0,0,0,0,0,0
1080,858,1294,1112,1618,766,1246,1036,645,873,1176,1096,492,336,261,628,447,763,1049,1229,1047,6,0,0,0
999,719,667,1192,1171,578,137,1609,133,1415,812,1370,1113,1426,1332,1144,86,1415,658,0,0,0,0,0,0
1565,1317,1621,1149,1006,1349,38,580,994,1140,1633,1496,833,684,257,947,254,360,1319,0,0,0,0,0,0
1345,1086,368,1202,343,466,1593,307,413,162,1460,1299,1519,226,618,1451,325,829,0,0,0,0,0,0,0
249,341,1060,1125,1197,371,339,1089,605,1119,1493,166,1076,235,400,900,953,879,0,0,0,0,0,0,0
88,169,1256,1061,1407,989,761,627,1461,168,848,308,1002,1057,1555,696,384,1456,1199,0,0,0,0,0,0
1329,1512,1326,1631,1250,304,1307,1422,1295,1581,94,29,108,963,724,348,576,338,622,792,64,0,0,0,0
874,1416,809,24,441,662,731,1572,211,240,1368,1203,1501,1521,610,847,1488,987,199,496,0,0,0,0,0
1420,1392,812,33,292,104,91,708,795,1197,200,86,157,654,1035,1262,1405,932,104,0,0,0,0,0,0
109,67,373,372,1411,35,570,567,392,997,68,893,614,635,429,1347,0,0,0,0,0,0,0,0,0
520,809,134,1243,198,483,861,1374,1629,1258,1341,1251,519,1327,388,541,1098,1440,821,1330,857,0,0,0,0
769,1535,46,749,1275,1227,878,1155,66,872,1312,796,738,1013,849,1527,598,1536,834,0,0,0,0,0,0
340,666,408,188,1221,1143,0,0,0,0,0,0,0,0,0,0,0,0,0,0,0,0,0,0,0
1173,732,637,171,794,1620,378,573,0,0,0,0,0,0,0,0,0,0,0,0,0,0,0,0,0
405,929,267,1578,1611,84,908,1371,13,1124,827,1635,499,726,565,410,0,0,0,0,0,0,0,0,0
1395,283,783,846,323,723,1238,1108,467,1331,1287,295,683,0,0,0,0,0,0,0,0,0,0,0,0
427,172,639,1581,313,1158,159,1152,299,1200,852,1087,641,164,119,1384,1087,702,591,175,760,0,0,0,0
707,1303,715,512,807,820,1261,745,754,315,661,1232,1093,807,1544,401,1111,1256,1044,546,1508,1403,0,0,0
258,1343,1626,145,248,1047,793,840,415,63,706,0,0,0,0,0,0,0,0,0,0,0,0,0,0
734,1219,82,843,389,601,10,1423,785,623,1358,623,1017,579,1557,346,1608,100,697,136,0,0,0,0,0
216,508,1292,442,980,755,1357,498,83,442,1085,659,1092,194,1075,255,113,982,0,0,0,0,0,0,0
39,919,12,1606,280,1272,488,1587,495,1032,1139,675,437,585,1515,0,0,0,0,0,0,0,0,0,0
1117,620,593,397,977,1242,1280,1293,0,0,0,0,0,0,0,0,0,0,0,0,0,0,0,0,0
599,1147,1079,633,1051,1382,1545,1369,0,0,0,0,0,0,0,0,0,0,0,0,0,0,0,0,0
795,327,610,1515,46,488,308,869,508,383,1420,109,499,498,1411,1581,1294,91,1047,1544,0,0,0,0,0
346,752,999,1426,75,996,873,604,1626,0,0,0,0,0,0,0,0,0,0,0,0,0,0,0,0
670,843,1319,576,295,1368,1562,1618,627,1555,1355,104,1124,573,1533,0,0,0,0,0,0,0,0,0,0
299,737,900,718,801,1075,476,995,315,1071,1333,1119,392,1000,1132,1415,0,0,0,0,0,0,0,0,0
1229,1016,814,1158,1501,84,908,198,1374,733,307,1349,1505,807,1527,848,976,1232,1019,61,0,0,0,0,0
492,1027,667,659,1295,724,1144,1104,1148,1155,988,1203,1408,579,0,0,0,0,0,0,0,0,0,0,0
1326,401,1493,553,605,1448,261,1436,0,0,0,0,0,0,0,0,0,0,0,0,0,0,0,0,0
834,1013,1152,1522,618,1357,1086,1423,1079,1092,390,1284,328,0,0,0,0,0,0,0,0,0,0,0,0
1301,179,1287,734,1303,578,12,1373,1345,878,64,1629,1572,682,0,0,0,0,0,0,0,0,0,0,0
157,1524,431,1530,919,839,793,1611,1112,1468,429,1200,666,987,1343,408,1123,0,0,0,0,0,0,0,0
1451,879,953,442,794,1609,133,339,1625,728,989,738,893,614,283,937,1555,0,0,0,0,0,0,0,0
1292,131,628,83,812,304,1422,963,5,6,10,1024,746,1405,0,0,0,0,0,0,0,0,0,0,0
874,1392,715,1511,849,1635,1369,417,901,1089,341,1557,0,0,0,0,0,0,0,0,0,0,0,0,0
384,447,164,792,1080,519,29,637,145,1351,624,134,645,0,0,0,0,0,0,0,0,0,0,0,0
699,591,1622,395,255,1332,248,602,829,814,732,437,1521,1036,0,0,0,0,0,0,0,0,0,0,0
0,0,0,0,0,0,0,0,0,0,0,0,0,0,0,0,0,0,0,0,0,0,0,0,0
172,267,240,1395,1280,427,661,372,980,249,1002,439,1057,343,1087,745,1159,1587,0,0,0,0,0,0,0
407,495,139,1636,683,360,585,86,584,1060,623,1327,755,484,13,373,559,280,1015,1245,1076,0,0,0,0
763,675,410,1032,1275,216,761,598,1496,1358,1272,0,0,0,0,0,0,0,0,0,0,0,0,0,0
707,1400,1519,1478,1620,1070,467,1238,67,253,1037,541,601,397,821,435,0,0,0,0,0,0,0,0,0
1341,278,708,1221,125,1328,974,1578,94,980,33,1256,1061,1258,0,0,0,0,0,0,0,0,0,0,0
211,1440,1143,1197,446,747,1066,870,1250,194,1512,580,1271,415,1461,405,0,0,0,0,0,0,0,0,0
723,1125,790,1414,857,265,403,1293,1370,142,1608,203,691,143,1407,771,935,0,0,0,0,0,0,0,0
871,108,827,1140,1035,136,389,1565,1021,1065,1520,1242,1545,820,1606,1093,0,0,0,0,0,0,0,0,0
1547,384,754,1123,861,881,138,215,163,1117,364,1517,763,1389,0,0,0,0,0,0,0,0,0,0,0
214,211,1028,1028,1303,500,1400,159,997,35,814,1411,706,733,258,724,0,0,0,0,0,0,0,0,0
1109,1181,635,830,588,1311,1357,564,11,699,1299,1155,389,1144,433,0,0,0,0,0,0,0,0,0,0
189,924,623,562,1252,694,322,1460,1315,43,1258,982,0,0,0,0,0,0,0,0,0,0,0,0,0
1012,637,1172,846,1216,1293,395,1385,1285,1295,848,168,1345,353,458,88,0,0,0,0,0,0,0,0,0
636,628,1334,700,622,696,1455,1356,234,1329,887,1047,240,0,0,0,0,0,0,0,0,0,0,0,0
1630,1195,1251,498,1081,84,908,1496,963,726,827,52,1347,0,0,0,0,0,0,0,0,0,0,0,0
1082,943,1236,715,442,769,194,1052,483,1085,0,0,0,0,0,0,0,0,0,0,0,0,0,0,0
154,297,398,1350,119,821,681,1611,836,111,304,1246,1451,1078,99,0,0,0,0,0,0,0,0,0,0
1269,685,937,722,1044,315,873,666,1555,1307,493,1214,1335,124,872,0,0,0,0,0,0,0,0,0,0
39,1271,697,1197,1074,1223,434,256,906,1282,702,1183,750,1010,1587,1579,374,1237,510,555,0,0,0,0,0
526,603,1393,1404,972,254,440,1061,1209,1408,911,418,171,1197,371,989,1536,392,600,0,0,0,0,0,0
554,1536,348,578,1304,326,687,1349,1283,1593,942,0,0,0,0,0,0,0,0,0,0,0,0,0,0
1578,452,1588,621,191,324,1013,407,179,645,1515,1508,0,0,0,0,0,0,0,0,0,0,0,0,0
799,1059,808,1385,725,305,1383,1110,837,1359,181,1276,1501,1558,624,1594,0,0,0,0,0,0,0,0,0
1629,299,1608,658,718,843,308,758,223,153,130,93,338,91,1382,790,0,0,0,0,0,0,0,0,0
239,233,1509,1609,1143,1440,684,1511,1563,135,1636,417,1419,747,0,0,0,0,0,0,0,0,0,0,0
1127,507,1545,370,484,1405,13,1065,1088,490,327,1361,116,1234,689,1503,168,0,0,0,0,0,0,0,0
772,1442,570,1351,335,776,1313,638,572,609,921,909,1142,0,0,0,0,0,0,0,0,0,0,0,0
1581,94,620,1631,344,675,1469,-1,1162,593,680,1566,1046,0,0,0,0,0,0,0,0,0,0,0,0
1413,141,557,740,586,1524,188,137,667,870,916,655,509,1035,68,1415,200,1049,599,1244,1204,0,0,0,0
211,1597,10,249,771,935,397,1215,662,1426,386,541,388,1006,321,0,0,0,0,0,0,0,0,0,0
654,71,478,1437,86,556,1336,900,1202,404,1101,1263,1319,139,833,1301,1312,1302,592,0,0,0,0,0,0
789,567,642,569,1344,714,67,403,1153,210,109,1299,311,1399,1076,120,0,0,0,0,0,0,0,0,0
