1119,307,1019,795,53,1347,713,1104,1501,299,637,829,1117,139,495,1636,134,12,134,410,425,1215,0,0,0,0,0,0,0,0,0,0,0,0,0,0,0,0,0,0,0,0
1232,328,999,980,1572,872,-1,559,846,858,1580,1184,959,188,922,1426,55,1238,0,0,0,0,0,0,0,0,0,0,0,0,0,0,0,0,0,0,0,0,0,0,0,0
408,1343,258,1080,866,1299,1472,1036,1021,1070,874,1562,407,159,635,1144,1605,1472,133,143,258,0,0,0,0,0,0,0,0,0,0,0,0,0,0,0,0,0,0,0,0,0
633,553,1140,1524,696,1515,606,937,1351,1451,100,1355,1085,996,760,0,0,0,0,0,0,0,0,0,0,0,0,0,0,0,0,0,0,0,0,0,0,0,0,0,0,0
1580,639,1332,315,1293,1319,211,731,108,827,223,179,442,873,1628,304,697,1496,137,1049,561,0,0,0,0,0,0,0,0,0,0,0,0,0,0,0,0,0,0,0,0,0
5,6,177,1448,1330,893,953,785,691,413,733,1385,916,280,-1,834,0,0,0,0,0,0,0,0,0,0,0,0,0,0,0,0,0,0,0,0,0,0,0,0,0,0
570,1422,1075,1076,1303,46,541,843,1520,592,660,405,1011,1371,1000,1051,386,602,1095,1132,567,0,0,0,0,0,0,0,0,0,0,0,0,0,0,0,0,0,0,0,0,0
415,1125,919,778,1345,1511,1047,226,869,702,820,1327,1147,590,782,604,580,0,0,0,0,0,0,0,0,0,0,0,0,0,0,0,0,0,0,0,0,0,0,0,0,0
1530,814,1035,659,261,723,1503,1312,1284,605,1202,353,1328,796,1272,249,169,576,0,0,0,0,0,0,0,0,0,0,0,0,0,0,0,0,0,0,0,0,0,0,0,0
104,947,749,1545,492,194,771,618,1060,1079,446,1093,871,1088,371,1415,569,1478,982,0,0,0,0,0,0,0,0,0,0,0,0,0,0,0,0,0,0,0,0,0,0,0
769,1098,1438,166,13,847,622,230,494,1315,809,776,327,1592,131,1486,1521,496,0,0,0,0,0,0,0,0,0,0,0,0,0,0,0,0,0,0,0,0,0,0,0,0
1356,1460,1203,1006,1149,248,1629,127,1242,715,64,389,783,0,0,0,0,0,0,0,0,0,0,0,0,0,0,0,0,0,0,0,0,0,0,0,0,0,0,0,0,0
1536,488,1258,63,1631,1307,341,338,278,1292,684,976,1331,849,392,1606,1280,466,172,168,1307,63,0,0,0,0,0,0,0,0,0,0,0,0,0,0,0,0,0,0,0,0
1635,1221,988,1159,1057,1608,1194,82,839,384,61,1002,435,708,1405,658,0,0,0,0,0,0,0,0,0,0,0,0,0,0,0,0,0,0,0,0,0,0,0,0,0,0
199,35,235,708,1124,179,642,1626,790,1488,1065,1112,754,755,1108,240,0,0,0,0,0,0,0,0,0,0,0,0,0,0,0,0,0,0,0,0,0,0,0,0,0,0
86,821,591,840,1111,1017,728,83,598,724,1522,91,519,1016,546,91,1633,1546,1317,125,125,0,0,0,0,0,0,0,0,0,0,0,0,0,0,0,0,0,0,0,0,0
738,1621,372,1611,67,509,1037,719,1152,1369,1013,1620,623,987,94,267,265,67,1243,1423,1246,0,0,0,0,0,0,0,0,0,0,0,0,0,0,0,0,0,0,0,0,0
203,373,883,113,38,683,1294,520,1532,292,989,692,508,883,313,0,0,0,0,0,0,0,0,0,0,0,0,0,0,0,0,0,0,0,0,0,0,0,0,0,0,0
807,601,33,761,1555,752,627,1370,600,1382,255,1139,1032,360,476,171,878,940,0,0,0,0,0,0,0,0,0,0,0,0,0,0,0,0,0,0,0,0,0,0,0,0
737,84,620,1358,119,484,216,670,1171,467,1086,610,620,734,662,641,1622,346,870,1066,0,0,0,0,0,0,0,0,0,0,0,0,0,0,0,0,0,0,0,0,0,0
254,343,184,1544,1508,1282,578,358,390,499,963,1440,1024,935,1609,706,0,0,0,0,0,0,0,0,0,0,0,0,0,0,0,0,0,0,0,0,0,0,0,0,0,0
1527,1262,794,200,1275,340,378,1089,1256,1031,1578,0,0,0,0,0,0,0,0,0,0,0,0,0,0,0,0,0,0,0,0,0,0,0,0,0,0,0,0,0,0,0
798,718,645,1593,1158,1183,1224,142,1505,955,1155,1373,0,0,0,0,0,0,0,0,0,0,0,0,0,0,0,0,0,0,0,0,0,0,0,0,0,0,0,0,0,0
1261,689,666,1416,874,1587,497,1326,667,437,1173,994,895,908,210,0,0,0,0,0,0,0,0,0,0,0,0,0,0,0,0,0,0,0,0,0,0,0,0,0,0,0
439,696,143,346,488,39,763,569,75,498,576,1341,169,870,1522,1486,861,870,1312,39,1341,0,0,0,0,0,0,0,0,0,0,0,0,0,0,0,0,0,0,0,0,0
1388,216,600,697,1546,869,162,846,1159,1203,1546,1015,1349,1448,338,0,0,0,0,0,0,0,0,0,0,0,0,0,0,0,0,0,0,0,0,0,0,0,0,0,0,0
1227,1331,635,1113,659,1407,1426,1152,1633,976,67,1238,83,684,368,876,559,1536,392,1086,1633,1303,807,559,0,0,0,0,0,0,0,0,0,0,0,0,0,0,0,0,0,0
874,1229,1047,483,66,872,292,1024,501,893,483,745,1635,812,1112,839,1171,341,295,139,1555,999,1330,0,0,0,0,0,0,0,0,0,0,0,0,0,0,0,0,0,0,0
283,499,1192,194,699,598,994,1219,1051,1355,1061,1343,1155,1117,778,267,654,1183,194,0,0,0,0,0,0,0,0,0,0,0,0,0,0,0,0,0,0,0,0,0,0,0
1280,405,866,441,325,1075,924,599,1166,235,495,1503,1392,0,0,0,0,0,0,0,0,0,0,0,0,0,0,0,0,0,0,0,0,0,0,0,0,0,0,0,0,0
1351,1460,1085,1468,1625,1108,749,388,226,390,827,327,407,1170,871,719,61,960,127,1625,1351,0,0,0,0,0,0,0,0,0,0,0,0,0,0,0,0,0,0,0,0,0
1438,800,410,6,662,1620,248,980,1328,323,198,1609,728,435,1631,1092,873,1557,0,0,0,0,0,0,0,0,0,0,0,0,0,0,0,0,0,0,0,0,0,0,0,0
447,1215,1224,210,995,159,183,125,1347,328,820,637,383,728,179,384,184,916,601,641,119,1384,1587,383,0,0,0,0,0,0,0,0,0,0,0,0,0,0,0,0,0,0
1006,1124,137,578,764,764,137,852,982,1299,1371,258,172,386,373,1251,1096,1581,131,623,0,0,0,0,0,0,0,0,0,0,0,0,0,0,0,0,0,0,0,0,0,0
177,1035,1395,660,1423,134,104,953,446,792,932,519,829,0,0,0,0,0,0,0,0,0,0,0,0,0,0,0,0,0,0,0,0,0,0,0,0,0,0,0,0,0
847,175,977,584,157,922,1065,168,1611,809,642,24,1088,761,766,1356,848,1022,732,0,0,0,0,0,0,0,0,0,0,0,0,0,0,0,0,0,0,0,0,0,0,0
737,64,171,895,1144,1422,315,1519,1019,666,187,1565,591,497,-1,485,1496,466,1520,53,315,912,0,0,0,0,0,0,0,0,0,0,0,0,0,0,0,0,0,0,0,0
1505,1345,796,1511,415,1125,371,734,0,0,0,0,0,0,0,0,0,0,0,0,0,0,0,0,0,0,0,0,0,0,0,0,0,0,0,0,0,0,0,0,0,0
1515,100,1194,1605,546,1526,1009,724,987,692,203,883,858,1618,82,972,13,1246,1622,593,1009,0,0,0,0,0,0,0,0,0,0,0,0,0,0,0,0,0,0,0,0,0
706,733,579,38,1427,427,573,1368,1451,408,1016,490,230,417,38,35,1287,1293,878,1202,996,0,0,0,0,0,0,0,0,0,0,0,0,0,0,0,0,0,0,0,0,0
963,879,1176,360,1461,1606,530,1177,378,1420,142,1315,494,543,620,707,1578,425,1319,639,496,199,0,0,0,0,0,0,0,0,0,0,0,0,0,0,0,0,0,0,0,0
1149,278,1002,919,336,715,834,1327,1119,605,769,1400,1562,1535,1535,1221,340,691,1111,1317,1031,610,0,0,0,0,0,0,0,0,0,0,0,0,0,0,0,0,0,0,0,0
211,1080,794,348,843,1530,1250,1544,840,1184,1258,-1,1493,553,0,0,0,0,0,0,0,0,0,0,0,0,0,0,0,0,0,0,0,0,0,0,0,0,0,0,0,0
1374,1373,353,702,255,1140,1089,1532,1621,1027,1098,1087,661,1089,738,627,714,1621,1374,1385,1066,68,908,0,0,0,0,0,0,0,0,0,0,0,0,0,0,0,0,0,0,0
1488,752,622,249,1060,467,1411,565,1104,429,1545,1275,900,240,604,1256,1011,565,0,0,0,0,0,0,0,0,0,0,0,0,0,0,0,0,0,0,0,0,0,0,0,0
974,1071,400,1272,1580,723,442,437,200,1415,940,940,1626,731,814,1158,94,1139,429,1139,754,1628,0,0,0,0,0,0,0,0,0,0,0,0,0,0,0,0,0,0,0,0
575,590,1125,1049,1243,801,1242,1501,1436,520,145,1261,476,0,0,0,0,0,0,0,0,0,0,0,0,0,0,0,0,0,0,0,0,0,0,0,0,0,0,0,0,0
708,1440,1143,63,885,86,265,188,883,113,261,989,395,84,675,1369,1123,0,0,0,0,0,0,0,0,0,0,0,0,0,0,0,0,0,0,0,0,0,0,0,0,0
675,714,184,895,1501,429,754,713,866,840,400,1456,1415,1245,872,328,261,373,790,0,0,0,0,0,0,0,0,0,0,0,0,0,0,0,0,0,0,0,0,0,0,0
386,667,637,752,953,1093,641,512,1229,1047,976,67,1317,1036,372,578,1629,46,519,343,778,0,0,0,0,0,0,0,0,0,0,0,0,0,0,0,0,0,0,0,0,0
605,794,559,919,972,139,466,441,431,1530,389,388,706,1520,994,769,1124,706,161,1388,0,0,0,0,0,0,0,0,0,0,0,0,0,0,0,0,0,0,0,0,0,0
248,5,1440,390,1535,602,435,916,876,10,501,1096,745,601,267,602,1170,1333,0,0,0,0,0,0,0,0,0,0,0,0,0,0,0,0,0,0,0,0,0,0,0,0
1123,395,1140,982,707,413,1299,1015,255,696,592,439,1272,1373,1436,353,1546,707,0,0,0,0,0,0,0,0,0,0,0,0,0,0,0,0,0,0,0,0,0,0,0,0
483,203,809,91,1511,1261,1347,199,989,1456,766,1080,1061,1095,960,145,0,0,0,0,0,0,0,0,0,0,0,0,0,0,0,0,0,0,0,0,0,0,0,0,0,0
1544,171,737,1631,932,689,1606,575,1284,1611,1578,553,1246,1117,157,1407,1408,798,0,0,0,0,0,0,0,0,0,0,0,0,0,0,0,0,0,0,0,0,0,0,0,0
1356,1460,807,1448,39,1625,1357,1356,168,849,610,893,871,546,834,800,1287,1017,6,1104,82,1176,1515,1460,-1,846,1625,0,0,0,0,0,0,0,0,0,0,0,0,0,0,0
131,874,177,1519,1013,633,761,627,119,1048,383,801,392,661,131,495,403,0,0,0,0,0,0,0,0,0,0,0,0,0,0,0,0,0,0,0,0,0,0,0,0,0
654,1035,1400,442,1019,682,585,295,283,485,776,1328,843,738,235,1019,295,125,1037,660,0,0,0,0,0,0,0,0,0,0,0,0,0,0,0,0,0,0,0,0,0,0
240,1545,708,937,782,1486,977,249,198,1609,1608,997,702,670,878,570,1011,959,1382,0,0,0,0,0,0,0,0,0,0,0,0,0,0,0,0,0,0,0,0,0,0,0
1108,1221,1505,1621,1044,565,410,600,1111,401,1066,33,254,1282,732,1426,885,579,726,0,0,0,0,0,0,0,0,0,0,0,0,0,0,0,0,0,0,0,0,0,0,0
323,24,1403,175,1414,494,1315,1351,339,200,783,804,1349,1295,0,0,0,0,0,0,0,0,0,0,0,0,0,0,0,0,0,0,0,0,0,0,0,0,0,0,0,0
1358,728,188,1512,684,1451,172,793,1172,194,408,724,86,584,1016,883,278,1132,912,187,0,0,0,0,0,0,0,0,0,0,0,0,0,0,0,0,0,0,0,0,0,0
292,1085,628,104,1326,38,1532,1319,1113,857,658,852,0,0,0,0,0,0,0,0,0,0,0,0,0,0,0,0,0,0,0,0,0,0,0,0,0,0,0,0,0,0
84,327,988,446,814,995,315,1275,1159,64,407,870,1256,1536,66,561,100,498,63,0,0,0,0,0,0,0,0,0,0,0,0,0,0,0,0,0,0,0,0,0,0,0
304,1635,162,371,620,879,1089,1636,1075,1192,1171,1152,1527,1092,159,635,1331,1238,1293,1139,109,1496,697,0,0,0,0,0,0,0,0,0,0,0,0,0,0,0,0,0,0,0
113,1493,346,723,1581,35,839,425,1022,137,1262,1060,1242,1522,623,169,1341,1521,598,1522,1002,858,1503,134,0,0,0,0,0,0,0,0,0,0,0,0,0,0,0,0,0,0
1147,1227,731,604,1065,666,1219,1087,499,1125,1031,1006,1405,265,397,1468,1440,1395,83,1557,253,0,0,0,0,0,0,0,0,0,0,0,0,0,0,0,0,0,0,0,0,0
999,1021,1312,1301,415,718,1420,29,963,1243,94,1024,1070,847,134,1243,341,0,0,0,0,0,0,0,0,0,0,0,0,0,0,0,0,0,0,0,0,0,0,0,0,0
1633,88,1071,618,1345,-1,947,1098,1343,591,1149,1194,1203,715,183,1009,827,1119,488,0,0,0,0,0,0,0,0,0,0,0,0,0,0,0,0,0,0,0,0,0,0,0
143,133,530,1280,316,61,348,1533,1384,136,1411,1224,1593,1329,980,136,316,0,0,0,0,0,0,0,0,0,0,0,0,0,0,0,0,0,0,0,0,0,0,0,0,0
405,53,749,622,508,1209,1086,164,1327,1332,1144,509,1303,447,0,0,0,0,0,0,0,0,0,0,0,0,0,0,0,0,0,0,0,0,0,0,0,0,0,0,0,0
614,476,1620,869,1355,12,1076,795,0,0,0,0,0,0,0,0,0,0,0,0,0,0,0,0,0,0,0,0,0,0,0,0,0,0,0,0,0,0,0,0,0,0
1400,1478,602,1618,559,559,1061,1403,783,947,172,1227,35,546,1357,785,1536,861,94,1371,1011,1170,0,0,0,0,0,0,0,0,0,0,0,0,0,0,0,0,0,0,0,0
761,258,1343,1535,427,734,782,997,1245,198,1224,691,1089,1388,88,662,809,520,328,0,0,0,0,0,0,0,0,0,0,0,0,0,0,0,0,0,0,0,0,0,0,0
628,593,1199,360,1060,82,5,360,1405,1048,1328,1629,869,466,870,403,980,1272,726,635,1408,0,0,0,0,0,0,0,0,0,0,0,0,0,0,0,0,0,0,0,0,0
199,715,1456,200,1124,1532,1326,1592,249,697,1533,415,358,1294,1307,1555,1356,0,0,0,0,0,0,0,0,0,0,0,0,0,0,0,0,0,0,0,0,0,0,0,0,0
963,164,413,437,940,86,1293,1287,1587,790,666,1202,86,1219,1331,929,604,1472,605,1370,713,0,0,0,0,0,0,0,0,0,0,0,0,0,0,0,0,0,0,0,0,0
1562,637,846,912,645,1416,1355,168,1448,1096,1333,1035,883,1144,834,1416,226,584,439,1557,1092,0,0,0,0,0,0,0,0,0,0,0,0,0,0,0,0,0,0,0,0,0
1373,731,371,684,654,1382,1527,304,265,1284,315,313,13,253,68,0,0,0,0,0,0,0,0,0,0,0,0,0,0,0,0,0,0,0,0,0,0,0,0,0,0,0
368,1021,1488,157,599,100,1075,488,994,953,24,1079,0,0,0,0,0,0,0,0,0,0,0,0,0,0,0,0,0,0,0,0,0,0,0,0,0,0,0,0,0,0
175,346,1015,397,184,1000,1123,848,1200,1358,977,499,283,988,383,1358,1171,104,766,0,0,0,0,0,0,0,0,0,0,0,0,0,0,0,0,0,0,0,0,0,0,0
733,64,737,769,696,203,1384,134,1520,1232,1347,699,1112,623,1519,627,858,278,142,0,0,0,0,0,0,0,0,0,0,0,0,0,0,0,0,0,0,0,0,0,0,0
1262,1385,1282,519,46,388,1229,1262,1113,1626,38,792,1022,895,230,91,353,0,0,0,0,0,0,0,0,0,0,0,0,0,0,0,0,0,0,0,0,0,0,0,0,0
1036,1125,1006,1426,1427,916,1140,1194,-1,718,336,1332,1486,1593,0,0,0,0,0,0,0,0,0,0,0,0,0,0,0,0,0,0,0,0,0,0,0,0,0,0,0,0
900,754,794,6,1149,1088,119,295,1440,1209,1628,1621,1032,852,866,585,6,508,702,1260,0,0,0,0,0,0,0,0,0,0,0,0,0,0,0,0,0,0,0,0,0,0
143,1280,299,1256,53,760,211,1019,1420,1095,125,1037,113,145,1183,29,599,624,1633,0,0,0,0,0,0,0,0,0,0,0,0,0,0,0,0,0,0,0,0,0,0,0
606,1524,446,1080,223,1493,348,308,728,187,801,575,1451,1329,1369,67,982,0,0,0,0,0,0,0,0,0,0,0,0,0,0,0,0,0,0,0,0,0,0,0,0,0
340,292,1192,873,1422,839,879,919,1242,976,373,0,0,0,0,0,0,0,0,0,0,0,0,0,0,0,0,0,0,0,0,0,0,0,0,0,0,0,0,0,0,0
255,932,738,240,885,878,570,723,442,1087,1017,325,188,1070,745,108,1327,1411,932,908,1461,0,0,0,0,0,0,0,0,0,0,0,0,0,0,0,0,0,0,0,0,0
543,800,847,407,341,614,893,498,1251,996,706,1009,764,492,1609,1415,1117,1319,1159,796,996,833,0,0,0,0,0,0,0,0,0,0,0,0,0,0,0,0,0,0,0,0
565,410,901,1301,1098,1312,675,598,386,216,1317,1147,1047,136,1243,1368,1505,955,1565,425,849,1104,1515,0,0,0,0,0,0,0,0,0,0,0,0,0,0,0,0,0,0,0
1303,707,999,755,84,261,795,553,1349,378,1002,1093,1503,752,1031,1071,1341,0,0,0,0,0,0,0,0,0,0,0,0,0,0,0,0,0,0,0,0,0,0,0,0,0
1395,959,1086,937,61,1460,960,1611,1172,798,490,1246,495,0,0,0,0,0,0,0,0,0,0,0,0,0,0,0,0,0,0,0,0,0,0,0,0,0,0,0,0,0
746,876,1108,1215,307,280,392,642,567,343,749,601,578,137,1578,1546,483,1275,1606,1636,166,476,392,0,0,0,0,0,0,0,0,0,0,0,0,0,0,0,0,0,0,0
323,405,1468,63,575,162,1250,1521,435,530,1392,177,0,0,0,0,0,0,0,0,0,0,0,0,0,0,0,0,0,0,0,0,0,0,0,0,0,0,0,0,0,0
1544,569,1608,658,109,1221,254,83,1197,714,1158,1436,1351,708,1635,501,719,0,0,0,0,0,0,0,0,0,0,0,0,0,0,0,0,0,0,0,0,0,0,0,0,0
578,707,1303,692,1009,827,1636,343,1427,1422,959,1315,1284,1580,706,348,338,1636,1272,86,1326,1227,869,726,0,0,0,0,0,0,0,0,0,0,0,0,0,0,0,0,0,0
283,240,1438,1532,1312,543,1536,719,1080,1044,1572,614,749,1405,1545,849,570,778,437,383,492,1524,0,0,0,0,0,0,0,0,0,0,0,0,0,0,0,0,0,0,0,0
1232,143,316,737,299,358,1111,559,599,1093,466,1096,1333,1555,1119,1440,1143,488,1173,849,879,919,1478,1093,0,0,0,0,0,0,0,0,0,0,0,0,0,0,0,0,0,0
618,157,994,1369,874,1416,83,83,1113,1370,1066,839,1456,267,94,1066,870,401,1057,1294,390,0,0,0,0,0,0,0,0,0,0,0,0,0,0,0,0,0,0,0,0,0
1125,1461,1524,5,763,200,1197,226,783,187,1327,397,1593,733,1626,368,171,645,1505,353,0,0,0,0,0,0,0,0,0,0,0,0,0,0,0,0,0,0,0,0,0,0
691,339,442,1238,403,883,977,1183,935,82,1176,738,1051,0,0,0,0,0,0,0,0,0,0,0,0,0,0,0,0,0,0,0,0,0,0,0,0,0,0,0,0,0
1349,1392,168,388,230,378,873,1351,888,340,495,792,963,1184,637,0,0,0,0,0,0,0,0,0,0,0,0,0,0,0,0,0,0,0,0,0,0,0,0,0,0,0
843,1628,795,769,1170,483,861,1486,580,1149,194,494,600,75,496,932,194,0,0,0,0,0,0,0,0,0,0,0,0,0,0,0,0,0,0,0,0,0,0,0,0,0
278,576,675,840,1611,386,999,501,1060,136,746,620,497,1451,641,46,1520,1260,315,467,386,1060,136,1522,0,0,0,0,0,0,0,0,0,0,0,0,0,0,0,0,0,0
6,1384,1104,1501,1022,427,1027,1088,183,639,764,661,1123,499,684,64,1013,6,561,764,0,0,0,0,0,0,0,0,0,0,0,0,0,0,0,0,0,0,0,0,0,0
1562,766,371,723,1426,635,1112,734,793,100,650,575,801,980,1140,0,0,0,0,0,0,0,0,0,0,0,0,0,0,0,0,0,0,0,0,0,0,0,0,0,0,0
662,1048,392,976,280,177,1358,728,790,0,0,0,0,0,0,0,0,0,0,0,0,0,0,0,0,0,0,0,0,0,0,0,0,0,0,0,0,0,0,0,0,0
258,1535,307,666,1329,1332,579,1117,1075,989,1108,755,1079,1527,1024,12,1503,1075,1605,53,641,598,724,0,0,0,0,0,0,0,0,0,0,0,0,0,0,0,0,0,0,0
1581,1243,1256,10,972,670,1515,1368,336,715,1272,922,384,1219,33,0,0,0,0,0,0,0,0,0,0,0,0,0,0,0,0,0,0,0,0,0,0,0,0,0,0,0
210,119,1533,1345,346,1019,820,1203,439,210,1493,660,937,249,0,0,0,0,0,0,0,0,0,0,0,0,0,0,0,0,0,0,0,0,0,0,0,0,0,0,0,0
1242,1085,754,172,804,1047,417,38,1209,1065,834,407,565,410,1395,373,1511,846,162,1271,1065,0,0,0,0,0,0,0,0,0,0,0,0,0,0,0,0,0,0,0,0,0
1629,689,667,1098,446,1262,304,866,1331,400,1299,1301,137,683,520,809,1423,1031,814,1224,0,0,0,0,0,0,0,0,0,0,0,0,0,0,0,0,0,0,0,0,0,0
395,88,658,654,13,1070,131,1144,198,858,848,1287,530,388,988,541,893,848,530,248,592,188,0,0,0,0,0,0,0,0,0,0,0,0,0,0,0,0,0,0,0,0
916,1488,509,573,610,55,133,702,125,61,1403,847,39,1373,1215,829,995,1089,1526,1158,702,0,0,0,0,0,0,0,0,0,0,0,0,0,0,0,0,0,0,0,0,0
203,1147,876,699,731,604,139,953,1061,142,63,468,66,997,857,0,0,0,0,0,0,0,0,0,0,0,0,0,0,0,0,0,0,0,0,0,0,0,0,0,0,0
1578,108,1420,63,708,292,308,1280,1087,223,1635,1472,1307,584,1037,1292,732,1132,1557,601,169,1251,0,0,0,0,0,0,0,0,0,0,0,0,0,0,0,0,0,0,0,0
134,605,761,761,1155,1015,546,1408,1407,1282,1343,553,1512,1347,1414,159,1011,1250,1261,955,1347,447,0,0,0,0,0,0,0,0,0,0,0,0,0,0,0,0,0,0,0,0
718,1002,713,405,627,164,1400,1620,637,606,1436,1192,821,0,0,0,0,0,0,0,0,0,0,0,0,0,0,0,0,0,0,0,0,0,0,0,0,0,0,0,0,0
1199,512,1403,508,1587,1006,1124,714,1521,591,1035,760,1609,1036,413,1202,590,567,0,0,0,0,0,0,0,0,0,0,0,0,0,0,0,0,0,0,0,0,0,0,0,0
316,1521,172,38,1144,776,605,559,1022,1282,429,732,876,6,82,188,852,591,1104,1327,888,955,0,0,0,0,0,0,0,0,0,0,0,0,0,0,0,0,0,0,0,0
61,593,1527,569,442,145,988,1246,659,265,1345,353,230,766,1227,999,119,1611,639,1242,769,622,659,0,0,0,0,0,0,0,0,0,0,0,0,0,0,0,0,0,0,0
88,689,1515,1071,1197,783,1355,570,1388,614,953,1319,792,683,159,1526,425,512,689,0,0,0,0,0,0,0,0,0,0,0,0,0,0,0,0,0,0,0,0,0,0,0
509,604,508,1385,707,1332,441,1592,1512,731,972,972,1438,878,1219,662,1522,883,1533,0,0,0,0,0,0,0,0,0,0,0,0,0,0,0,0,0,0,0,0,0,0,0
1486,1351,520,585,912,108,100,223,1555,495,308,800,446,437,696,1555,871,1307,1076,1605,0,0,0,0,0,0,0,0,0,0,0,0,0,0,0,0,0,0,0,0,0,0
900,658,1478,255,1080,1293,1488,389,1199,1520,1200,623,1536,392,567,642,1626,397,1280,900,1503,0,0,0,0,0,0,0,0,0,0,0,0,0,0,0,0,0,0,0,0,0
249,1158,814,719,53,641,1117,829,599,427,1411,133,33,494,821,749,610,691,1511,760,0,0,0,0,0,0,0,0,0,0,0,0,0,0,0,0,0,0,0,0,0,0
1258,1061,1468,63,1088,1456,175,368,637,1620,1343,258,386,1426,1631,1089,497,340,834,1299,976,0,0,0,0,0,0,0,0,0,0,0,0,0,0,0,0,0,0,0,0,0
5,384,858,738,1192,254,1173,84,83,1524,1422,575,1530,1245,833,485,235,1373,873,343,1149,1371,1065,0,0,0,0,0,0,0,0,0,0,0,0,0,0,0,0,0,0,0
982,1123,1123,785,778,372,849,866,573,794,901,1608,240,203,785,492,602,315,893,439,1496,697,0,0,0,0,0,0,0,0,0,0,0,0,0,0,0,0,0,0,0,0
874,168,327,1295,702,807,1606,307,328,1006,415,606,292,55,947,1312,1013,1009,336,0,0,0,0,0,0,0,0,0,0,0,0,0,0,0,0,0,0,0,0,0,0,0
109,1031,1635,771,1329,715,1260,467,216,795,226,1051,565,339,401,708,843,199,408,733,579,0,0,0,0,0,0,0,0,0,0,0,0,0,0,0,0,0,0,0,0,0
546,169,-1,1183,1079,373,346,248,922,75,1472,490,0,0,0,0,0,0,0,0,0,0,0,0,0,0,0,0,0,0,0,0,0,0,0,0,0,0,0,0,0,0
200,763,1011,143,1544,728,1358,295,706,68,1423,714,839,1044,675,869,24,1501,684,12,1587,1456,0,0,0,0,0,0,0,0,0,0,0,0,0,0,0,0,0,0,0,0
1369,865,283,790,35,476,745,1546,46,360,1035,1347,341,198,1152,183,29,162,1049,0,0,0,0,0,0,0,0,0,0,0,0,0,0,0,0,0,0,0,0,0,0,0
1356,501,1125,1461,86,578,1451,1060,1032,253,726,410,932,1416,1392,796,447,164,1382,627,0,0,0,0,0,0,0,0,0,0,0,0,0,0,0,0,0,0,0,0,0,0
1374,793,1328,1349,519,1098,620,179,940,601,1048,498,136,1251,1262,1374,1581,1349,1535,304,885,0,0,0,0,0,0,0,0,0,0,0,0,0,0,0,0,0,0,0,0,0
1357,125,1085,1075,194,1303,667,995,134,1333,1017,348,1184,127,10,1292,131,261,1505,848,0,0,0,0,0,0,0,0,0,0,0,0,0,0,0,0,0,0,0,0,0,0
267,94,761,1618,1593,713,935,1147,1628,746,1132,519,0,0,0,0,0,0,0,0,0,0,0,0,0,0,0,0,0,0,0,0,0,0,0,0,0,0,0,0,0,0
1124,91,618,870,1572,592,974,752,1622,1261,1621,989,1172,584,699,278,1047,1016,1143,1395,592,543,39,1415,0,0,0,0,0,0,0,0,0,0,0,0,0,0,0,0,0,0
400,723,1609,660,1403,64,1301,670,624,977,994,1066,827,1493,417,1170,1098,1027,1284,1633,0,0,0,0,0,0,0,0,0,0,0,0,0,0,0,0,0,0,0,0,0,0
211,847,754,1408,383,996,666,395,1092,1557,1636,734,724,1108,1384,67,371,1562,0,0,0,0,0,0,0,0,0,0,0,0,0,0,0,0,0,0,0,0,0,0,0,0
299,963,635,857,1112,1202,804,635,13,1070,0,0,0,0,0,0,0,0,0,0,0,0,0,0,0,0,0,0,0,0,0,0,0,0,0,0,0,0,0,0,0,0
980,1532,872,1275,187,177,1087,1326,737,407,405,1303,1119,280,919,959,1578,1294,755,682,0,0,0,0,0,0,0,0,0,0,0,0,0,0,0,0,0,0,0,0,0,0
932,1448,1349,508,1092,1416,1066,1546,1250,125,86,1287,599,1031,313,373,1609,1358,794,724,1287,0,0,0,0,0,0,0,0,0,0,0,0,0,0,0,0,0,0,0,0,0
1184,441,-1,75,1111,1611,1301,179,203,1124,940,604,731,1388,1611,919,793,223,996,1368,1113,1262,446,1524,0,0,0,0,0,0,0,0,0,0,0,0,0,0,0,0,0,0
1629,1373,852,1345,804,492,1009,812,1555,576,620,1426,738,383,1075,1317,1633,187,1152,1158,492,325,-1,0,0,0,0,0,0,0,0,0,0,0,0,0,0,0,0,0,0,0
1461,829,1117,1355,177,1194,848,1519,1140,1395,401,183,488,346,989,1197,1415,39,169,88,576,922,579,1395,605,401,0,0,0,0,0,0,0,0,0,0,0,0,0,0,0,0
199,199,496,1215,1343,316,447,696,308,108,912,467,1530,216,1079,976,113,1520,1488,1478,307,955,0,0,0,0,0,0,0,0,0,0,0,0,0,0,0,0,0,0,0,0
1515,46,413,198,1209,659,172,1636,139,495,988,1427,368,689,708,1608,1087,754,0,0,0,0,0,0,0,0,0,0,0,0,0,0,0,0,0,0,0,0,0,0,0,0
519,1521,623,1024,974,567,1061,278,1411,1382,1626,623,1440,559,327,1592,168,1411,1108,261,764,200,0,0,0,0,0,0,0,0,0,0,0,0,0,0,0,0,0,0,0,0
570,339,1374,1076,100,1330,1047,1144,175,1508,91,553,871,610,133,143,1095,61,1347,662,0,0,0,0,0,0,0,0,0,0,0,0,0,0,0,0,0,0,0,0,0,0
1374,1085,1385,164,127,1155,1258,584,435,821,1622,1505,395,763,606,283,820,1192,1147,995,732,0,0,0,0,0,0,0,0,0,0,0,0,0,0,0,0,0,0,0,0,0
1037,1200,1581,1580,1301,1312,1503,702,593,795,384,840,769,53,1011,749,541,593,1628,67,660,1544,1159,0,0,0,0,0,0,0,0,0,0,0,0,0,0,0,0,0,0,0
235,1199,1261,1333,1332,1468,1006,211,1284,783,1093,1002,341,358,442,439,1119,280,666,916,639,1572,1425,989,200,1197,989,1245,0,0,0,0,0,0,0,0,0,0,0,0,0,0
1557,873,1403,162,1303,1017,1022,1493,699,499,633,1271,84,343,645,726,145,980,895,778,1407,1408,1493,0,0,0,0,0,0,0,0,0,0,0,0,0,0,0,0,0,0,0
33,960,1414,82,879,737,1562,1272,1086,340,1183,1243,1423,573,960,400,900,861,33,1635,1578,12,953,1562,0,0,0,0,0,0,0,0,0,0,0,0,0,0,0,0,0,0
1605,405,876,670,1176,734,782,752,792,713,982,683,1319,1527,872,785,1357,1295,0,0,0,0,0,0,0,0,0,0,0,0,0,0,0,0,0,0,0,0,0,0,0,0
136,963,1035,1016,1229,520,1512,410,1405,63,885,104,1132,55,947,1369,994,627,136,10,0,0,0,0,0,0,0,0,0,0,0,0,0,0,0,0,0,0,0,0,0,0
706,119,1080,415,565,857,997,888,1125,1149,240,658,255,323,501,483,397,1232,353,776,598,0,0,0,0,0,0,0,0,0,0,0,0,0,0,0,0,0,0,0,0,0
869,390,814,935,1456,682,1260,1242,1227,580,315,692,1438,1224,1260,1242,66,1460,809,38,760,0,0,0,0,0,0,0,0,0,0,0,0,0,0,0,0,0,0,0,0,0
1486,210,667,407,1351,1327,1332,267,94,893,839,226,1293,338,194,1532,733,987,866,29,1098,0,0,0,0,0,0,0,0,0,0,0,0,0,0,0,0,0,0,0,0,0
184,159,618,977,624,635,746,1173,1013,299,1535,1246,1526,592,166,1328,137,1420,1000,846,959,1370,1000,807,870,1420,0,0,0,0,0,0,0,0,0,0,0,0,0,0,0,0
1593,755,1501,575,1070,1202,371,142,661,1341,761,1315,798,1112,109,131,661,64,745,248,719,0,0,0,0,0,0,0,0,0,0,0,0,0,0,0,0,0,0,0,0,0
403,578,883,1021,1275,1015,714,485,1089,497,1065,388,728,348,1294,417,0,0,0,0,0,0,0,0,0,0,0,0,0,0,0,0,0,0,0,0,0,0,0,0,0,0
1496,1219,1536,392,569,304,1451,590,628,834,843,360,585,1060,1436,1036,1096,0,0,0,0,0,0,0,0,0,0,0,0,0,0,0,0,0,0,0,0,0,0,0,0,0
1282,336,1032,253,1088,509,637,1019,1545,386,972,1472,35,425,1511,1256,0,0,0,0,0,0,0,0,0,0,0,0,0,0,0,0,0,0,0,0,0,0,0,0,0,0
1400,874,1522,1048,600,691,622,1307,6,929,1625,1384,1618,766,684,827,466,1148,0,0,0,0,0,0,0,0,0,0,0,0,0,0,0,0,0,0,0,0,0,0,0,0
400,429,323,405,235,793,1535,847,327,1587,1460,304,1224,988,1587,295,1262,994,488,164,988,0,0,0,0,0,0,0,0,0,0,0,0,0,0,0,0,0,0,0,0,0
240,989,325,866,168,1578,466,33,654,1085,1173,1358,162,308,627,157,866,415,726,988,383,708,895,726,0,0,0,0,0,0,0,0,0,0,0,0,0,0,0,0,0,0
1562,1089,1625,1079,947,1609,783,980,1303,691,1124,996,1019,61,1219,699,1546,0,0,0,0,0,0,0,0,0,0,0,0,0,0,0,0,0,0,0,0,0,0,0,0,0
1555,752,216,883,1414,390,804,987,1581,1580,796,494,1555,520,809,38,1144,833,1536,0,0,0,0,0,0,0,0,0,0,0,0,0,0,0,0,0,0,0,0,0,0,0
1622,733,1250,919,960,1093,1011,628,591,1519,328,1330,879,29,188,1066,1036,870,401,46,0,0,0,0,0,0,0,0,0,0,0,0,0,0,0,0,0,0,0,0,0,0
371,584,972,546,977,1049,199,738,1246,1307,495,1319,501,1096,10,104,1132,336,1238,1229,1373,888,785,0,0,0,0,0,0,0,0,0,0,0,0,0,0,0,0,0,0,0
353,1202,497,137,592,1426,53,578,39,559,792,495,666,509,1215,0,0,0,0,0,0,0,0,0,0,0,0,0,0,0,0,0,0,0,0,0,0,0,0,0,0,0
84,143,1317,340,827,203,778,714,569,1015,13,622,1331,292,800,1209,870,139,496,1060,159,0,0,0,0,0,0,0,0,0,0,0,0,0,0,0,0,0,0,0,0,0
145,937,1071,1319,715,315,1608,1282,211,570,1633,901,1628,1184,1356,1328,492,848,916,1468,1088,658,1545,253,0,0,0,0,0,0,0,0,0,0,0,0,0,0,0,0,0,0
339,446,645,719,1369,1520,675,1098,519,1385,553,439,1080,1293,953,776,932,0,0,0,0,0,0,0,0,0,0,0,0,0,0,0,0,0,0,0,0,0,0,0,0,0
1123,91,410,1407,1256,959,1557,754,1436,1139,1022,1140,134,1125,1461,1635,248,1405,1593,498,1461,0,0,0,0,0,0,0,0,0,0,0,0,0,0,0,0,0,0,0,0,0
874,109,908,1384,119,131,1009,1280,723,1087,1326,1427,179,83,476,198,0,0,0,0,0,0,0,0,0,0,0,0,0,0,0,0,0,0,0,0,0,0,0,0,0,0
605,1327,397,849,871,659,75,267,794,1620,1013,338,68,567,1122,307,1199,0,0,0,0,0,0,0,0,0,0,0,0,0,0,0,0,0,0,0,0,0,0,0,0,0
1002,1355,407,1301,1312,1416,1275,893,1400,1544,1347,1345,1095,1245,1371,861,1117,0,0,0,0,0,0,0,0,0,0,0,0,0,0,0,0,0,0,0,0,0,0,0,0,0
499,1423,348,86,1351,417,1533,974,963,1374,1621,955,1488,1532,1508,1515,1512,922,360,0,0,0,0,0,0,0,0,0,0,0,0,0,0,0,0,0,0,0,0,0,0,0
12,187,1451,508,1027,667,24,683,1626,1009,1303,1112,598,801,641,1192,1501,766,0,0,0,0,0,0,0,0,0,0,0,0,0,0,0,0,0,0,0,0,0,0,0,0
602,512,512,1261,1070,702,395,999,1292,1203,662,1051,940,840,1382,0,0,0,0,0,0,0,0,0,0,0,0,0,0,0,0,0,0,0,0,0,0,0,0,0,0,0
1035,1357,809,814,1158,614,713,696,5,6,620,127,790,175,1024,1243,1496,0,0,0,0,0,0,0,0,0,0,0,0,0,0,0,0,0,0,0,0,0,0,0,0,0
795,839,843,1522,821,982,1260,1108,1618,64,166,763,485,1170,261,395,1194,0,0,0,0,0,0,0,0,0,0,0,0,0,0,0,0,0,0,0,0,0,0,0,0,0
637,172,1341,872,384,798,413,1605,1422,635,1511,976,1065,1075,1076,0,0,0,0,0,0,0,0,0,0,0,0,0,0,0,0,0,0,0,0,0,0,0,0,0,0,0
1440,346,1143,1395,1048,724,408,194,912,108,541,484,1221,761,1149,561,1572,1349,1530,755,1149,1006,0,0,0,0,0,0,0,0,0,0,0,0,0,0,0,0,0,0,0,0
184,618,177,142,642,265,1374,1333,1329,1086,1159,136,373,1521,575,997,435,530,0,0,0,0,0,0,0,0,0,0,0,0,0,0,0,0,0,0,0,0,0,0,0,0
692,593,846,728,995,386,1527,1061,565,1111,760,1332,661,1232,133,1272,633,316,737,299,1044,483,580,858,0,0,0,0,0,0,0,0,0,0,0,0,0,0,0,0,0,0
1017,313,732,255,857,442,392,378,1420,878,388,573,358,1478,689,200,1197,769,543,639,0,0,0,0,0,0,0,0,0,0,0,0,0,0,0,0,0,0,0,0,0,0
857,635,591,1066,1503,1293,495,861,764,873,769,1019,447,575,733,1461,1149,796,580,570,1368,573,997,1341,0,0,0,0,0,0,0,0,0,0,0,0,0,0,0,0,0,0
1071,1526,637,940,1125,1002,1592,1200,1384,1197,1357,1209,947,55,38,373,661,315,1580,498,278,0,0,0,0,0,0,0,0,0,0,0,0,0,0,0,0,0,0,0,0,0
1385,400,999,346,6,410,1060,168,88,848,389,1087,843,127,1184,996,1557,1092,960,0,0,0,0,0,0,0,0,0,0,0,0,0,0,0,0,0,0,0,0,0,0,0
1048,955,1395,916,1250,1006,795,982,435,1562,692,1065,304,1006,641,166,1037,267,1508,670,692,1562,602,0,0,0,0,0,0,0,0,0,0,0,0,0,0,0,0,0,0,0
1275,508,1194,1427,1011,849,33,490,1021,715,1478,255,1301,1317,199,295,820,1016,0,0,0,0,0,0,0,0,0,0,0,0,0,0,0,0,0,0,0,0,0,0,0,0
1330,328,812,827,699,840,793,1111,963,307,620,660,1303,908,567,1626,874,131,203,691,731,604,0,0,0,0,0,0,0,0,0,0,0,0,0,0,0,0,0,0,0,0
761,627,785,763,1294,405,339,179,439,1229,872,1621,1408,1488,466,782,675,1532,0,0,0,0,0,0,0,0,0,0,0,0,0,0,0,0,0,0,0,0,0,0,0,0
1486,708,226,1093,249,1152,1392,1511,1608,162,846,371,84,494,1370,666,109,164,696,353,1395,1143,1242,1009,0,0,0,0,0,0,0,0,0,0,0,0,0,0,0,0,0,0
1519,1438,801,1546,476,1423,211,-1,1013,1119,1374,1349,1448,1148,1079,200,1422,1415,145,1328,667,858,0,0,0,0,0,0,0,0,0,0,0,0,0,0,0,0,0,0,0,0
561,1117,407,360,1515,585,1080,1312,706,1524,91,1356,1243,1024,24,417,766,343,1319,1080,0,0,0,0,0,0,0,0,0,0,0,0,0,0,0,0,0,0,0,0,0,0
1219,737,64,1620,171,569,912,726,833,1108,1238,67,976,1158,265,1625,94,821,839,0,0,0,0,0,0,0,0,0,0,0,0,0,0,0,0,0,0,0,0,0,0,0
1144,1140,258,749,1284,1262,1420,378,1355,592,895,618,1057,39,308,258,0,0,0,0,0,0,0,0,0,0,0,0,0,0,0,0,0,0,0,0,0,0,0,0,0,0
1565,108,1280,61,1347,1147,1520,610,1022,1436,1535,1388,1343,599,974,888,235,783,1124,415,0,0,0,0,0,0,0,0,0,0,0,0,0,0,0,0,0,0,0,0,0,0
641,53,1622,46,994,403,261,1282,442,1251,755,1017,10,1496,104,639,341,713,372,184,869,403,994,0,0,0,0,0,0,0,0,0,0,0,0,0,0,0,0,0,0,0
728,13,1618,1351,188,684,253,1221,606,738,1215,1555,254,1173,584,1620,1521,553,0,0,0,0,0,0,0,0,0,0,0,0,0,0,0,0,0,0,0,0,0,0,0,0
752,1636,1587,1098,5,1468,1403,697,485,598,724,1123,1295,622,682,1331,980,654,1227,1373,745,598,0,0,0,0,0,0,0,0,0,0,0,0,0,0,0,0,0,0,0,0
1536,392,1609,972,723,1440,340,1332,1224,935,885,1544,1530,431,792,1307,633,388,389,0,0,0,0,0,0,0,0,0,0,0,0,0,0,0,0,0,0,0,0,0,0,0
807,1095,386,1426,169,800,446,175,492,1176,384,484,248,1593,1199,1533,119,492,1501,230,1606,187,0,0,0,0,0,0,0,0,0,0,0,0,0,0,0,0,0,0,0,0
299,794,901,977,12,1070,441,1628,1051,1611,427,292,959,760,997,159,1096,1170,1049,599,1256,1202,1139,0,0,0,0,0,0,0,0,0,0,0,0,0,0,0,0,0,0,0
520,497,989,809,702,125,425,814,1089,157,1493,0,0,0,0,0,0,0,0,0,0,0,0,0,0,0,0,0,0,0,0,0,0,0,0,0,0,0,0,0,0,0
177,338,576,1405,172,1088,714,541,601,871,893,922,623,1155,1407,1272,1271,1292,1031,778,325,0,0,0,0,0,0,0,0,0,0,0,0,0,0,0,0,0,0,0,0,0
614,1572,143,133,543,1358,194,1369,719,134,590,683,499,488,216,395,804,659,707,0,0,0,0,0,0,0,0,0,0,0,0,0,0,0,0,0,0,0,0,0,0,0
662,1112,512,995,35,1260,658,29,1232,1505,82,605,0,0,0,0,0,0,0,0,0,0,0,0,0,0,0,0,0,0,0,0,0,0,0,0,0,0,0,0,0,0
390,1086,1327,546,136,883,1581,771,1411,210,113,900,1192,1578,1512,1456,1527,1035,496,932,1299,1370,1113,0,0,0,0,0,0,0,0,0,0,0,0,0,0,0,0,0,0,0
1271,661,820,328,683,590,893,782,1194,1140,861,1460,1631,159,997,1036,858,1629,447,389,46,1088,0,0,0,0,0,0,0,0,0,0,0,0,0,0,0,0,0,0,0,0
873,216,343,570,1536,283,441,1076,849,883,734,1282,1448,336,737,64,628,1076,200,413,0,0,0,0,0,0,0,0,0,0,0,0,0,0,0,0,0,0,0,0,0,0
1112,1501,1275,401,870,1524,723,1581,13,292,675,1407,553,839,1312,1301,1411,576,488,390,292,1392,0,0,0,0,0,0,0,0,0,0,0,0,0,0,0,0,0,0,0,0
790,255,874,1295,798,1027,1332,1373,578,39,708,833,697,348,988,876,86,1303,1035,0,0,0,0,0,0,0,0,0,0,0,0,0,0,0,0,0,0,0,0,0,0,0
198,1152,940,1246,495,1293,987,715,1171,1079,-1,682,1408,1407,1557,1092,702,166,641,53,1011,1622,127,987,0,0,0,0,0,0,0,0,0,0,0,0,0,0,0,0,0,0
1148,1349,84,360,1287,792,1521,623,1343,360,485,579,1031,1505,955,431,494,1061,136,0,0,0,0,0,0,0,0,0,0,0,0,0,0,0,0,0,0,0,0,0,0,0
667,223,1405,639,1125,278,1328,353,1545,1522,67,1520,353,1119,307,1143,561,512,1176,508,55,1132,501,1075,0,0,0,0,0,0,0,0,0,0,0,0,0,0,0,0,0,0
211,439,1215,172,916,125,1098,308,230,1032,304,599,728,699,848,726,761,766,627,1261,187,0,0,0,0,0,0,0,0,0,0,0,0,0,0,0,0,0,0,0,0,0
749,847,610,1149,1260,995,1232,1047,1224,1496,776,1620,901,258,1493,719,852,1085,1155,1203,1468,0,0,0,0,0,0,0,0,0,0,0,0,0,0,0,0,0,0,0,0,0
1527,1608,1086,386,341,771,1183,1060,1284,68,1369,1192,1000,989,1172,407,604,778,265,666,1488,157,0,0,0,0,0,0,0,0,0,0,0,0,0,0,0,0,0,0,0,0
378,733,706,724,108,1605,1508,1532,494,869,795,982,1070,755,1221,184,0,0,0,0,0,0,0,0,0,0,0,0,0,0,0,0,0,0,0,0,0,0,0,0,0,0
299,1351,834,1209,171,1546,1184,1371,168,235,593,1416,796,1009,494,1111,83,483,340,1371,0,0,0,0,0,0,0,0,0,0,0,0,0,0,0,0,0,0,0,0,0,0
82,1374,248,188,1358,642,1422,1319,1440,10,1420,745,137,785,38,1478,177,0,0,0,0,0,0,0,0,0,0,0,0,0,0,0,0,0,0,0,0,0,0,0,0,0
696,691,12,1159,1355,1089,1635,1333,530,1519,425,1280,585,427,1611,142,637,801,919,1606,0,0,0,0,0,0,0,0,0,0,0,0,0,0,0,0,0,0,0,0,0,0
972,840,1307,546,497,764,692,1147,598,1123,280,1006,415,1071,35,1158,249,602,963,1626,0,0,0,0,0,0,0,0,0,0,0,0,0,0,0,0,0,0,0,0,0,0
821,1219,1512,620,1555,498,1096,814,210,134,66,194,240,783,1144,959,760,1238,935,769,0,0,0,0,0,0,0,0,0,0,0,0,0,0,0,0,0,0,0,0,0,0
61,1095,1330,662,1044,1593,1347,1002,1535,519,400,932,1400,752,410,490,999,857,953,1093,1544,1051,0,0,0,0,0,0,0,0,0,0,0,0,0,0,0,0,0,0,0,0
569,793,573,1173,179,442,1242,397,1511,1022,732,1436,1315,494,175,199,1403,1403,731,1251,1080,446,0,0,0,0,0,0,0,0,0,0,0,0,0,0,0,0,0,0,0,0
567,24,908,466,484,162,371,75,996,980,33,763,654,164,133,384,1472,929,713,1117,0,0,0,0,0,0,0,0,0,0,0,0,0,0,0,0,0,0,0,0,0,0
372,1515,94,1250,1533,119,1013,1013,670,812,467,1016,1229,1200,708,323,392,1415,1618,0,0,0,0,0,0,0,0,0,0,0,0,0,0,0,0,0,0,0,0,0,0,0
1197,327,425,437,659,143,827,1562,131,261,994,1609,1017,1388,660,0,0,0,0,0,0,0,0,0,0,0,0,0,0,0,0,0,0,0,0,0,0,0,0,0,0,0
395,203,879,29,1456,1578,559,605,1565,1423,5,885,63,565,997,888,1113,635,1370,591,618,895,1460,1108,559,0,0,0,0,0,0,0,0,0,0,0,0,0,0,0,0,0
1530,492,1170,1015,1503,1592,429,1124,1299,358,499,922,746,1015,1628,113,0,0,0,0,0,0,0,0,0,0,0,0,0,0,0,0,0,0,0,0,0,0,0,0,0,0
1451,718,339,600,476,738,1395,645,809,520,829,1021,496,600,1486,198,267,541,684,0,0,0,0,0,0,0,0,0,0,0,0,0,0,0,0,0,0,0,0,0,0,0
584,53,497,916,61,1200,707,659,1215,932,299,726,1349,134,1423,785,61,368,1183,1521,1232,0,0,0,0,0,0,0,0,0,0,0,0,0,0,0,0,0,0,0,0,0
955,745,388,708,670,1508,360,162,1017,1460,1144,1280,885,315,869,675,1032,253,1456,1415,0,0,0,0,0,0,0,0,0,0,0,0,0,0,0,0,0,0,0,0,0,0
1369,1194,1002,235,1544,292,341,425,1628,782,400,108,1147,248,35,908,1085,0,0,0,0,0,0,0,0,0,0,0,0,0,0,0,0,0,0,0,0,0,0,0,0,0
1209,295,1251,1633,697,1243,104,1096,336,546,591,702,371,1618,633,407,168,610,1345,1202,1261,0,0,0,0,0,0,0,0,0,0,0,0,0,0,0,0,0,0,0,0,0
307,1478,764,339,1000,1420,413,348,63,308,492,125,1411,1011,937,188,198,635,1079,912,0,0,0,0,0,0,0,0,0,0,0,0,0,0,0,0,0,0,0,0,0,0
12,187,1572,249,980,618,82,408,1343,137,706,415,1405,1622,278,1303,46,843,1408,1486,874,415,1572,496,682,0,0,0,0,0,0,0,0,0,0,0,0,0,0,0,0,0
316,852,10,1620,530,947,1532,760,1301,719,1328,724,1605,1545,439,1403,847,1224,0,0,0,0,0,0,0,0,0,0,0,0,0,0,0,0,0,0,0,0,0,0,0,0
397,1416,1392,29,211,1284,520,1044,827,1331,1108,119,501,1368,900,1373,713,1593,194,1075,0,0,0,0,0,0,0,0,0,0,0,0,0,0,0,0,0,0,0,0,0,0
593,796,570,172,1468,1611,1555,848,723,1608,763,1287,1307,598,109,833,1260,1511,1229,1047,498,265,723,1511,0,0,0,0,0,0,0,0,0,0,0,0,0,0,0,0,0,0
1625,691,627,573,1347,1258,267,417,499,1076,929,467,157,86,960,1351,1172,1315,599,0,0,0,0,0,0,0,0,0,0,0,0,0,0,0,0,0,0,0,0,0,0,0
133,94,1326,1019,699,75,692,1332,84,-1,1184,996,203,210,814,1292,143,605,738,0,0,0,0,0,0,0,0,0,0,0,0,0,0,0,0,0,0,0,0,0,0,0
752,1293,1093,580,410,658,1104,1536,131,628,403,1282,431,1530,1493,199,870,1066,947,1132,175,1093,0,0,0,0,0,0,0,0,0,0,0,0,0,0,0,0,0,0,0,0
1358,389,541,145,1609,728,384,541,1524,807,1581,1621,879,1299,575,328,820,792,1242,255,0,0,0,0,0,0,0,0,0,0,0,0,0,0,0,0,0,0,0,0,0,0
858,343,1006,1149,1080,179,604,559,38,24,590,1275,390,895,519,1448,0,0,0,0,0,0,0,0,0,0,0,0,0,0,0,0,0,0,0,0,0,0,0,0,0,0
1170,1333,567,683,834,466,977,800,226,987,1330,1092,873,592,1238,883,734,1333,0,0,0,0,0,0,0,0,0,0,0,0,0,0,0,0,0,0,0,0,0,0,0,0
579,919,1009,395,878,600,1113,1071,602,963,1087,737,1088,1294,38,520,1578,1592,1016,829,0,0,0,0,0,0,0,0,0,0,0,0,0,0,0,0,0,0,0,0,0,0
637,159,1382,731,624,1158,849,325,940,696,1319,1246,733,1527,1562,1197,1111,1061,88,1546,0,0,0,0,0,0,0,0,0,0,0,0,0,0,0,0,0,0,0,0,0,0
1438,1221,666,578,642,1626,68,754,1021,113,994,661,821,240,405,1098,386,1021,662,1635,1636,790,0,0,0,0,0,0,0,0,0,0,0,0,0,0,0,0,0,0,0,0
861,1112,476,378,1503,13,561,483,490,1472,1388,1022,358,1013,392,861,0,0,0,0,0,0,0,0,0,0,0,0,0,0,0,0,0,0,0,0,0,0,0,0,0,0
64,1117,893,614,989,200,684,91,953,1152,1606,1271,922,1250,684,0,0,0,0,0,0,0,0,0,0,0,0,0,0,0,0,0,0,0,0,0,0,0,0,0,0,0
5,495,988,645,1496,776,1533,1519,1451,1505,1015,1065,508,83,1400,1139,429,732,667,0,0,0,0,0,0,0,0,0,0,0,0,0,0,0,0,0,0,0,0,0,0,0
346,33,1436,771,1125,1461,1124,1440,795,982,55,1436,0,0,0,0,0,0,0,0,0,0,0,0,0,0,0,0,0,0,0,0,0,0,0,0,0,0,0,0,0,0
437,871,995,304,136,446,230,1501,901,794,660,280,1262,1203,623,0,0,0,0,0,0,0,0,0,0,0,0,0,0,0,0,0,0,0,0,0,0,0,0,0,0,0
801,353,512,1171,1357,372,778,839,1535,543,728,1295,866,974,169,1329,1629,621,1557,0,0,0,0,0,0,0,0,0,0,0,0,0,0,0,0,0,0,0,0,0,0,0
353,1572,1636,1085,834,1333,858,162,635,821,1280,131,1282,1349,601,1592,960,1392,1148,0,0,0,0,0,0,0,0,0,0,0,0,0,0,0,0,0,0,0,0,0,0,0
108,1635,1416,1295,499,922,1080,792,1319,1526,605,336,338,1272,1580,782,53,1111,1256,829,1472,820,0,0,0,0,0,0,0,0,0,0,0,0,0,0,0,0,0,0,0,0
496,283,839,1408,372,598,1294,24,1095,1357,210,1158,814,315,1622,1051,1370,360,1388,0,0,0,0,0,0,0,0,0,0,0,0,0,0,0,0,0,0,0,0,0,0,0
492,497,466,1486,714,1522,164,1209,216,1172,713,879,999,901,171,295,614,66,559,1317,492,0,0,0,0,0,0,0,0,0,0,0,0,0,0,0,0,0,0,0,0,0
405,708,684,874,1440,988,175,1132,292,620,1448,980,895,299,1159,642,610,1123,0,0,0,0,0,0,0,0,0,0,0,0,0,0,0,0,0,0,0,0,0,0,0,0
187,1250,675,763,1508,86,641,553,194,1192,1343,1626,872,1112,223,947,996,793,425,1022,0,0,0,0,0,0,0,0,0,0,0,0,0,0,0,0,0,0,0,0,0,0
623,929,33,280,142,1414,442,467,974,1065,1048,1262,662,726,211,1631,1258,982,1076,0,0,0,0,0,0,0,0,0,0,0,0,0,0,0,0,0,0,0,0,0,0,0
1515,494,600,1031,591,1330,846,997,1011,1511,12,371,1618,378,1351,1374,313,0,0,0,0,0,0,0,0,0,0,0,0,0,0,0,0,0,0,0,0,0,0,0,0,0
569,798,1044,1347,1147,976,1605,592,83,38,645,1009,61,1224,1488,0,0,0,0,0,0,0,0,0,0,0,0,0,0,0,0,0,0,0,0,0,0,0,0,0,0,0
1176,1049,658,1562,919,255,1606,585,561,1536,392,1420,1037,1215,1403,1183,771,935,843,46,633,1326,1176,578,137,0,0,0,0,0,0,0,0,0,0,0,0,0,0,0,0,0
389,157,109,308,755,654,995,315,1260,488,188,1224,1221,794,769,384,593,169,373,145,1303,702,125,0,0,0,0,0,0,0,0,0,0,0,0,0,0,0,0,0,0,0
955,1544,857,1113,1633,278,1197,1415,441,737,1087,1331,1407,1203,91,809,1593,1061,1578,691,0,0,0,0,0,0,0,0,0,0,0,0,0,0,0,0,0,0,0,0,0,0
661,35,1108,1456,1629,437,745,1557,873,55,6,697,63,876,733,706,1088,659,368,707,75,1000,1275,0,0,0,0,0,0,0,0,0,0,0,0,0,0,0,0,0,0,0
1035,94,100,447,776,637,1312,1144,413,159,249,732,0,0,0,0,0,0,0,0,0,0,0,0,0,0,0,0,0,0,0,0,0,0,0,0,0,0,0,0,0,0
692,738,639,723,683,567,230,1581,766,627,776,833,1251,1016,599,1468,1341,1436,567,1611,431,0,0,0,0,0,0,0,0,0,0,0,0,0,0,0,0,0,0,0,0,0
869,39,427,1292,840,565,410,427,64,731,1493,1293,1194,618,1503,888,392,1246,696,1202,133,143,0,0,0,0,0,0,0,0,0,0,0,0,0,0,0,0,0,0,0,0
358,119,628,495,1524,168,1271,783,959,1332,1328,63,885,940,343,1173,1242,67,29,134,761,0,0,0,0,0,0,0,0,0,0,0,0,0,0,0,0,0,0,0,0,0
724,68,508,1098,667,383,327,1019,575,1533,184,1355,325,429,755,754,0,0,0,0,0,0,0,0,0,0,0,0,0,0,0,0,0,0,0,0,0,0,0,0,0,0
861,1036,1032,977,1532,1427,912,1149,1608,728,746,570,104,749,388,602,1117,746,1315,1155,0,0,0,0,0,0,0,0,0,0,0,0,0,0,0,0,0,0,0,0,0,0
1119,1426,307,1545,1096,1505,386,1368,348,689,82,435,198,849,1086,1385,760,248,1170,265,972,0,0,0,0,0,0,0,0,0,0,0,0,0,0,0,0,0,0,0,0,0
484,512,1015,179,1587,172,10,801,199,316,1089,1013,1125,407,1327,84,1287,866,1527,624,1079,1021,0,0,0,0,0,0,0,0,0,0,0,0,0,0,0,0,0,0,0,0
1496,485,543,1461,953,1307,1460,660,752,446,622,1143,254,1512,1070,166,1609,1358,1329,1229,88,937,953,1307,752,0,0,0,0,0,0,0,0,0,0,0,0,0,0,0,0,0
666,1006,328,1284,1027,439,1519,203,989,200,415,1024,1243,1075,1024,1400,0,0,0,0,0,0,0,0,0,0,0,0,0,0,0,0,0,0,0,0,0,0,0,0,0,0
340,576,395,1057,1140,240,715,1628,346,1520,883,699,339,1395,590,1620,719,1369,1057,0,0,0,0,0,0,0,0,0,0,0,0,0,0,0,0,0,0,0,0,0,0,0
1488,847,684,601,10,1057,1035,1093,401,1521,584,1519,795,211,1184,573,5,1508,1113,466,216,0,0,0,0,0,0,0,0,0,0,0,0,0,0,0,0,0,0,0,0,0
916,1468,569,565,707,1215,1155,778,733,386,999,86,661,1287,1293,1086,937,1326,1262,1461,265,570,386,0,0,0,0,0,0,0,0,0,0,0,0,0,0,0,0,0,0,0
353,1202,488,1526,133,143,1071,947,592,1065,883,171,203,561,602,1427,0,0,0,0,0,0,0,0,0,0,0,0,0,0,0,0,0,0,0,0,0,0,0,0,0,0
869,1440,543,308,908,200,1415,223,1411,1047,1451,699,1299,848,873,1557,1147,1629,119,1388,691,1009,833,776,0,0,0,0,0,0,0,0,0,0,0,0,0,0,0,0,0,0
955,397,315,1260,879,1636,1246,13,635,1044,75,812,1294,38,1633,857,1395,1250,210,604,0,0,0,0,0,0,0,0,0,0,0,0,0,0,0,0,0,0,0,0,0,0
963,1535,1358,932,579,872,1478,1555,1426,585,1301,417,809,997,980,1243,1079,447,1358,1013,1414,0,0,0,0,0,0,0,0,0,0,0,0,0,0,0,0,0,0,0,0,0
188,1512,840,1400,1284,654,1282,541,1144,100,852,1312,179,734,578,1520,0,0,0,0,0,0,0,0,0,0,0,0,0,0,0,0,0,0,0,0,0,0,0,0,0,0
1503,800,1327,261,620,1021,1232,1224,338,567,1251,576,299,1503,800,139,427,33,278,0,0,0,0,0,0,0,0,0,0,0,0,0,0,0,0,0,0,0,0,0,0,0
1123,84,39,134,1392,1416,559,1606,1070,392,670,996,512,692,255,1096,501,267,94,358,343,405,804,512,670,392,255,358,343,405,267,94,559,1606,39,501,1096,84,1070,804,1416,0
307,63,624,746,1015,1027,235,1194,1405,1527,137,166,871,476,994,113,68,142,0,0,0,0,0,0,0,0,0,0,0,0,0,0,0,0,0,0,0,0,0,0,0,0
834,1031,639,187,442,702,1076,328,508,689,328,796,340,184,1275,820,715,145,1031,292,520,590,38,1294,0,0,0,0,0,0,0,0,0,0,0,0,0,0,0,0,0,0
675,258,1536,1125,172,168,633,1075,371,1456,1536,728,1532,697,125,1037,1125,1139,754,1048,46,749,843,389,1183,0,0,0,0,0,0,0,0,0,0,0,0,0,0,0,0,0
763,683,483,484,719,1061,254,230,415,378,1085,1258,1357,849,1436,1036,55,1341,127,959,760,0,0,0,0,0,0,0,0,0,0,0,0,0,0,0,0,0,0,0,0,0
1245,642,29,628,1420,793,91,782,53,1545,183,437,1087,1259,1229,738,1119,1080,413,1522,731,0,0,0,0,0,0,0,0,0,0,0,0,0,0,0,0,0,0,0,0,0
1351,1620,499,441,1407,1149,1124,1006,1608,1317,995,1203,972,974,546,935,771,1331,1501,410,1256,0,0,0,0,0,0,0,0,0,0,0,0,0,0,0,0,0,0,0,0,0
982,821,157,641,1111,1176,407,64,435,395,1460,1371,662,912,280,346,1095,580,61,407,1271,1382,509,1592,64,435,395,509,1592,407,1382,1271,280,1095,346,61,641,157,821,982,1176,1111
1002,1272,723,976,660,1140,253,1609,606,1017,1438,987,593,724,1355,660,766,1307,0,0,0,0,0,0,0,0,0,0,0,0,0,0,0,0,0,0,0,0,0,0,0,0
622,988,960,495,1524,1581,1219,497,316,400,240,1580,764,304,1261,1199,761,1098,637,622,0,0,0,0,0,0,0,0,0,0,0,0,0,0,0,0,0,0,0,0,0,0
785,919,575,6,1104,618,1032,360,82,752,1319,1618,900,390,866,494,1530,1422,714,0,0,0,0,0,0,0,0,0,0,0,0,0,0,0,0,0,0,0,0,0,0,0
706,492,431,109,726,164,1369,104,372,35,226,1544,1303,659,1374,1505,175,1403,0,0,0,0,0,0,0,0,0,0,0,0,0,0,0,0,0,0,0,0,0,0,0,0
1066,893,614,798,870,162,876,1197,769,384,136,885,940,1000,1159,801,1347,67,682,1345,1515,83,0,0,0,0,0,0,0,0,0,0,0,0,0,0,0,0,0,0,0,0
953,368,1019,888,1280,1622,1238,600,1578,194,295,1158,1209,12,1407,1625,0,0,0,0,0,0,0,0,0,0,0,0,0,0,0,0,0,0,0,0,0,0,0,0,0,0
1112,66,1148,989,667,1027,327,1117,839,737,745,108,1486,198,827,159,708,1349,325,0,0,0,0,0,0,0,0,0,0,0,0,0,0,0,0,0,0,0,0,0,0,0
1593,713,283,858,1295,408,131,699,1332,1328,323,425,1587,0,0,0,0,0,0,0,0,0,0,0,0,0,0,0,0,0,0,0,0,0,0,0,0,0,0,0,0,0
752,1093,1119,1158,782,1119,1158,782,1093,605,157,689,561,360,1148,737,1224,1625,164,188,13,858,483,1333,1593,1176,1148,0,0,0,0,0,0,0,0,0,0,0,0,0,0,0
955,1505,240,184,392,1629,1272,1536,1294,1626,1368,618,171,972,373,1256,199,1405,1095,1545,198,1403,0,0,0,0,0,0,0,0,0,0,0,0,0,0,0,0,0,0,0,0
1622,1472,1293,893,900,814,104,1245,1140,796,929,937,1472,327,108,1184,137,919,29,307,947,833,0,0,0,0,0,0,0,0,0,0,0,0,0,0,0,0,0,0,0,0
1456,200,1000,874,559,283,499,166,1284,179,570,109,988,861,1427,916,666,0,0,0,0,0,0,0,0,0,0,0,0,0,0,0,0,0,0,0,0,0,0,0,0,0
827,1113,1011,1605,1051,325,839,211,476,637,745,635,131,764,1123,580,1009,0,0,0,0,0,0,0,0,0,0,0,0,0,0,0,0,0,0,0,0,0,0,0,0,0
408,800,255,338,1631,410,713,755,728,1609,1358,139,495,427,1621,1098,1027,390,358,346,994,726,718,0,0,0,0,0,0,0,0,0,0,0,0,0,0,0,0,0,0,0
1075,829,1287,6,1104,795,1202,873,1327,885,940,821,982,683,1635,1385,1592,183,584,0,0,0,0,0,0,0,0,0,0,0,0,0,0,0,0,0,0,0,0,0,0,0
794,642,1132,401,55,1032,667,159,1415,389,697,1370,143,1351,783,1392,1461,0,0,0,0,0,0,0,0,0,0,0,0,0,0,0,0,0,0,0,0,0,0,0,0,0
134,1535,691,267,94,84,606,162,1395,1143,292,1488,606,684,1172,935,490,1006,86,699,1006,415,405,575,1451,0,0,0,0,0,0,0,0,0,0,0,0,0,0,0,0,0
1139,1049,64,1511,1246,520,1260,857,1407,1581,1087,1326,75,441,1438,977,848,295,1002,888,267,1139,0,0,0,0,0,0,0,0,0,0,0,0,0,0,0,0,0,0,0,0
437,1524,395,766,1227,1503,766,431,304,230,1173,1022,798,776,203,530,348,1171,39,1086,353,1022,1343,0,0,0,0,0,0,0,0,0,0,0,0,0,0,0,0,0,0,0
413,1112,569,1440,922,1328,235,1331,1238,1328,1024,66,963,494,1060,733,1330,1508,425,1199,715,372,1147,0,0,0,0,0,0,0,0,0,0,0,0,0,0,0,0,0,0,0
541,388,1124,1048,33,1292,614,249,313,1436,1501,996,497,1017,278,0,0,0,0,0,0,0,0,0,0,0,0,0,0,0,0,0,0,0,0,0,0,0,0,0,0,0
790,316,593,1057,1468,1565,1159,1070,567,1192,598,1262,1232,771,1183,843,546,46,82,1315,0,0,0,0,0,0,0,0,0,0,0,0,0,0,0,0,0,0,0,0,0,0
1065,1015,1280,1251,488,763,1609,565,1426,1371,661,1229,1047,1149,1578,88,1557,1092,0,0,0,0,0,0,0,0,0,0,0,0,0,0,0,0,0,0,0,0,0,0,0,0
1319,974,620,10,708,323,1329,119,145,1522,1036,1341,498,576,1373,1307,1243,591,702,265,1031,601,0,0,0,0,0,0,0,0,0,0,0,0,0,0,0,0,0,0,0,0
1303,578,840,499,501,1403,912,1170,834,1608,341,1533,1408,1407,879,999,172,113,1520,1608,846,1519,1400,0,0,0,0,0,0,0,0,0,0,0,0,0,0,0,0,0,0,0
1422,168,1527,484,248,610,1013,1301,1312,1618,1486,801,553,987,585,0,0,0,0,0,0,0,0,0,0,0,0,0,0,0,0,0,0,0,0,0,0,0,0,0,0,0
852,604,339,675,1200,793,1219,820,403,336,1144,602,-1,1512,792,1096,997,187,869,1258,125,641,467,429,0,0,0,0,0,0,0,0,0,0,0,0,0,0,0,0,0,0
719,1369,1076,194,785,1544,901,706,1111,1611,696,439,719,1369,731,543,1411,849,895,0,0,0,0,0,0,0,0,0,0,0,0,0,0,0,0,0,0,0,0,0,0,0
442,769,1061,600,258,1493,253,1152,883,1080,573,682,724,508,639,509,0,0,0,0,0,0,0,0,0,0,0,0,0,0,0,0,0,0,0,0,0,0,0,0,0,0
400,734,343,1071,738,371,280,1416,1636,446,1242,340,662,804,83,368,980,1388,0,0,0,0,0,0,0,0,0,0,0,0,0,0,0,0,0,0,0,0,0,0,0,0
1088,1562,1261,100,407,1460,1356,384,142,67,177,1633,1209,1037,995,315,0,0,0,0,0,0,0,0,0,0,0,0,0,0,0,0,0,0,0,0,0,0,0,0,0,0
953,692,761,659,1079,136,1478,658,660,778,1317,223,628,1515,1546,1420,378,1117,1555,599,1049,0,0,0,0,0,0,0,0,0,0,0,0,0,0,0,0,0,0,0,0,0
682,199,280,413,1173,1581,216,1357,1271,104,1016,253,267,94,1415,200,1275,1015,1209,715,715,857,635,1173,718,662,0,0,0,0,0,0,0,0,0,0,0,0,0,0,0,0
769,734,1282,605,846,175,368,874,1079,726,959,1176,373,1079,994,261,1520,900,870,509,437,0,0,0,0,0,0,0,0,0,0,0,0,0,0,0,0,0,0,0,0,0
1076,692,1369,1143,1395,82,442,792,495,1170,737,1125,400,804,441,401,1024,622,159,1044,0,0,0,0,0,0,0,0,0,0,0,0,0,0,0,0,0,0,0,0,0,0
1532,395,675,569,745,1262,139,771,610,33,654,667,576,1392,1194,972,66,872,139,598,812,0,0,0,0,0,0,0,0,0,0,0,0,0,0,0,0,0,0,0,0,0
1414,1011,1280,541,46,392,1331,1139,490,754,1408,1280,1312,1049,798,661,1060,878,307,0,0,0,0,0,0,0,0,0,0,0,0,0,0,0,0,0,0,0,0,0,0,0
134,53,427,75,137,327,187,790,659,1326,1332,565,410,408,10,338,922,1117,829,997,1047,624,977,1505,0,0,0,0,0,0,0,0,0,0,0,0,0,0,0,0,0,0
590,24,417,999,1493,1512,713,999,953,1593,1108,1238,384,1250,336,1086,1243,403,1451,1287,1557,1087,1345,467,397,0,0,0,0,0,0,0,0,0,0,0,0,0,0,0,0,0
1002,895,869,39,1006,592,1148,995,1343,1580,1272,602,12,1317,861,223,1511,512,389,1416,0,0,0,0,0,0,0,0,0,0,0,0,0,0,0,0,0,0,0,0,0,0
127,1371,255,658,292,508,157,1292,1307,1555,1080,1636,496,425,820,315,937,508,955,0,0,0,0,0,0,0,0,0,0,0,0,0,0,0,0,0,0,0,0,0,0,0
707,388,109,466,254,83,84,697,776,1508,670,1139,109,691,299,843,0,0,0,0,0,0,0,0,0,0,0,0,0,0,0,0,0,0,0,0,0,0,0,0,0,0
591,1544,1303,1535,530,800,1293,1319,623,1224,1048,1436,580,483,13,1070,1229,91,55,1368,492,1085,1519,0,0,0,0,0,0,0,0,0,0,0,0,0,0,0,0,0,0,0
6,1104,849,919,1536,1448,1400,348,684,778,1388,604,1096,1158,168,1333,940,932,358,0,0,0,0,0,0,0,0,0,0,0,0,0,0,0,0,0,0,0,0,0,0,0
1123,1405,708,346,125,1019,1075,194,313,980,1113,113,977,782,328,1468,696,29,1572,1199,0,0,0,0,0,0,0,0,0,0,0,0,0,0,0,0,0,0,0,0,0,0
371,633,752,1149,415,763,5,133,143,1633,1301,1628,145,295,833,1415,752,1149,0,0,0,0,0,0,0,0,0,0,0,0,0,0,0,0,0,0,0,0,0,0,0,0
1605,1140,1215,1144,308,1526,1159,226,706,1009,1032,579,1626,38,1611,639,702,873,519,584,353,0,0,0,0,0,0,0,0,0,0,0,0,0,0,0,0,0,0,0,0,0
546,559,637,1620,807,1373,258,372,976,1403,847,235,131,88,67,1515,1294,809,1496,1330,1407,0,0,0,0,0,0,0,0,0,0,0,0,0,0,0,0,0,0,0,0,0
283,188,1119,989,1456,162,761,1609,136,724,1246,1460,1631,641,1092,1246,1631,1460,1356,1031,210,935,162,136,343,731,988,0,0,0,0,0,0,0,0,0,0,0,0,0,0,0
360,164,614,86,407,64,304,764,1545,1152,852,888,1143,494,1315,1384,858,113,1368,100,1251,0,0,0,0,0,0,0,0,0,0,0,0,0,0,0,0,0,0,0,0,0
1347,1147,325,620,901,794,248,142,1192,1347,1261,1065,783,0,0,0,0,0,0,0,0,0,0,0,0,0,0,0,0,0,0,0,0,0,0,0,0,0,0,0,0,0
963,974,1501,1411,821,435,323,1051,1098,714,1420,796,378,1035,728,520,567,1501,0,0,0,0,0,0,0,0,0,0,0,0,0,0,0,0,0,0,0,0,0,0,0,0
893,599,929,386,1111,179,645,1503,446,1524,912,766,1426,1486,1351,1221,198,1382,1171,785,134,795,0,0,0,0,0,0,0,0,0,0,0,0,0,0,0,0,0,0,0,0
177,184,1592,1461,1088,738,1438,1527,1258,1374,0,0,0,0,0,0,0,0,0,0,0,0,0,0,0,0,0,0,0,0,0,0,0,0,0,0,0,0,0,0,0,0
996,749,340,553,1622,1608,732,1022,341,1172,211,1625,497,1089,447,203,339,848,0,0,0,0,0,0,0,0,0,0,0,0,0,0,0,0,0,0,0,0,0,0,0,0
1284,575,1422,1478,1000,1629,879,35,316,585,801,1036,885,485,1546,1327,814,488,600,346,0,0,0,0,0,0,0,0,0,0,0,0,0,0,0,0,0,0,0,0,0,0
1345,792,737,299,696,995,1260,1486,1522,1158,1152,849,1411,1140,869,807,761,353,360,567,24,792,1011,0,0,0,0,0,0,0,0,0,0,0,0,0,0,0,0,0,0,0
1405,1328,1246,624,1111,1258,569,878,793,585,1199,1192,1609,1358,13,1403,1258,1111,315,408,1006,1299,713,1343,0,0,0,0,0,0,0,0,0,0,0,0,0,0,0,0,0,0
368,1251,1488,1066,1438,384,1272,261,1125,1149,442,1312,618,338,249,157,982,435,622,605,307,1060,0,0,0,0,0,0,0,0,0,0,0,0,0,0,0,0,0,0,0,0
1508,932,12,258,1293,682,675,1024,953,1356,1117,378,75,292,996,959,642,104,1087,133,131,1170,834,304,0,0,0,0,0,0,0,0,0,0,0,0,0,0,0,0,0,0
316,628,29,108,593,637,623,654,476,874,1460,769,407,188,771,1183,937,476,258,0,0,0,0,0,0,0,0,0,0,0,0,0,0,0,0,0,0,0,0,0,0,0
1076,1578,972,1215,1371,1250,1533,999,175,935,1416,431,1530,1478,6,691,908,1515,0,0,0,0,0,0,0,0,0,0,0,0,0,0,0,0,0,0,0,0,0,0,0,0
790,1592,405,620,697,546,134,1622,53,1493,974,390,1436,1022,495,987,405,1408,1407,0,0,0,0,0,0,0,0,0,0,0,0,0,0,0,0,0,0,0,0,0,0,0
1123,764,240,200,1587,1294,1049,599,683,846,1017,162,1143,606,1173,1317,1501,1357,1557,645,912,0,0,0,0,0,0,0,0,0,0,0,0,0,0,0,0,0,0,0,0,0
707,38,559,145,766,100,1282,119,1262,598,1057,1176,198,718,1593,728,437,0,0,0,0,0,0,0,0,0,0,0,0,0,0,0,0,0,0,0,0,0,0,0,0,0
1202,579,833,752,177,783,1184,590,795,1159,1194,745,659,267,508,1315,1242,1341,427,0,0,0,0,0,0,0,0,0,0,0,0,0,0,0,0,0,0,0,0,0,0,0
1535,386,1426,325,778,389,746,88,576,843,1243,847,848,0,0,0,0,0,0,0,0,0,0,0,0,0,0,0,0,0,0,0,0,0,0,0,0,0,0,0,0,0
541,601,754,570,5,1330,492,989,1415,1093,660,484,719,1271,723,732,492,159,763,1461,211,143,0,0,0,0,0,0,0,0,0,0,0,0,0,0,0,0,0,0,0,0
667,1098,963,1071,1519,919,1422,1562,1472,1031,614,1572,1009,1633,1071,839,866,441,199,327,0,0,0,0,0,0,0,0,0,0,0,0,0,0,0,0,0,0,0,0,0,0
977,785,940,1096,604,731,1224,64,1013,1112,280,1618,1284,10,879,371,0,0,0,0,0,0,0,0,0,0,0,0,0,0,0,0,0,0,0,0,0,0,0,0,0,0
346,46,749,689,1139,708,235,796,1197,873,565,706,633,1395,425,373,1303,0,0,0,0,0,0,0,0,0,0,0,0,0,0,0,0,0,0,0,0,0,0,0,0,0
1565,922,635,283,512,499,714,520,1626,809,446,417,254,509,1384,341,35,1173,139,343,0,0,0,0,0,0,0,0,0,0,0,0,0,0,0,0,0,0,0,0,0,0
308,169,1605,1555,1307,602,1292,829,216,1019,497,1326,223,495,1636,0,0,0,0,0,0,0,0,0,0,0,0,0,0,0,0,0,0,0,0,0,0,0,0,0,0,0
955,295,1044,1070,1392,575,798,800,313,980,255,1536,666,1088,724,1221,395,1608,33,372,86,1086,1420,0,0,0,0,0,0,0,0,0,0,0,0,0,0,0,0,0,0,0
1172,852,1119,1200,662,840,61,149,1227,187,1155,519,1227,109,1388,812,488,137,0,0,0,0,0,0,0,0,0,0,0,0,0,0,0,0,0,0,0,0,0,0,0,0
1611,580,125,702,755,1635,584,821,916,1468,1079,82,403,0,0,0,0,0,0,0,0,0,0,0,0,0,0,0,0,0,0,0,0,0,0,0,0,0,0,0,0,0
348,397,592,1580,738,820,1414,1327,392,1301,113,1496,210,0,0,0,0,0,0,0,0,0,0,0,0,0,0,0,0,0,0,0,0,0,0,0,0,0,0,0,0,0
1089,1625,776,1440,733,760,1373,55,1132,947,1048,0,0,0,0,0,0,0,0,0,0,0,0,0,0,0,0,0,0,0,0,0,0,0,0,0,0,0,0,0,0,0
1512,490,883,901,553,900,336,413,226,1520,1333,168,1369,0,0,0,0,0,0,0,0,0,0,0,0,0,0,0,0,0,0,0,0,0,0,0,0,0,0,0,0,0
1092,1456,1544,684,782,1016,1280,1631,893,639,1229,84,466,1621,1532,1280,641,1622,429,627,0,0,0,0,0,0,0,0,0,0,0,0,0,0,0,0,0,0,0,0,0,0
1565,1533,1478,1562,501,1416,874,109,1426,935,590,343,1578,188,1512,963,912,861,0,0,0,0,0,0,0,0,0,0,0,0,0,0,0,0,0,0,0,0,0,0,0,0
1611,1088,401,1060,1009,1064,689,1508,327,988,752,1326,1371,1328,187,1329,1096,821,255,1027,235,216,1535,937,0,0,0,0,0,0,0,0,0,0,0,0,0,0,0,0,0,0
308,567,1626,169,1299,699,13,223,164,1587,760,1035,0,0,0,0,0,0,0,0,0,0,0,0,0,0,0,0,0,0,0,0,0,0,0,0,0,0,0,0,0,0
388,543,1021,1021,541,565,543,620,1075,200,1456,1440,553,64,796,1272,1260,1625,497,885,63,0,0,0,0,0,0,0,0,0,0,0,0,0,0,0,0,0,0,0,0,0
591,133,441,883,1580,1608,1262,598,829,254,1173,1609,846,922,1496,0,0,0,0,0,0,0,0,0,0,0,0,0,0,0,0,0,0,0,0,0,0,0,0,0,0,0
304,1032,338,585,870,417,809,1488,843,46,1330,125,1355,177,353,46,987,666,593,827,1546,508,0,0,0,0,0,0,0,0,0,0,0,0,0,0,0,0,0,0,0,0
718,713,413,1144,1287,143,492,240,1423,175,1184,1147,0,0,0,0,0,0,0,0,0,0,0,0,0,0,0,0,0,0,0,0,0,0,0,0,0,0,0,0,0,0
1633,490,447,1292,573,670,737,171,1385,1219,1317,1202,400,623,1347,33,142,0,0,0,0,0,0,0,0,0,0,0,0,0,0,0,0,0,0,0,0,0,0,0,0,0
1051,974,104,1505,576,261,134,145,1460,1200,415,1125,778,373,1526,1521,1357,1086,292,1427,0,0,0,0,0,0,0,0,0,0,0,0,0,0,0,0,0,0,0,0,0,0
162,425,435,833,766,761,1581,108,1351,91,834,715,1245,88,0,0,0,0,0,0,0,0,0,0,0,0,0,0,0,0,0,0,0,0,0,0,0,0,0,0,0,0
5,793,1368,714,738,68,1275,1511,1044,660,383,1414,1085,265,0,0,0,0,0,0,0,0,0,0,0,0,0,0,0,0,0,0,0,0,0,0,0,0,0,0,0,0
1149,1031,1295,1124,1006,113,131,840,953,792,168,172,1143,792,953,645,66,0,0,0,0,0,0,0,0,0,0,0,0,0,0,0,0,0,0,0,0,0,0,0,0,0
1356,94,307,1111,733,389,1622,1527,1301,847,1403,1112,1331,0,0,0,0,0,0,0,0,0,0,0,0,0,0,0,0,0,0,0,0,0,0,0,0,0,0,0,0,0
1501,641,226,1159,1194,994,519,1087,1246,929,771,755,1183,467,661,1388,159,1629,895,0,0,0,0,0,0,0,0,0,0,0,0,0,0,0,0,0,0,0,0,0,0,0
384,1503,6,614,642,893,1199,198,1493,1384,683,873,437,1048,0,0,0,0,0,0,0,0,0,0,0,0,0,0,0,0,0,0,0,0,0,0,0,0,0,0,0,0
75,431,1530,1392,1258,29,798,628,1284,299,1013,1251,53,407,136,605,749,1332,0,0,0,0,0,0,0,0,0,0,0,0,0,0,0,0,0,0,0,0,0,0,0,0
1544,919,707,1555,496,495,940,1555,1227,633,1242,745,530,408,839,1415,1203,24,1294,800,0,0,0,0,0,0,0,0,0,0,0,0,0,0,0,0,0,0,0,0,0,0
1002,509,1486,858,1113,997,1345,1373,1303,1520,198,569,901,84,442,610,794,724,1092,0,0,0,0,0,0,0,0,0,0,0,0,0,0,0,0,0,0,0,0,0,0,0
1333,814,1158,878,879,999,483,1618,559,1407,1256,760,1271,157,959,627,1019,0,0,0,0,0,0,0,0,0,0,0,0,0,0,0,0,0,0,0,0,0,0,0,0,0
972,280,1119,658,371,637,346,675,812,662,340,512,1411,1098,706,0,0,0,0,0,0,0,0,0,0,0,0,0,0,0,0,0,0,0,0,0,0,0,0,0,0,0
395,392,1536,386,725,1631,684,1261,336,732,395,0,0,0,0,0,0,0,0,0,0,0,0,0,0,0,0,0,0,0,0,0,0,0,0,0,0,0,0,0,0,0
659,682,179,1312,1621,804,1382,1319,405,691,1155,1343,728,1017,1408,1341,790,0,0,0,0,0,0,0,0,0,0,0,0,0,0,0,0,0,0,0,0,0,0,0,0,0
1170,635,499,476,358,1171,230,1461,932,726,0,0,0,0,0,0,0,0,0,0,0,0,0,0,0,0,0,0,0,0,0,0,0,0,0,0,0,0,0,0,0,0
754,1515,360,1468,980,1524,119,1374,1282,769,1148,1250,785,429,1057,0,0,0,0,0,0,0,0,0,0,0,0,0,0,0,0,0,0,0,0,0,0,0,0,0,0,0
1544,1544,53,83,953,1261,731,1215,999,184,1032,908,639,1049,666,834,1096,68,1287,988,425,1086,0,0,0,0,0,0,0,0,0,0,0,0,0,0,0,0,0,0,0,0
485,579,401,935,578,667,1496,872,1536,392,749,339,46,541,1628,501,1184,249,1400,1019,852,0,0,0,0,0,0,0,0,0,0,0,0,0,0,0,0,0,0,0,0,0
104,1199,1621,1326,893,614,731,1355,353,814,713,437,745,1221,484,1578,188,407,1013,766,340,794,1620,0,0,0,0,0,0,0,0,0,0,0,0,0,0,0,0,0,0,0
348,1357,1016,442,24,593,1271,1272,1358,846,771,1183,1245,134,553,559,223,982,792,133,143,39,1113,0,0,0,0,0,0,0,0,0,0,0,0,0,0,0,0,0,0,0
618,660,400,328,496,483,1407,1408,746,940,519,389,384,839,66,827,1009,798,801,172,874,0,0,0,0,0,0,0,0,0,0,0,0,0,0,0,0,0,0,0,0,0
1330,708,683,1098,684,386,1373,561,796,1368,0,0,0,0,0,0,0,0,0,0,0,0,0,0,0,0,0,0,0,0,0,0,0,0,0,0,0,0,0,0,0,0
1317,1170,755,1158,800,628,833,994,584,157,1303,707,879,622,168,1299,1622,641,0,0,0,0,0,0,0,0,0,0,0,0,0,0,0,0,0,0,0,0,0,0,0,0
278,1422,778,1301,1521,447,1488,682,435,623,821,963,1024,974,417,38,0,0,0,0,0,0,0,0,0,0,0,0,0,0,0,0,0,0,0,0,0,0,0,0,0,0
1426,169,783,1000,1284,1173,980,637,466,1501,1486,1332,1440,1370,997,88,169,576,113,0,0,0,0,0,0,0,0,0,0,0,0,0,0,0,0,0,0,0,0,0,0,0
1515,869,1125,659,258,1282,1329,35,1238,1031,1351,1139,1140,1522,1478,1468,1405,1108,1472,0,0,0,0,0,0,0,0,0,0,0,0,0,0,0,0,0,0,0,0,0,0,0
6,1048,476,1275,570,1006,1147,429,976,67,490,371,1618,1448,413,654,0,0,0,0,0,0,0,0,0,0,0,0,0,0,0,0,0,0,0,0,0,0,0,0,0,0
590,1384,1200,1592,601,1227,1194,499,847,1403,255,1608,843,1149,38,1060,610,599,307,255,1493,0,0,0,0,0,0,0,0,0,0,0,0,0,0,0,0,0,0,0,0,0
1051,346,1395,738,1562,718,1593,415,763,598,159,635,1080,139,203,1572,0,0,0,0,0,0,0,0,0,0,0,0,0,0,0,0,0,0,0,0,0,0,0,0,0,0
1229,1047,1416,267,793,977,1258,1374,64,737,1545,1580,13,1070,1143,113,1232,754,1333,358,13,1580,1271,1070,1071,292,0,0,0,0,0,0,0,0,0,0,0,0,0,0,0,0
254,726,495,327,1293,1420,573,388,912,431,235,1505,1587,0,0,0,0,0,0,0,0,0,0,0,0,0,0,0,0,0,0,0,0,0,0,0,0,0,0,0,0,0
131,336,520,1294,1532,1385,1044,1260,995,315,1606,316,1415,0,0,0,0,0,0,0,0,0,0,0,0,0,0,0,0,0,0,0,0,0,0,0,0,0,0,0,0,0
145,240,989,1461,248,697,724,1546,1356,1605,723,1581,1087,849,1315,280,932,885,0,0,0,0,0,0,0,0,0,0,0,0,0,0,0,0,0,0,0,0,0,0,0,0
119,1065,972,919,795,109,1112,512,1511,776,591,1527,866,1460,812,1631,658,0,0,0,0,0,0,0,0,0,0,0,0,0,0,0,0,0,0,0,0,0,0,0,0,0
888,175,790,1512,1209,1262,198,1152,304,1035,1093,752,446,565,410,728,1565,1061,1111,600,94,546,0,0,0,0,0,0,0,0,0,0,0,0,0,0,0,0,0,0,0,0
1119,211,1319,937,645,876,873,996,162,55,857,1347,1015,1611,1636,494,1242,397,769,0,0,0,0,0,0,0,0,0,0,0,0,0,0,0,0,0,0,0,0,0,0,0
1202,1629,1076,390,1079,1609,960,1095,592,164,343,1148,1341,508,198,1327,900,341,1371,0,0,0,0,0,0,0,0,0,0,0,0,0,0,0,0,0,0,0,0,0,0,0
1197,63,1192,1312,1144,620,807,10,230,210,1124,5,372,136,858,1251,498,0,0,0,0,0,0,0,0,0,0,0,0,0,0,0,0,0,0,0,0,0,0,0,0,0
1246,1117,840,1088,1555,642,734,604,427,1456,1626,871,761,1171,737,395,439,0,0,0,0,0,0,0,0,0,0,0,0,0,0,0,0,0,0,0,0,0,0,0,0,0
691,1451,605,308,441,567,922,497,1036,661,29,760,959,108,0,0,0,0,0,0,0,0,0,0,0,0,0,0,0,0,0,0,0,0,0,0,0,0,0,0,0,0
203,785,1581,623,1411,1199,1317,1086,908,1628,1521,177,1262,378,1605,1071,0,0,0,0,0,0,0,0,0,0,0,0,0,0,0,0,0,0,0,0,0,0,0,0,0,0
29,994,790,211,1328,796,200,1203,715,403,108,1032,1501,1436,1087,1374,1312,561,1420,782,1312,1436,1501,0,0,0,0,0,0,0,0,0,0,0,0,0,0,0,0,0,0,0
916,798,1422,798,492,737,407,1629,1403,847,763,84,843,645,104,75,627,661,660,0,0,0,0,0,0,0,0,0,0,0,0,0,0,0,0,0,0,0,0,0,0,0
283,1149,1472,919,580,872,1496,713,210,1331,654,610,708,1293,1287,1245,1530,1280,439,1580,1272,1261,0,0,0,0,0,0,0,0,0,0,0,0,0,0,0,0,0,0,0,0
714,901,995,384,508,1592,388,46,602,304,912,172,852,253,389,0,0,0,0,0,0,0,0,0,0,0,0,0,0,0,0,0,0,0,0,0,0,0,0,0,0,0
598,858,1620,1319,829,1349,485,667,1578,1076,501,1345,1202,0,0,0,0,0,0,0,0,0,0,0,0,0,0,0,0,0,0,0,0,0,0,0,0,0,0,0,0,0
1368,496,1562,371,134,1243,1144,1022,682,1238,726,490,682,584,35,591,1524,1384,0,0,0,0,0,0,0,0,0,0,0,0,0,0,0,0,0,0,0,0,0,0,0,0
1065,466,776,94,267,605,893,579,484,1371,614,1486,198,488,6,1327,937,0,0,0,0,0,0,0,0,0,0,0,0,0,0,0,0,0,0,0,0,0,0,0,0,0
1192,1347,171,639,1035,683,1626,248,1013,171,1170,64,316,1117,1075,1209,0,0,0,0,0,0,0,0,0,0,0,0,0,0,0,0,0,0,0,0,0,0,0,0,0,0
395,175,1173,1408,980,1070,13,142,88,1405,530,745,249,723,86,216,1171,857,1095,960,1143,1515,988,0,0,0,0,0,0,0,0,0,0,0,0,0,0,0,0,0,0,0
1123,691,278,553,624,1407,159,849,437,125,1080,982,1246,495,0,0,0,0,0,0,0,0,0,0,0,0,0,0,0,0,0,0,0,0,0,0,0,0,0,0,0,0
1066,870,499,1382,592,935,1016,1200,637,1373,353,883,833,1232,1388,179,1299,348,807,383,0,0,0,0,0,0,0,0,0,0,0,0,0,0,0,0,0,0,0,0,0,0
692,1511,953,0,0,0,0,0,0,0,0,0,0,0,0,0,0,0,0,0,0,0,0,0,0,0,0,0,0,0,0,0,0,0,0,0,0,0,0,0,0,0
800,168,546,972,1488,821,235,987,1545,1140,1006,1125,812,1112,1088,871,1061,885,675,1343,1618,1532,766,1536,0,0,0,0,0,0,0,0,0,0,0,0,0,0,0,0,0,0
292,1555,1440,346,5,338,1051,601,659,658,707,1416,874,699,1508,0,0,0,0,0,0,0,0,0,0,0,0,0,0,0,0,0,0,0,0,0,0,0,0,0,0,0
1423,947,1535,706,827,1333,974,1152,1027,435,1079,1357,696,1522,755,1284,1098,575,0,0,0,0,0,0,0,0,0,0,0,0,0,0,0,0,0,0,0,0,0,0,0,0
38,417,392,1369,1221,442,708,1219,565,1104,254,1251,1341,834,280,1275,834,280,1275,708,565,254,1251,1341,442,1369,1221,417,38,392,888,199,496,1219,565,1104,708,417,38,0,0,0
410,1021,567,299,1451,848,955,1505,1493,778,372,1609,1461,166,1229,977,0,0,0,0,0,0,0,0,0,0,0,0,0,0,0,0,0,0,0,0,0,0,0,0,0,0
1608,1385,255,932,327,569,1089,839,1503,861,109,559,1527,400,520,809,1557,873,0,0,0,0,0,0,0,0,0,0,0,0,0,0,0,0,0,0,0,0,0,0,0,0
137,541,1044,731,497,1625,164,295,1000,1194,840,718,1593,641,879,846,783,754,66,0,0,0,0,0,0,0,0,0,0,0,0,0,0,0,0,0,0,0,0,0,0,0
1184,1622,666,1636,446,1611,620,746,188,922,1635,340,761,1621,427,0,0,0,0,0,0,0,0,0,0,0,0,0,0,0,0,0,0,0,0,0,0,0,0,0,0,0
593,483,702,733,476,183,719,1326,1159,240,940,1060,662,441,900,1092,0,0,0,0,0,0,0,0,0,0,0,0,0,0,0,0,0,0,0,0,0,0,0,0,0,0
119,1009,1332,1258,1301,157,820,878,82,1400,1519,814,1224,425,1085,145,328,1303,343,83,0,0,0,0,0,0,0,0,0,0,0,0,0,0,0,0,0,0,0,0,0,0
494,600,1124,1512,1546,100,368,63,1358,989,1544,606,1370,68,724,1108,67,1119,794,0,0,0,0,0,0,0,0,0,0,0,0,0,0,0,0,0,0,0,0,0,0,0
995,606,162,1611,604,425,467,760,316,61,1284,1535,708,1328,1287,61,976,1044,760,0,0,0,0,0,0,0,0,0,0,0,0,0,0,0,0,0,0,0,0,0,0,0
580,389,1294,38,692,900,1400,820,1536,142,1256,1006,198,249,119,490,442,171,0,0,0,0,0,0,0,0,0,0,0,0,0,0,0,0,0,0,0,0,0,0,0,0
1426,935,1508,1085,689,530,483,635,737,1095,794,267,94,1123,576,1061,494,1280,999,1636,1587,0,0,0,0,0,0,0,0,0,0,0,0,0,0,0,0,0,0,0,0,0
1580,216,1057,485,86,1183,383,988,675,761,240,211,400,405,639,1515,912,1170,248,1555,1307,492,829,346,1183,0,0,0,0,0,0,0,0,0,0,0,0,0,0,0,0,0
292,989,1605,179,6,5,1013,488,427,435,230,960,1113,1019,0,0,0,0,0,0,0,0,0,0,0,0,0,0,0,0,0,0,0,0,0,0,0,0,0,0,0,0
1545,1194,358,1197,1461,139,169,724,1369,403,1395,1143,1440,919,839,446,782,1173,0,0,0,0,0,0,0,0,0,0,0,0,0,0,0,0,0,0,0,0,0,0,0,0
1011,1125,1149,1629,980,1245,732,590,315,1242,1021,732,1125,1144,1075,13,553,843,1092,0,0,0,0,0,0,0,0,0,0,0,0,0,0,0,0,0,0,0,0,0,0,0
1070,12,858,1079,24,598,1486,1000,1565,795,1416,1512,127,908,10,0,0,0,0,0,0,0,0,0,0,0,0,0,0,0,0,0,0,0,0,0,0,0,0,0,0,0
1330,658,718,713,1408,1408,327,1456,947,125,1037,484,1625,1578,33,1633,1232,1060,766,798,360,713,852,520,0,0,0,0,0,0,0,0,0,0,0,0,0,0,0,0,0,0
431,1530,1111,1172,1027,1024,1104,1117,1238,67,261,1356,764,496,199,870,0,0,0,0,0,0,0,0,0,0,0,0,0,0,0,0,0,0,0,0,0,0,0,0,0,0
847,569,1382,1051,691,1405,519,601,200,371,738,785,194,1468,1215,100,719,0,0,0,0,0,0,0,0,0,0,0,0,0,0,0,0,0,0,0,0,0,0,0,0,0
203,145,1327,1140,746,654,723,599,1022,1243,769,0,0,0,0,0,0,0,0,0,0,0,0,0,0,0,0,0,0,0,0,0,0,0,0,0,0,0,0,0,0,0
871,1080,1532,1066,1159,226,972,546,637,1546,1621,1076,1293,885,940,0,0,0,0,0,0,0,0,0,0,0,0,0,0,0,0,0,0,0,0,0,0,0,0,0,0,0
662,83,584,623,339,1493,1415,1562,1251,187,408,373,1317,35,1275,0,0,0,0,0,0,0,0,0,0,0,0,0,0,0,0,0,0,0,0,0,0,0,0,0,0,0
1119,994,633,188,827,895,618,1260,495,1524,1608,1411,1388,255,1224,1384,592,0,0,0,0,0,0,0,0,0,0,0,0,0,0,0,0,0,0,0,0,0,0,0,0,0
807,1331,137,1303,796,46,541,1572,879,1581,1527,340,1299,413,0,0,0,0,0,0,0,0,0,0,0,0,0,0,0,0,0,0,0,0,0,0,0,0,0,0,0,0
1124,1635,963,1544,1503,591,696,136,498,1438,1258,1315,1047,610,955,501,0,0,0,0,0,0,0,0,0,0,0,0,0,0,0,0,0,0,0,0,0,0,0,0,0,0
295,793,307,932,1349,164,575,593,392,1312,1511,340,66,1520,439,1032,441,295,793,1349,932,0,0,0,0,0,0,0,0,0,0,0,0,0,0,0,0,0,0,0,0,0
68,1017,846,869,39,157,1522,683,792,561,336,1436,1301,771,1501,814,1347,0,0,0,0,0,0,0,0,0,0,0,0,0,0,0,0,0,0,0,0,0,0,0,0,0
1112,645,707,861,812,75,996,1628,338,278,254,600,0,0,0,0,0,0,0,0,0,0,0,0,0,0,0,0,0,0,0,0,0,0,0,0,0,0,0,0,0,0
726,417,706,1065,159,64,299,1329,1192,620,368,1414,699,752,901,1209,977,0,0,0,0,0,0,0,0,0,0,0,0,0,0,0,0,0,0,0,0,0,0,0,0,0
131,628,29,1521,1158,1505,857,840,325,499,0,0,0,0,0,0,0,0,0,0,0,0,0,0,0,0,0,0,0,0,0,0,0,0,0,0,0,0,0,0,0,0
1031,866,1009,714,1292,559,684,1093,1071,804,1031,378,1035,715,763,641,1622,0,0,0,0,0,0,0,0,0,0,0,0,0,0,0,0,0,0,0,0,0,0,0,0,0
728,1246,800,1460,1272,953,109,304,1544,1422,177,624,1087,1326,929,1016,974,1171,1526,0,0,0,0,0,0,0,0,0,0,0,0,0,0,0,0,0,0,0,0,0,0,0
492,559,1620,820,1158,543,1113,724,188,900,858,752,1636,427,1144,702,1486,390,1440,384,1329,1199,0,0,0,0,0,0,0,0,0,0,0,0,0,0,0,0,0,0,0,0
1002,134,1357,127,292,1275,623,1328,1295,33,1524,437,24,1508,624,1219,1229,873,0,0,0,0,0,0,0,0,0,0,0,0,0,0,0,0,0,0,0,0,0,0,0,0
1203,982,1369,683,338,1243,1555,1243,75,840,996,1079,1503,567,883,203,431,405,483,0,0,0,0,0,0,0,0,0,0,0,0,0,0,0,0,0,0,0,0,0,0,0
1112,1009,108,764,166,1371,466,1415,1618,575,1209,1438,1519,1000,0,0,0,0,0,0,0,0,0,0,0,0,0,0,0,0,0,0,0,0,0,0,0,0,0,0,0,0
807,1621,341,142,1015,734,955,1609,184,834,1527,1532,164,691,682,0,0,0,0,0,0,0,0,0,0,0,0,0,0,0,0,0,0,0,0,0,0,0,0,0,0,0
131,576,1358,658,1478,696,1294,809,1017,580,1260,1368,570,0,0,0,0,0,0,0,0,0,0,0,0,0,0,0,0,0,0,0,0,0,0,0,0,0,0,0,0,0
64,1087,1544,620,972,1448,1349,738,667,429,792,755,599,494,1315,353,1373,635,159,1403,0,0,0,0,0,0,0,0,0,0,0,0,0,0,0,0,0,0,0,0,0,0
1125,1581,1272,1085,1258,172,793,86,1086,68,1066,230,1635,403,1224,1436,1022,0,0,0,0,0,0,0,0,0,0,0,0,0,0,0,0,0,0,0,0,0,0,0,0,0
1080,82,561,689,316,1011,760,1149,415,579,953,313,1370,546,485,579,0,0,0,0,0,0,0,0,0,0,0,0,0,0,0,0,0,0,0,0,0,0,0,0,0,0
1356,248,1493,13,299,637,407,119,885,63,283,627,591,1505,0,0,0,0,0,0,0,0,0,0,0,0,0,0,0,0,0,0,0,0,0,0,0,0,0,0,0,0
1261,1173,240,989,707,1070,508,599,1049,194,1546,726,35,1317,1227,1048,645,0,0,0,0,0,0,0,0,0,0,0,0,0,0,0,0,0,0,0,0,0,0,0,0,0
378,929,1427,746,1456,1197,1200,1426,386,175,520,1057,1124,1006,509,1215,796,745,255,593,0,0,0,0,0,0,0,0,0,0,0,0,0,0,0,0,0,0,0,0,0,0
553,872,778,684,783,323,1545,1194,1414,829,1076,1071,1533,308,66,846,499,1071,1533,66,308,846,499,1545,323,783,1414,0,0,0,0,0,0,0,0,0,0,0,0,0,0,0
662,794,179,1301,1287,1293,383,1557,723,1089,852,1382,565,1611,994,94,46,843,573,618,0,0,0,0,0,0,0,0,0,0,0,0,0,0,0,0,0,0,0,0,0,0
488,1172,104,1245,39,1312,761,776,61,1512,812,441,893,1159,0,0,0,0,0,0,0,0,0,0,0,0,0,0,0,0,0,0,0,0,0,0,0,0,0,0,0,0
1093,874,530,109,497,447,1280,1284,388,1488,84,763,960,373,1347,88,654,0,0,0,0,0,0,0,0,0,0,0,0,0,0,0,0,0,0,0,0,0,0,0,0,0
169,1251,162,1184,959,476,590,145,1192,91,216,278,490,1132,606,871,0,0,0,0,0,0,0,0,0,0,0,0,0,0,0,0,0,0,0,0,0,0,0,0,0,0
602,1035,749,392,659,1629,848,198,1605,1331,210,699,1351,1388,1403,425,1242,0,0,0,0,0,0,0,0,0,0,0,0,0,0,0,0,0,0,0,0,0,0,0,0,0
1152,1522,143,1332,265,1016,64,666,976,253,1036,804,67,484,888,0,0,0,0,0,0,0,0,0,0,0,0,0,0,0,0,0,0,0,0,0,0,0,0,0,0,0
1065,876,501,1515,670,947,963,821,336,940,0,0,0,0,0,0,0,0,0,0,0,0,0,0,0,0,0,0,0,0,0,0,0,0,0,0,0,0,0,0,0,0
442,1013,706,1625,315,995,1299,1021,1139,754,1013,442,495,675,55,1536,692,1520,325,1526,1147,0,0,0,0,0,0,0,0,0,0,0,0,0,0,0,0,0,0,0,0,0
6,410,1117,395,133,1221,728,1608,731,814,1232,200,401,870,839,0,0,0,0,0,0,0,0,0,0,0,0,0,0,0,0,0,0,0,0,0,0,0,0,0,0,0
1562,598,1096,1468,642,1631,1170,601,1319,0,0,0,0,0,0,0,0,0,0,0,0,0,0,0,0,0,0,0,0,0,0,0,0,0,0,0,0,0,0,0,0,0
136,708,1405,987,1501,1143,997,1355,987,304,879,1460,397,435,0,0,0,0,0,0,0,0,0,0,0,0,0,0,0,0,0,0,0,0,0,0,0,0,0,0,0,0
61,53,846,734,1388,1317,67,895,1635,1438,499,1076,1044,1260,1242,1275,177,1392,796,1416,1275,497,0,0,0,0,0,0,0,0,0,0,0,0,0,0,0,0,0,0,0,0
1555,876,1132,476,1420,109,1112,878,1232,1341,476,1159,635,159,1347,280,976,833,0,0,0,0,0,0,0,0,0,0,0,0,0,0,0,0,0,0,0,0,0,0,0,0
847,1621,807,1032,415,565,410,1104,6,1400,814,134,1423,771,1262,763,692,415,1060,0,0,0,0,0,0,0,0,0,0,0,0,0,0,0,0,0,0,0,0,0,0,0
1407,1011,760,1580,86,131,994,935,1478,937,883,1065,395,139,1319,988,1368,1245,0,0,0,0,0,0,0,0,0,0,0,0,0,0,0,0,0,0,0,0,0,0,0,0
64,1147,248,407,724,570,1051,183,1229,1047,1027,667,431,400,1202,325,104,1527,699,764,821,0,0,0,0,0,0,0,0,0,0,0,0,0,0,0,0,0,0,0,0,0
466,869,1578,341,1606,188,922,371,441,639,1088,1593,483,580,427,569,1609,1526,125,0,0,0,0,0,0,0,0,0,0,0,0,0,0,0,0,0,0,0,0,0,0,0
576,512,1307,683,1562,659,508,749,1312,179,1592,982,1329,1199,737,0,0,0,0,0,0,0,0,0,0,0,0,0,0,0,0,0,0,0,0,0,0,0,0,0,0,0
175,24,1197,1294,1261,702,467,849,446,752,1093,0,0,0,0,0,0,0,0,0,0,0,0,0,0,0,0,0,0,0,0,0,0,0,0,0,0,0,0,0,0,0
1172,371,386,267,955,327,484,1486,348,591,628,675,1006,1461,1501,397,1511,198,304,0,0,0,0,0,0,0,0,0,0,0,0,0,0,0,0,0,0,0,0,0,0,0
645,442,1620,171,1024,1496,485,963,782,1292,1219,645,1351,1572,1557,403,353,0,0,0,0,0,0,0,0,0,0,0,0,0,0,0,0,0,0,0,0,0,0,0,0,0
84,13,12,253,1031,378,857,1184,392,1079,1370,684,1013,495,792,761,745,606,162,157,405,490,0,0,0,0,0,0,0,0,0,0,0,0,0,0,0,0,0,0,0,0
1533,610,654,235,812,1301,871,1295,908,642,1124,1448,605,1451,408,0,0,0,0,0,0,0,0,0,0,0,0,0,0,0,0,0,0,0,0,0,0,0,0,0,0,0
83,63,175,1456,795,1287,254,1227,203,194,292,1176,0,0,0,0,0,0,0,0,0,0,0,0,0,0,0,0,0,0,0,0,0,0,0,0,0,0,0,0,0,0
1546,283,1299,699,731,226,1203,10,168,108,1327,1098,620,1192,439,1209,1173,0,0,0,0,0,0,0,0,0,0,0,0,0,0,0,0,0,0,0,0,0,0,0,0,0
1152,249,1108,372,425,1440,346,240,1608,708,323,299,501,1096,1618,627,0,0,0,0,0,0,0,0,0,0,0,0,0,0,0,0,0,0,0,0,0,0,0,0,0,0
258,769,1144,790,1087,1048,211,1284,1515,1426,493,142,496,804,879,567,157,1071,0,0,0,0,0,0,0,0,0,0,0,0,0,0,0,0,0,0,0,0,0,0,0,0
1080,1066,199,91,919,1629,723,1057,794,1272,316,166,839,604,1149,0,0,0,0,0,0,0,0,0,0,0,0,0,0,0,0,0,0,0,0,0,0,0,0,0,0,0
390,388,119,1384,660,598,623,691,732,1125,999,1512,1512,1493,553,996,579,338,169,0,0,0,0,0,0,0,0,0,0,0,0,0,0,0,0,0,0,0,0,0,0,0
1293,100,1148,429,798,801,960,1303,1520,343,662,599,1049,622,0,0,0,0,0,0,0,0,0,0,0,0,0,0,0,0,0,0,0,0,0,0,0,0,0,0,0,0
987,885,940,261,719,437,1524,827,1605,1117,1089,601,809,1243,812,1009,0,0,0,0,0,0,0,0,0,0,0,0,0,0,0,0,0,0,0,0,0,0,0,0,0,0
728,1358,1095,1158,754,1622,1113,840,1535,590,38,1519,706,488,1355,874,0,0,0,0,0,0,0,0,0,0,0,0,0,0,0,0,0,0,0,0,0,0,0,0,0,0
1002,714,661,602,696,1472,1545,187,339,0,0,0,0,0,0,0,0,0,0,0,0,0,0,0,0,0,0,0,0,0,0,0,0,0,0,0,0,0,0,0,0,0
1016,624,1356,1460,1631,637,559,995,713,1019,1395,447,373,866,1522,0,0,0,0,0,0,0,0,0,0,0,0,0,0,0,0,0,0,0,0,0,0,0,0,0,0,0
340,216,641,1411,1119,1015,1369,1505,35,778,388,1140,1194,435,912,0,0,0,0,0,0,0,0,0,0,0,0,0,0,0,0,0,0,0,0,0,0,0,0,0,0,0
169,1622,724,1546,660,785,280,512,1143,171,1144,254,249,200,1044,642,731,893,814,1016,467,1426,1170,1333,0,0,0,0,0,0,0,0,0,0,0,0,0,0,0,0,0,0
346,1369,861,1374,1349,143,1113,754,604,1275,821,982,372,1605,593,866,1011,1371,812,67,13,569,1440,0,0,0,0,0,0,0,0,0,0,0,0,0,0,0,0,0,0,0
989,733,1155,1317,976,807,919,852,194,483,807,53,641,283,755,0,0,0,0,0,0,0,0,0,0,0,0,0,0,0,0,0,0,0,0,0,0,0,0,0,0,0
1608,1555,427,1086,484,1460,307,820,1203,133,425,579,699,397,702,746,959,127,133,804,400,1496,360,211,1149,0,0,0,0,0,0,0,0,0,0,0,0,0,0,0,0,0
405,553,570,509,1104,6,1620,1098,327,446,1345,353,848,1368,1060,666,1545,113,1232,771,1224,1293,561,1508,0,0,0,0,0,0,0,0,0,0,0,0,0,0,0,0,0,0
1095,778,1048,1593,1438,929,1436,1448,1414,994,628,879,386,1096,439,1002,1355,0,0,0,0,0,0,0,0,0,0,0,0,0,0,0,0,0,0,0,0,0,0,0,0,0
68,1027,1260,1071,1520,1468,210,1519,1400,1327,371,738,198,1152,723,1456,763,675,796,1522,0,0,0,0,0,0,0,0,0,0,0,0,0,0,0,0,0,0,0,0,0,0
499,1544,1315,1061,1618,134,783,401,1066,508,131,870,1261,575,0,0,0,0,0,0,0,0,0,0,0,0,0,0,0,0,0,0,0,0,0,0,0,0,0,0,0,0
584,417,38,1328,858,857,39,1294,760,145,66,670,1299,0,0,0,0,0,0,0,0,0,0,0,0,0,0,0,0,0,0,0,0,0,0,0,0,0,0,0,0,0
203,1238,847,415,1125,1280,248,546,1219,64,1125,1183,1158,1562,61,1287,519,692,0,0,0,0,0,0,0,0,0,0,0,0,0,0,0,0,0,0,0,0,0,0,0,0
1140,605,1625,1089,940,1140,308,1272,849,119,1351,384,987,1416,304,995,157,1171,1024,63,1243,0,0,0,0,0,0,0,0,0,0,0,0,0,0,0,0,0,0,0,0,0
278,498,403,1382,1303,752,1093,1251,1093,1031,598,977,932,0,0,0,0,0,0,0,0,0,0,0,0,0,0,0,0,0,0,0,0,0,0,0,0,0,0,0,0,0
390,1592,1246,1408,829,1117,794,790,592,407,255,336,662,476,109,834,413,216,341,253,1032,0,0,0,0,0,0,0,0,0,0,0,0,0,0,0,0,0,0,0,0,0
1013,520,316,29,1330,328,188,1019,1119,159,997,1388,1628,1331,659,627,0,0,0,0,0,0,0,0,0,0,0,0,0,0,0,0,0,0,0,0,0,0,0,0,0,0
947,1065,1124,1006,55,726,429,1565,1461,1629,1329,1332,1229,1075,194,0,0,0,0,0,0,0,0,0,0,0,0,0,0,0,0,0,0,0,0,0,0,0,0,0,0,0
814,639,1307,606,637,323,728,1358,442,325,1197,1258,1005,494,1250,1312,0,0,0,0,0,0,0,0,0,0,0,0,0,0,0,0,0,0,0,0,0,0,0,0,0,0
33,610,885,1262,793,1392,1488,601,541,1070,580,1578,1319,1080,378,1581,734,782,1515,172,94,1009,267,0,0,0,0,0,0,0,0,0,0,0,0,0,0,0,0,0,0,0
38,809,764,100,1159,392,1403,1111,749,843,265,431,142,715,1194,1301,1505,620,1123,1282,974,895,764,1356,800,0,0,0,0,0,0,0,0,0,0,0,0,0,0,0,0,0
661,1472,441,872,1357,1087,1292,1503,1420,737,1079,261,737,0,0,0,0,0,0,0,0,0,0,0,0,0,0,0,0,0,0,0,0,0,0,0,0,0,0,0,0,0
435,1530,339,1221,292,104,373,466,1173,368,1148,718,343,83,84,410,1051,35,0,0,0,0,0,0,0,0,0,0,0,0,0,0,0,0,0,0,0,0,0,0,0,0
10,179,1536,496,1511,348,794,901,590,315,623,1501,1422,24,1202,0,0,0,0,0,0,0,0,0,0,0,0,0,0,0,0,0,0,0,0,0,0,0,0,0,0,0
1132,1535,543,1580,1618,706,389,1384,1533,1609,492,1451,82,495,567,683,1572,497,313,1521,633,1636,0,0,0,0,0,0,0,0,0,0,0,0,0,0,0,0,0,0,0,0
996,878,719,137,1527,168,177,1092,873,1493,792,1036,235,1405,1085,485,258,1611,223,0,0,0,0,0,0,0,0,0,0,0,0,0,0,0,0,0,0,0,0,0,0,0
1227,1373,955,1635,358,732,447,900,1147,240,1326,576,91,0,0,0,0,0,0,0,0,0,0,0,0,0,0,0,0,0,0,0,0,0,0,0,0,0,0,0,0,0
1269,1612,870,1216,21,477,235,1301,1012,1092,120,906,398,1194,1484,1579,297,5,947,0,0,0,0,0,0,0,0,0,0,0,0,0,0,0,0,0,0,0,0,0,0,0
1483,336,685,1118,372,425,569,1283,1565,733,1629,1405,590,1159,1124,1359,1162,0,0,0,0,0,0,0,0,0,0,0,0,0,0,0,0,0,0,0,0,0,0,0,0,0
1005,553,1371,1382,855,857,1517,1119,447,1313,307,400,839,442,1426,769,855,1083,547,0,0,0,0,0,0,0,0,0,0,0,0,0,0,0,0,0,0,0,0,0,0,0
1437,519,1342,763,1046,1455,125,598,827,108,1423,401,134,642,585,82,56,1186,579,520,435,1501,0,0,0,0,0,0,0,0,0,0,0,0,0,0,0,0,0,0,0,0
1010,1018,1143,1395,1355,1309,796,1009,1010,1018,1244,8,836,1262,0,0,0,0,0,0,0,0,0,0,0,0,0,0,0,0,0,0,0,0,0,0,0,0,0,0,0,0
1361,737,1625,980,313,987,213,443,1087,153,-1,153,169,1605,970,796,707,1028,866,1066,493,496,1275,404,1087,0,0,0,0,0,0,0,0,0,0,0,0,0,0,0,0,0
1021,1609,1096,1170,1608,640,1626,66,1060,1230,141,1513,1149,602,415,592,484,1248,955,1558,1295,1393,0,0,0,0,0,0,0,0,0,0,0,0,0,0,0,0,0,0,0,0
1052,1335,1581,1242,1332,1527,699,1109,29,1112,1408,371,1562,403,599,1049,636,0,0,0,0,0,0,0,0,0,0,0,0,0,0,0,0,0,0,0,0,0,0,0,0,0
1110,248,1327,1344,621,950,133,143,776,261,859,1362,155,211,840,1334,248,0,0,0,0,0,0,0,0,0,0,0,0,0,0,0,0,0,0,0,0,0,0,0,0,0
214,932,1478,1496,885,63,846,488,52,1392,804,1089,626,256,0,0,0,0,0,0,0,0,0,0,0,0,0,0,0,0,0,0,0,0,0,0,0,0,0,0,0,0
675,1243,1440,1122,1594,204,346,1352,440,305,1467,-1,285,731,1292,130,71,934,370,0,0,0,0,0,0,0,0,0,0,0,0,0,0,0,0,0,0,0,0,0,0,0
364,554,1422,1323,88,852,1592,609,949,350,121,452,0,0,0,0,0,0,0,0,0,0,0,0,0,0,0,0,0,0,0,0,0,0,0,0,0,0,0,0,0,0
620,724,1195,740,1224,614,627,1420,843,1563,601,413,1416,1333,1367,1630,0,0,0,0,0,0,0,0,0,0,0,0,0,0,0,0,0,0,0,0,0,0,0,0,0,0
687,388,1223,1469,1219,556,967,154,1297,1202,813,1047,135,399,1503,808,0,0,0,0,0,0,0,0,0,0,0,0,0,0,0,0,0,0,0,0,0,0,0,0,0,0
1472,873,1345,911,1545,392,179,93,1328,722,1370,1113,0,0,0,0,0,0,0,0,0,0,0,0,0,0,0,0,0,0,0,0,0,0,0,0,0,0,0,0,0,0
1509,492,145,832,871,1184,1185,1245,1500,1614,1358,572,160,326,607,1184,0,0,0,0,0,0,0,0,0,0,0,0,0,0,0,0,0,0,0,0,0,0,0,0,0,0
588,830,1267,1093,574,173,1399,1302,35,778,942,339,639,453,781,567,1618,557,0,0,0,0,0,0,0,0,0,0,0,0,0,0,0,0,0,0,0,0,0,0,0,0
632,747,79,1396,772,1102,684,1403,847,1214,829,1078,508,1158,1237,707,0,0,0,0,0,0,0,0,0,0,0,0,0,0,0,0,0,0,0,0,0,0,0,0,0,0
1370,1304,960,171,1370,661,510,681,405,22,1032,239,758,628,191,187,441,1612,0,0,0,0,0,0,0,0,0,0,0,0,0,0,0,0,0,0,0,0,0,0,0,0
1251,837,344,278,1321,1580,237,988,467,564,316,1530,1363,0,0,0,0,0,0,0,0,0,0,0,0,0,0,0,0,0,0,0,0,0,0,0,0,0,0,0,0,0
761,783,1567,81,1181,84,725,159,867,458,1282,251,198,1401,1350,0,0,0,0,0,0,0,0,0,0,0,0,0,0,0,0,0,0,0,0,0,0,0,0,0,0,0
562,655,514,84,83,1475,667,163,407,793,138,188,1024,793,935,771,0,0,0,0,0,0,0,0,0,0,0,0,0,0,0,0,0,0,0,0,0,0,0,0,0,0
433,753,478,1482,1084,67,881,1413,1127,11,277,0,0,0,0,0,0,0,0,0,0,0,0,0,0,0,0,0,0,0,0,0,0,0,0,0,0,0,0,0,0,0
919,974,215,1263,909,559,1394,1289,608,1341,760,1324,0,0,0,0,0,0,0,0,0,0,0,0,0,0,0,0,0,0,0,0,0,0,0,0,0,0,0,0,0,0
