1096,1331,316,940,696,1051,1000,46,211,1200,179,1626,66,873,1373,1557,488,834,403,131,782,982,0,0,0
346,959,1341,39,578,1405,1625,1261,235,82,1199,1048,1384,1087,1371,157,75,1408,142,1572,1092,0,0,0,0
1608,658,870,127,1527,1245,1303,699,485,1496,697,908,1139,1079,829,565,427,1456,0,0,0,0,0,0,0
641,1622,1422,10,1148,497,184,1002,809,24,1426,1628,866,1562,1505,1414,746,1125,1461,755,819,878,0,0,0
1328,1125,645,5,6,1256,794,125,622,579,307,328,820,223,1555,1307,974,1395,546,912,1172,999,1521,0,0
761,1027,1224,1183,466,1275,483,1349,1173,1427,1535,591,255,1098,68,778,1280,1019,1355,1388,1448,1611,0,0,0
439,1581,728,1636,139,1184,63,1358,1512,91,1635,706,1070,395,1104,1411,916,1203,325,1287,800,0,0,0,0
353,869,1086,1521,614,1147,425,633,371,1197,348,476,1526,1140,807,589,100,183,1545,734,13,162,425,0,0
937,1530,960,373,494,1315,401,104,1374,1451,-1,623,437,1400,490,1501,1522,553,1519,570,1438,441,848,0,0
1345,900,754,134,670,702,1468,1085,1006,1149,988,1524,338,1227,467,719,1037,760,1170,783,0,0,0,0,0
1629,1132,994,1088,1095,642,230,1009,1605,1262,801,575,1631,1112,495,871,1111,543,1420,1301,1536,283,580,360,0
839,620,749,340,1260,1478,1080,1215,313,610,1312,164,1071,1319,1374,1580,67,1356,661,171,1633,567,113,666,0
600,874,339,718,846,972,1532,137,1076,159,166,400,1295,659,879,812,980,304,989,1124,585,1057,0,0,0
776,785,1423,683,1022,660,723,790,64,763,1032,253,1036,512,885,796,1546,598,598,1044,1021,315,0,0,0
1493,752,1333,520,667,691,447,1113,1370,592,1049,1609,64,1272,624,929,492,795,1159,1332,496,447,1293,872,0
308,61,602,35,1060,86,654,1472,935,814,210,1242,1299,1016,1527,1035,793,108,1369,336,484,1486,216,0,0
1031,1327,1544,893,175,249,358,446,169,576,407,413,606,1152,1061,1250,605,1317,1520,798,1503,766,1271,0,0
1368,708,415,1460,1294,38,977,599,386,1202,996,384,84,258,715,1511,1232,724,827,804,604,0,0,0,0
119,771,248,639,383,876,1024,240,692,1209,405,707,55,378,1436,584,435,431,508,509,0,0,0,0,0
627,1593,1488,847,1144,392,559,785,1618,963,1347,1408,1017,919,145,792,662,109,618,88,635,997,0,0,0
1143,1440,1075,194,1246,292,1117,-1,901,955,888,389,682,852,200,1620,1108,732,372,601,530,0,0,0,0
1123,188,953,1382,713,1229,1047,1089,498,675,1221,29,267,94,280,840,1284,343,1592,1119,172,278,0,0,0
327,573,1329,714,922,410,1152,1155,390,843,764,1065,496,295,857,1093,569,53,1343,83,684,1238,0,0,0
628,1357,226,177,593,987,1015,33,442,976,299,143,689,136,1403,895,261,849,1171,519,-1,-1,1219,0,0
12,820,75,996,400,235,137,1158,543,570,997,569,313,427,1611,88,1355,908,754,0,0,0,0,0,0
602,1070,733,1071,1119,1351,104,498,162,157,857,1370,1089,1170,1086,1357,833,776,1047,1436,100,327,431,-1,0
1271,1117,829,188,639,316,1546,922,283,467,395,125,435,1192,1545,66,1027,68,1416,512,5,1382,0,0,0
1620,407,299,785,1215,183,113,384,662,675,1631,1197,490,708,1423,131,108,955,1076,660,315,1486,807,0,0
86,1260,977,1224,1533,553,1605,168,1527,959,794,495,1328,1044,340,1112,304,1275,1104,1301,696,1171,0,0,0
476,403,216,1272,278,1148,83,723,341,1065,1420,1326,390,1024,6,1520,508,546,1384,119,999,386,0,0,0
940,1349,1006,573,1415,1562,1411,1331,1036,610,429,1139,724,702,1221,492,1282,778,425,199,292,1238,1524,0,0
982,821,1536,858,372,1426,1108,771,1016,1521,661,1013,870,177,226,1140,580,893,1299,980,55,1132,707,0,0
401,494,749,46,1250,622,1628,1200,1329,1511,641,1440,-1,1395,1143,346,989,1087,1356,184,988,295,145,804,0
1232,814,935,368,1184,760,1565,392,852,1319,1295,143,871,1049,599,1580,654,373,1229,1144,258,1530,496,682,0
280,307,94,267,667,578,1155,885,1508,1587,67,976,755,466,846,684,783,417,64,916,520,194,1075,240,0
1358,1017,1626,127,1294,1147,1000,812,484,1194,869,715,1079,929,1472,325,509,1246,1526,1448,413,633,1245,0,0
1060,879,1242,1032,253,1031,171,861,1262,1261,1460,447,63,328,1330,265,1468,874,659,1505,691,591,0,0,0
1280,33,1183,1422,35,699,1405,731,593,1199,642,575,1258,605,1515,1219,1414,210,541,388,211,1388,0,0,0
1633,439,415,530,604,793,1373,353,1227,410,397,713,692,1095,718,1608,1535,878,1493,248,1512,0,0,0,0
1061,494,1066,895,585,590,714,10,1368,848,624,1284,790,1098,179,1438,1037,1606,623,0,0,0,0,0,0
683,974,1088,1581,1478,1332,446,627,0,0,0,0,0,0,0,0,0,0,0,0,0,0,0,0,0
738,766,592,866,1488,960,1347,883,1096,576,-1,761,1625,953,0,0,0,0,0,0,0,0,0,0,0
1478,912,658,-1,1022,843,732,734,169,670,782,1061,1111,600,0,0,0,0,0,0,0,0,0,0,0
1385,53,1622,142,371,91,847,175,109,1152,249,1333,706,606,360,1555,1149,737,442,136,579,1057,1346,1021,501
1124,1002,795,1125,1080,1532,1011,839,919,1400,1578,800,752,1343,408,995,254,308,1287,519,405,1519,0,0,0
932,255,1427,1048,809,796,764,719,1635,348,441,645,1123,840,1371,1317,1456,989,620,203,159,1093,785,0,0
1113,1621,972,230,485,1609,1327,873,1557,483,947,166,1572,746,876,437,637,559,383,261,994,1407,0,0,0
-1,801,172,628,29,1307,792,728,827,1009,283,1496,963,1345,1629,1159,1312,561,488,24,84,1303,0,0,0
1515,171,1080,315,1089,46,395,1294,833,776,1527,861,553,1017,606,699,390,88,1261,1606,1374,1440,346,0,0
435,1521,746,697,792,752,1262,1416,874,1194,83,807,749,0,0,0,0,0,0,0,0,0,0,0,0
935,771,446,879,1227,1287,378,734,593,795,496,1299,604,1426,125,1533,1095,410,1532,0,0,0,0,0,0
235,715,689,585,794,1006,1451,343,1117,1328,63,384,1047,1415,1562,1203,484,624,0,0,0,0,0,0,0
1555,1636,1006,827,812,682,1592,1557,1293,869,707,659,1079,1620,360,1448,0,0,0,0,0,0,0,0,0
1423,580,91,1009,216,75,1170,1143,5,1061,565,308,1358,785,194,1250,496,278,223,1371,230,91,1511,1260,0
724,579,814,210,1333,177,179,578,1071,1526,188,1086,1461,1221,35,509,1355,0,0,0,0,0,0,0,0
738,371,543,1382,829,24,1315,1256,1292,1031,372,183,1085,893,1578,1000,483,662,1282,809,417,658,0,0,0
866,1093,496,55,793,108,1633,1317,295,168,1403,901,870,627,-1,441,778,0,0,0,0,0,0,0,0
530,304,187,339,953,1183,633,737,876,248,0,0,0,0,0,0,0,0,0,0,0,0,0,0,0
407,64,1295,1519,1015,467,972,1192,1075,1112,1104,1088,1345,0,0,0,0,0,0,0,0,0,0,0,0
1284,1027,137,261,994,131,1319,1329,1436,895,405,590,1144,1044,622,490,1505,0,0,0,0,0,0,0,0
249,67,916,508,13,987,265,198,0,0,0,0,0,0,0,0,0,0,0,0,0,0,0,0,0
940,1357,1611,427,575,1486,0,0,0,0,0,0,0,0,0,0,0,0,0,0,0,0,0,0,0
1625,431,1530,1002,745,675,61,1013,706,1608,573,1307,1048,1209,584,1629,1468,834,912,157,0,0,0,0,0
754,1139,1032,142,373,661,1199,1065,821,292,162,847,1184,963,1024,637,38,0,0,0,0,0,0,0,0
1119,413,1037,628,29,1544,1219,997,1275,127,960,0,0,0,0,0,0,0,0,0,0,0,0,0,0
0,0,0,0,0,0,0,0,0,0,0,0,0,0,0,0,0,0,0,0,0,0,0,0,0
0,0,0,0,0,0,0,0,0,0,0,0,0,0,0,0,0,0,0,0,0,0,0,0,0
0,0,0,0,0,0,0,0,0,0,0,0,0,0,0,0,0,0,0,0,0,0,0,0,0
0,0,0,0,0,0,0,0,0,0,0,0,0,0,0,0,0,0,0,0,0,0,0,0,0
0,0,0,0,0,0,0,0,0,0,0,0,0,0,0,0,0,0,0,0,0,0,0,0,0
0,0,0,0,0,0,0,0,0,0,0,0,0,0,0,0,0,0,0,0,0,0,0,0,0
0,0,0,0,0,0,0,0,0,0,0,0,0,0,0,0,0,0,0,0,0,0,0,0,0
265,435,809,1371,1508,980,1192,1009,29,1527,628,1112,304,559,248,879,1448,633,543,1057,1299,0,0,0,0
592,746,605,1251,1349,1275,1411,145,761,1075,1140,283,1526,1027,292,1027,292,82,1111,565,1355,100,585,0,0
1385,1557,1620,338,895,989,618,1319,1089,916,929,755,1357,249,576,691,24,66,1294,495,0,0,0,0,0
1295,1048,858,876,1511,1622,963,1243,771,1232,623,659,989,1312,1609,0,0,0,0,0,0,0,0,0,0
499,188,719,1096,134,1171,12,512,614,795,211,1272,1440,509,1183,1317,307,137,1284,682,0,0,0,0,0
1478,1079,1460,368,415,159,343,431,1530,622,1227,68,1098,1095,715,1015,1093,0,0,0,0,0,0,0,0
1194,177,483,46,785,1519,91,932,843,427,168,1592,1628,1536,1512,166,1245,1524,447,1108,976,0,0,0,0
699,1511,1260,645,498,403,974,425,1011,760,386,778,1618,857,368,33,814,0,0,0,0,0,0,0,0
372,1456,658,666,1303,737,442,1117,1327,1532,1522,1472,1219,6,488,804,1388,792,1436,1420,1159,0,0,0,0
1330,55,1373,1202,1345,1006,476,308,383,1392,796,763,1621,1119,413,254,278,261,113,1242,1006,0,0,0,0
1593,718,598,662,157,1488,1403,561,360,183,1125,637,198,1017,119,1086,833,713,1022,732,1292,1331,1501,1468,0
407,172,1085,1124,1170,893,1333,1395,348,1071,341,210,39,1407,328,745,1545,593,1416,400,223,1505,1356,0,0
1031,1044,1147,1347,313,164,466,1625,1535,734,972,13,1173,1155,395,1626,520,417,497,0,0,0,0,0,0
580,1246,869,139,184,1426,1332,131,728,1358,846,849,216,834,1606,384,280,738,371,670,783,1438,541,0,0
1374,1197,793,660,579,1562,901,1016,1224,1139,315,1555,600,1315,959,1200,496,820,794,0,0,0,0,0,0
604,667,1414,240,61,1019,870,1565,1149,1423,1461,641,53,1271,1144,1400,1148,358,5,1049,88,0,0,0,0
553,1493,162,1203,346,606,133,1199,573,584,821,1172,1176,570,323,199,490,0,0,0,0,0,0,0,0
661,1521,1158,852,848,230,143,684,569,179,1301,437,1132,1024,1013,1221,1002,840,839,919,0,0,0,0,0
708,1287,591,702,567,546,1520,401,1066,790,749,501,733,1374,484,1369,1021,726,1629,707,1328,0,0,0,0
1280,807,692,1065,1341,136,610,104,1382,1370,829,530,874,467,1088,408,1451,508,1578,0,0,0,0,0,0
439,295,940,861,397,1408,1587,988,142,388,866,1238,253,64,203,446,1293,642,0,0,0,0,0,0,0
776,1032,1036,883,995,994,1262,1215,723,1580,888,1496,485,697,194,1486,675,0,0,0,0,0,0,0,0
1060,1546,1503,800,429,1139,639,187,1035,410,84,922,908,1581,590,689,1608,1368,353,900,996,1572,0,0,0
987,1635,405,1415,1184,299,752,1080,997,635,1037,316,1087,125,654,1047,624,937,1329,1351,599,1209,0,0,0
530,55,1557,137,177,1303,1403,1192,576,1065,1209,606,763,1303,435,1123,1292,313,104,1143,947,0,0,0,0
1060,980,249,1593,187,1532,401,1066,1070,1203,280,605,699,1087,223,746,1197,1415,1140,1159,746,792,1044,0,0
1092,188,922,1501,1315,494,520,328,1530,353,1400,893,1327,667,1468,666,601,764,75,0,0,0,0,0,0
776,977,1520,654,1147,683,642,1472,659,839,919,307,446,447,662,959,437,415,689,0,0,0,0,0,0
873,1349,1448,1371,1051,1330,820,1202,1420,737,1275,620,169,1224,935,771,1486,0,0,0,0,0,0,0,0
1057,585,1608,386,731,1048,692,323,807,870,261,761,778,467,1620,1527,879,1307,637,895,995,159,1370,0,0
254,466,53,641,203,498,1251,295,1592,1521,253,410,5,1536,1155,1535,628,0,0,0,0,0,0,0,0
1512,707,578,1427,316,388,843,431,752,829,1075,175,1015,734,1496,821,1215,265,1079,624,1076,660,0,0,0
1629,395,38,1294,590,24,64,1317,1633,1388,199,496,325,988,793,327,183,157,982,715,953,580,1436,0,0
724,346,405,1262,476,12,858,670,708,1414,1098,1326,1416,1355,360,639,1384,1544,633,1331,1545,0,0,0,0
972,871,800,785,1287,1250,1242,995,1351,1408,1407,900,403,994,134,164,439,131,932,1635,1572,1261,0,0,0
299,798,1246,495,861,483,109,248,441,1395,591,1006,29,512,916,1229,1047,713,883,869,1024,592,1125,0,0
373,1104,368,888,13,1238,963,1243,179,408,1312,1149,1013,794,1611,267,94,1587,378,383,1002,783,0,0,0
874,63,878,543,501,1096,719,1461,1022,490,230,1374,1021,1148,39,623,553,846,559,255,908,82,1515,0,0
754,429,1139,872,198,1152,1524,1293,1343,171,1093,1382,1609,1581,119,1503,1423,1176,1628,749,0,0,0,0,0
1000,1546,1438,1113,857,1426,1631,407,999,847,1221,1117,1578,1373,1271,1282,760,1374,258,584,1037,0,0,0,0
341,338,1027,68,240,766,1284,1622,658,814,1016,235,226,488,1031,125,702,1356,0,0,0,0,0,0,0
1319,1555,1111,1011,1256,139,1144,389,1035,390,200,1080,1636,35,573,400,801,113,541,0,0,0,0,0,0
1618,761,162,1017,1019,1132,1625,1089,1085,1493,987,216,136,1232,732,1036,1032,1580,974,88,0,0,0,0,0
989,127,1519,166,579,833,1522,618,283,937,61,1272,728,546,876,1183,1341,340,1511,1086,885,519,0,0,0
1112,1009,849,929,598,1199,133,602,726,912,194,1505,997,635,143,804,745,1245,1184,427,0,0,0,0,0
570,1411,86,569,184,1095,960,499,1071,1605,492,1345,6,706,442,1385,1219,575,168,211,738,0,0,0,0
1621,848,172,1533,100,145,1173,1392,1194,796,723,1260,1227,1108,509,1456,1521,834,733,348,84,0,0,0,0
790,1562,1299,1456,940,142,484,210,485,1328,384,1124,1280,1119,413,1626,1347,1451,976,67,610,593,0,0,0
427,963,940,929,67,976,253,584,401,1066,764,820,1448,131,484,397,315,932,584,137,1512,575,1625,0,0
512,1356,441,1147,997,119,579,833,1246,308,46,388,1503,1587,737,1319,508,1087,159,1262,1065,490,955,0,0
1440,1440,133,1508,1176,689,1048,299,1411,935,1242,497,893,614,378,995,315,809,38,766,447,313,804,0,0
1635,383,999,792,336,878,194,708,728,1238,86,1519,900,801,183,1328,405,496,1149,483,580,0,0,0,0
866,858,35,179,661,1260,1113,1370,1472,485,1496,598,1414,1051,431,1382,258,12,0,0,0,0,0,0,0
1565,1200,1592,852,1629,1125,108,1349,848,39,795,494,684,143,870,1622,340,624,0,0,0,0,0,0,0
467,437,1203,1420,734,637,346,885,216,1000,24,1294,1060,1331,353,1403,980,895,1022,798,0,0,0,0,0
738,1521,520,1173,368,821,754,1526,1071,670,360,692,1209,1493,439,0,0,0,0,0,0,0,0,0,0
304,585,861,1416,874,125,492,82,1606,1184,211,325,94,371,1415,1295,1557,1524,561,164,829,0,0,0,0
1351,339,1369,1221,1124,593,400,796,699,570,265,29,1215,1024,1197,1271,1251,977,435,697,696,1605,1486,0,0
1555,541,749,1384,175,778,972,604,782,162,761,1532,254,200,908,987,1408,1578,1172,605,1326,0,0,0,0
1032,718,683,1170,1581,372,1388,184,1250,639,408,659,707,745,255,713,1170,109,292,0,0,0,0,0,0
392,1140,104,869,1535,702,395,989,591,919,840,1037,1307,1144,267,883,113,261,0,0,0,0,0,0,0
675,553,1293,1224,682,606,1044,763,876,249,179,134,1243,358,0,0,0,0,0,0,0,0,0,0,0
1132,559,84,752,1636,499,1400,849,169,1148,1232,1355,1332,1317,1461,839,953,316,1088,871,0,0,0,0,0
1333,373,1505,1108,1152,198,1031,847,171,1098,667,1407,1202,1159,1422,662,834,63,1017,1436,0,0,0,0,0
1303,1451,187,1096,1395,1192,139,627,390,1284,1075,1371,1628,0,0,0,0,0,0,0,0,0,0,0,0
1544,1373,1345,633,1111,610,1520,719,1076,922,0,0,0,0,0,0,0,0,0,0,0,0,0,0,0
714,1358,488,64,495,1095,578,142,283,1514,1002,91,223,1609,760,1545,623,982,1608,658,0,0,0,0,0
407,188,1013,1280,1385,1347,873,755,0,0,0,0,0,0,0,0,0,0,0,0,0,0,0,0,0
996,706,879,546,800,1631,210,1016,1079,1021,1155,1343,1315,1256,1611,1061,790,1374,415,1006,800,1027,0,0,0
1287,1011,1427,323,814,425,341,1086,1357,785,166,599,628,66,530,1330,1626,0,0,0,0,0,0,0,0
812,827,1275,620,1312,1194,1511,1227,1438,567,1536,1183,0,0,0,0,0,0,0,0,0,0,0,0,0
235,168,157,1620,1080,807,901,1119,1580,1036,771,75,1143,1070,83,343,857,53,61,1015,912,0,0,0,0
919,839,427,752,1420,639,495,792,1294,912,1460,1520,1221,763,675,24,1416,1426,466,1021,0,0,0,0,0
1032,702,520,338,169,100,573,339,1113,188,1170,922,1076,226,1000,593,849,1002,1260,397,610,0,0,0,0
1533,119,429,249,1438,1382,870,53,395,940,1544,384,601,541,1486,63,885,1332,1124,248,0,0,0,0,0
315,255,378,1215,1112,127,1009,994,1369,1280,194,183,431,749,1096,1527,692,0,0,0,0,0,0,0,0
1088,590,731,368,1250,1243,1468,265,598,327,591,633,1355,33,1006,683,642,569,691,1194,796,731,0,0,0
1080,1219,348,1511,340,1227,177,1262,1275,895,752,1461,134,1349,61,1395,1143,1093,996,0,0,0,0,0,0
689,726,561,1065,876,546,871,168,6,995,1242,1147,198,35,1392,874,1408,0,0,0,0,0,0,0,0
371,599,624,1351,187,1075,1631,1123,5,66,1329,723,1557,893,614,1358,1371,1292,328,1530,0,0,0,0,0
846,1024,567,1048,848,307,280,1519,997,733,645,1368,1327,1299,405,1524,437,1284,738,1625,1171,1357,1261,512,0
706,576,498,1436,501,1132,55,1505,447,801,662,1301,299,1087,1256,1245,88,1536,392,1592,325,1036,1152,1592,0
600,1061,821,164,253,1515,360,1037,1176,1456,696,667,1027,1159,580,861,483,403,1333,834,415,0,0,0,0
670,496,714,585,661,1047,1317,283,175,1011,908,1271,1422,386,1183,771,935,125,1611,1139,1312,230,666,0,0
1565,179,1626,684,989,1258,494,1315,401,1532,559,199,1546,184,766,627,1016,1580,843,388,840,39,579,635,0
509,1620,1621,1031,172,1356,1282,658,316,313,12,353,972,605,441,1098,10,84,719,707,1609,0,0,0,0
1108,1199,1079,1238,827,878,46,873,1202,1512,1172,794,358,901,847,499,754,929,682,807,91,492,1581,0,0
553,484,490,159,240,442,372,829,1319,982,211,1629,530,216,1572,1089,1085,497,994,1287,1173,0,0,0,0
1608,778,734,1388,67,1472,602,1071,373,888,584,980,654,1478,1385,1374,1119,866,761,1493,872,1384,658,0,0
1092,1144,724,38,1060,86,713,937,697,136,628,1578,790,1522,308,29,916,1415,1562,200,959,0,0,0,0
1331,1521,1251,785,960,139,1149,1125,760,1066,606,570,728,1403,346,223,343,900,1636,783,637,0,0,0,0
476,1400,1232,988,1347,1209,203,737,660,1229,755,1140,879,953,1111,1508,1019,955,1307,1555,999,0,0,0,0
804,795,745,1488,604,963,1526,947,575,1057,798,883,833,0,0,0,0,0,0,0,0,0,0,0,0
407,157,508,1117,1104,410,935,133,1587,383,1423,1628,1635,1328,1070,1295,883,137,400,1345,1303,133,0,0,0
820,769,1272,1022,857,1451,408,254,1246,776,104,1013,258,732,13,578,793,162,299,292,261,0,0,0,0
1341,1414,1184,1501,809,417,143,659,1035,1017,1044,1015,519,1448,108,812,1203,620,295,109,0,0,0,0,0
852,691,839,724,1144,1555,338,1438,125,999,292,1423,1194,235,1119,1070,497,113,1519,267,1515,0,0,0,0
715,1203,1636,1071,1621,1089,1625,199,157,429,1351,1331,1044,912,1194,1227,1261,1006,0,0,0,0,0,0,0
1355,1002,639,373,1155,1635,754,628,435,1079,584,637,1620,6,1557,485,776,1132,325,53,441,400,0,0,0
1271,814,1158,1229,935,874,1415,989,1488,223,29,947,127,769,530,1328,820,328,766,341,104,1420,0,0,0
200,339,601,1408,1060,410,937,1172,295,179,812,67,976,358,439,1522,0,0,0,0,0,0,0,0,0
1192,1117,1581,1587,64,1501,1170,1527,793,323,1095,1048,682,1592,1293,1545,1411,1047,977,1436,1243,1250,567,1111,0
1511,1140,1416,315,484,1009,348,39,1368,38,1057,143,870,401,1356,749,346,1544,794,1246,0,0,0,0,0
1407,265,996,501,230,1215,1609,599,1370,1329,159,1440,46,1024,963,1486,378,849,1086,1238,980,0,0,0,0
726,559,386,893,1327,1384,1533,872,1104,313,782,565,496,1426,718,543,68,368,1611,667,397,308,0,0,0
1076,61,139,1019,304,1287,641,1622,1258,437,1524,240,307,666,719,1199,168,1373,661,883,1536,495,0,0,0
198,35,610,654,1022,929,778,1061,1312,1013,737,211,1085,873,1148,226,1493,1123,10,1173,0,0,0,0,0
1092,573,1245,1631,697,585,553,390,1197,1456,696,175,254,216,1016,614,84,1251,888,696,0,0,0,0,0
1532,1113,821,1000,972,908,576,169,1478,417,840,1405,384,187,1319,88,706,498,895,1294,39,248,1369,866,0
1143,1414,1345,353,407,1282,809,590,119,1526,593,598,940,1299,699,848,137,1503,1221,142,94,707,876,1535,0
388,843,1088,1349,280,1124,728,1358,442,1301,1260,483,483,580,1292,732,755,1049,635,1572,804,745,0,0,0
1317,1357,519,171,1307,425,974,1272,1565,1232,1505,395,847,1562,959,446,752,1628,1051,1520,0,0,0,0,0
1087,100,1159,622,994,134,131,134,492,1461,1515,499,1341,731,604,764,13,932,75,0,0,0,0,0,0
1400,800,1171,785,857,960,494,1460,1374,827,994,1147,834,627,869,796,1629,689,360,1152,1037,1080,1343,733,0
427,1035,1256,760,1332,995,1242,1315,807,620,1075,194,1385,858,1031,871,1200,145,520,1224,0,0,0,0,0
476,1032,299,662,86,955,283,675,953,1546,1027,1280,133,1618,919,1295,659,1098,1284,660,166,605,0,0,0
746,1125,415,1521,623,278,253,12,900,1202,1303,708,723,561,1347,512,692,795,645,403,0,0,0,0,0
1108,255,316,508,771,1183,798,172,1371,683,878,847,1403,783,1608,55,570,916,1626,82,670,1096,658,0,0
606,162,1149,340,210,1036,184,372,91,1427,1388,136,624,327,738,371,1093,1512,249,509,714,1275,792,0,0
861,1262,1605,447,5,1017,490,33,1112,109,702,108,1472,1382,846,1330,1468,1219,1530,1061,405,0,0,0,0
1557,1092,1427,929,1292,346,488,386,576,972,143,834,1472,496,1587,766,446,778,348,869,1317,1633,1096,1427,0
955,1061,1111,1370,1403,847,175,1184,1371,601,932,1341,697,119,439,1319,559,846,1385,172,602,0,0,0,0
358,501,974,1422,133,793,1328,1395,821,1006,304,1369,1221,1618,1456,1200,1049,599,1355,976,654,1420,1124,0,0
1144,1144,988,383,1104,1139,1256,1199,752,100,980,313,378,604,145,1250,1496,485,666,1295,316,520,0,0,0
46,466,1581,684,661,1327,1486,807,878,1093,496,199,989,371,164,283,1384,1071,761,900,39,1423,0,0,0
410,901,308,142,211,553,569,1545,873,1143,1351,792,585,109,1527,168,1113,858,1013,179,392,38,1245,0,0
543,893,63,885,1572,1171,776,833,755,645,912,1357,610,1057,1440,1374,733,734,267,53,490,0,0,0,0
1611,340,1593,476,1148,731,373,1173,1580,1581,849,1411,1488,1125,801,171,1112,108,848,919,839,593,0,0,0
325,1349,1408,1407,987,483,292,1132,999,760,1095,64,5,658,1608,1242,223,1037,125,1544,230,183,1416,0,0
1522,1307,307,280,1635,682,1592,530,796,1002,1501,598,261,113,1468,1532,295,408,1524,254,248,425,0,0,0
623,1521,1329,573,388,413,1260,-1,1087,1358,706,1636,641,1503,795,1275,84,338,1197,1108,1238,861,0,0,0
177,397,512,1520,35,696,852,1331,1086,567,662,1272,1436,278,343,908,843,541,1578,258,1246,0,0,0,0
1088,667,1027,497,1016,240,1347,1147,1333,194,226,1629,794,1609,1293,139,940,68,614,622,1512,1076,1493,0,0
1530,431,1159,435,876,561,1119,484,6,131,592,1149,565,738,997,635,67,1021,395,699,166,315,1332,715,0
1060,427,1080,390,137,769,1312,953,618,639,1426,203,883,1284,389,800,1515,1011,959,1505,659,872,0,0,0
29,628,804,1280,1022,1229,1382,790,746,1280,417,809,783,702,575,384,508,136,1089,1526,737,299,1478,255,508
1192,323,1035,1368,1606,1405,1374,1019,61,627,1203,1301,1232,1294,24,1317,210,814,937,785,134,0,0,0,0
1031,763,1065,1209,692,188,1000,683,1625,642,1626,1155,1535,900,1202,1345,580,1620,127,1414,429,726,198,1152,0
994,724,827,798,895,1009,866,1536,159,1024,1261,1326,870,754,1392,745,874,1140,336,1044,1511,1227,66,265,0
606,1017,1415,200,83,1562,442,495,187,1047,339,660,718,12,13,879,713,437,960,1070,249,995,0,0,0
1194,184,916,509,590,1075,578,996,353,633,88,728,492,494,782,719,1508,1176,1079,499,1219,405,88,633,0
1271,1251,169,1158,600,407,579,447,1051,1448,94,840,162,764,1123,33,441,1048,637,0,0,0,0,0,0
1098,10,605,82,253,1036,86,104,947,1183,624,1356,1631,1519,400,707,1303,963,1170,829,1373,820,328,0,0
360,1622,216,467,1032,1243,691,1066,1438,570,1172,670,1461,415,55,91,708,812,235,1299,675,591,1343,1282,0
1544,1282,1246,66,754,346,325,1048,692,378,795,874,987,400,1159,1580,746,1293,1262,476,484,1505,955,1125,0
1229,1047,1199,508,567,1405,731,708,1414,1011,1292,1036,210,1123,785,1171,1031,1456,1197,1415,1501,1258,0,0,0
1411,715,1203,127,175,1275,1021,980,33,372,261,1243,697,994,1301,849,441,125,1512,0,0,0,0,0,0
235,323,431,143,1017,1609,171,624,977,1374,483,861,1209,109,267,94,675,916,55,0,0,0,0,0,0
492,1347,591,796,340,1284,512,10,699,1119,179,392,119,570,136,216,604,782,1280,373,29,512,0,0,0
707,343,166,188,137,1349,75,1065,734,857,368,888,872,113,1224,1521,783,1626,1294,490,871,496,338,0,0
900,1202,157,839,488,1468,1085,840,963,546,1024,642,812,1593,1503,645,769,752,724,1332,1329,1522,0,0,0
341,878,575,1086,425,1051,1317,1096,1562,658,807,1572,641,501,307,413,159,706,989,766,0,0,0,0,0
628,922,660,1144,327,598,1173,1546,316,1089,995,764,793,1422,258,702,1287,68,1636,0,0,0,0,0,0
328,1345,940,691,177,1140,1260,1108,172,211,384,919,240,1488,5,847,401,579,1384,1545,0,0,0,0,0
1088,388,429,1238,1124,869,39,1423,134,427,590,601,633,1493,1392,1019,226,1536,1095,1158,313,1493,1530,0,0
278,169,1251,1215,801,415,1461,728,846,162,606,223,446,67,496,383,447,745,1611,1407,622,1194,0,0,0
1535,439,295,1368,194,1000,91,1333,1170,1049,1032,620,809,520,1438,1087,88,1016,1532,1057,1006,0,0,0,0
932,585,561,732,637,559,1524,35,895,976,1621,1533,499,1035,1219,6,1373,972,733,1155,996,0,0,0,0
1408,353,1622,873,1557,858,1319,1478,1618,1486,829,610,1436,929,602,1080,442,553,738,1013,1075,1192,0,0,0
1565,1369,248,254,1183,755,814,104,1371,639,804,410,1403,662,723,1635,1581,339,1628,0,0,0,0,0,0
405,1519,1460,714,623,1343,408,187,667,1511,1113,1448,605,1605,827,960,935,61,848,0,0,0,0,0,0
64,1496,203,618,959,1420,908,1092,800,883,83,0,0,0,0,0,0,0,0,0,0,0,0,0,0
1098,255,726,145,1356,1631,999,1555,1307,792,133,947,1117,417,530,1330,1440,308,1093,1015,778,86,0,0,0
485,833,1370,1382,821,183,1061,407,1578,1076,1271,1357,937,249,283,1060,1303,198,82,1515,200,684,0,0,0
1272,265,670,386,1426,1250,358,761,885,1200,1143,852,1172,569,108,253,953,599,0,0,0,0,0,0,0
1152,1327,1245,578,184,974,437,348,580,1111,494,1315,870,843,1427,1149,1400,1629,1299,696,0,0,0,0,0
593,1009,1527,1184,760,1385,498,371,659,466,1148,1070,12,1037,1608,1139,1341,1472,912,403,131,1358,1112,1104,0
46,719,1221,635,997,982,435,395,1261,737,299,495,292,713,689,84,1587,315,0,0,0,0,0,0,0
431,593,1330,901,373,1633,732,407,1035,1385,230,1215,1060,1176,1382,1209,5,989,1395,346,1328,1299,871,573,0
591,249,88,1016,1307,1555,793,761,323,1405,1545,1194,737,1422,1011,1358,498,696,1200,0,0,0,0,0,0
660,441,1148,343,1536,1172,519,1373,1343,1535,1155,66,53,706,1527,383,1448,1108,1411,1622,0,0,0,0,0
982,1611,600,137,734,1438,1197,839,61,794,267,371,1562,1271,1505,166,1173,879,1095,254,258,0,0,0,0
223,1076,932,188,804,699,38,809,1260,821,623,1371,127,1202,0,0,0,0,0,0,0,0,0,0,0
795,1629,1565,1609,1002,1251,490,1349,488,610,1357,413,39,1089,1625,497,719,0,0,0,0,0,0,0,0
10,29,959,395,408,598,994,919,726,133,1456,876,602,169,0,0,0,0,0,0,0,0,0,0,0
576,576,292,728,1426,980,614,798,1256,499,1327,325,168,1027,667,143,389,1243,1526,1608,0,0,0,0,0
255,386,792,1301,1071,1242,1272,723,1581,1098,483,776,697,145,1275,763,496,0,0,0,0,0,0,0,0
84,83,198,338,216,1423,134,484,248,1294,546,1287,702,1024,1057,1315,494,1572,0,0,0,0,0,0,0
1461,662,119,592,1006,1087,584,1521,240,812,895,171,1229,1618,1246,1488,1403,955,1503,520,1356,63,0,0,0
1224,446,392,253,1036,86,883,833,1022,1260,1227,435,6,1238,1088,327,872,1407,601,752,0,0,0,0,0
1512,1199,1347,1319,94,1620,200,1333,605,714,575,1519,1245,580,1262,713,755,622,718,764,1261,0,0,0,0
953,541,1293,637,840,790,1345,353,177,567,1626,604,199,814,782,834,604,994,131,543,1044,0,0,0,0
1221,1303,885,940,974,1427,645,1019,972,1184,1493,675,1355,1329,109,1147,1015,1408,0,0,0,0,0,0,0
265,1369,922,1496,360,299,1117,384,731,1522,846,654,280,194,1119,1546,559,1021,1079,796,1140,0,0,0,0
1388,1501,1436,1587,682,1080,1152,1192,1203,495,358,142,1611,1331,0,0,0,0,0,0,0,0,0,0,0
1125,1149,313,1183,307,800,179,184,893,400,849,33,977,304,1112,1312,1093,1250,691,0,0,0,0,0,0
12,997,843,175,1124,417,24,1280,1061,494,1628,683,590,211,1400,1284,68,1317,847,1232,0,0,0,0,0
1031,1070,807,348,869,530,852,415,771,328,639,341,754,874,0,0,0,0,0,0,0,0,0,0,0
1219,1420,1139,1086,388,46,766,405,1123,1139,912,628,1159,684,783,499,410,283,0,0,0,0,0,0,0
425,976,162,606,1332,848,745,447,164,172,0,0,0,0,0,0,0,0,0,0,0,0,0,0,0
578,620,235,1635,1113,760,960,1384,1533,635,442,1013,1460,372,187,100,1557,1532,641,561,1508,585,0,0,0
1170,1258,1374,1032,929,565,553,1416,492,1143,861,724,1075,0,0,0,0,0,0,0,0,0,0,0,0
873,955,194,997,895,1625,1275,1155,972,143,133,1511,878,1148,1303,1009,763,707,659,1440,1581,216,0,0,0
131,6,1626,1515,183,360,848,425,292,240,383,801,175,1326,793,410,1080,1173,113,1331,849,614,1317,0,0
1284,1095,1140,919,1048,1219,5,869,959,1628,108,109,857,728,1385,645,776,66,872,33,814,0,0,0,0
476,1262,874,1527,1123,666,708,1328,987,389,172,498,348,602,1395,346,261,994,1125,435,691,866,429,1545,0
839,1461,1044,764,1345,390,323,559,1608,1287,1293,1011,338,885,68,1478,1618,989,1562,304,746,75,0,0,0
1024,963,1238,1104,1411,660,39,1544,1209,1592,1172,343,829,1079,405,1112,785,1370,1113,871,820,0,0,0,0
441,1611,834,230,490,1088,579,901,1183,935,858,623,1299,327,1087,731,754,1139,1438,1243,1250,1496,1572,0,0
893,1327,83,1546,1382,1258,1111,809,24,1221,1358,846,641,1622,642,737,307,0,0,0,0,0,0,0,0
696,400,1002,1295,599,599,1049,667,561,373,706,1593,1451,1456,1415,431,1416,483,578,386,1176,368,1098,0,0
484,467,1086,1260,340,883,139,508,1587,199,200,1555,129,1524,1035,187,159,336,795,719,0,0,0,0,0
783,724,598,1144,840,843,682,496,1092,541,1405,1373,0,0,0,0,0,0,0,0,0,0,0,0,0
1505,1505,395,1347,683,295,210,1032,328,1070,142,573,1408,94,546,1246,313,1436,732,929,0,0,0,0,0
188,692,499,283,82,1508,255,932,519,1006,325,226,766,61,940,606,164,392,585,661,1520,982,804,0,0
794,1472,977,1633,372,1294,916,203,1199,119,179,575,1192,633,900,1629,1159,1349,53,46,0,0,0,0,0
223,807,1147,1621,1215,1171,960,976,654,67,437,637,1423,1307,38,590,723,1027,593,384,211,996,0,0,0
494,280,413,1119,1486,699,315,1606,488,738,509,745,137,29,168,371,1197,1075,1200,852,543,0,0,0,0
1392,177,624,171,1356,1332,485,1047,937,1503,752,760,565,1280,1519,1605,1414,798,0,0,0,0,0,0,0
145,980,697,162,1017,570,628,1388,427,1533,1066,401,1501,1578,1521,1312,501,1301,1000,1384,1271,1580,0,0,0
1609,497,442,658,1422,1420,1057,1021,1096,995,1242,447,662,1522,1149,1565,0,0,0,0,0,0,0,0,0
267,1631,127,1085,1051,1557,600,714,64,299,407,604,800,1031,1019,0,0,0,0,0,0,0,0,0,0
790,249,620,1341,761,308,169,104,253,1036,1488,1315,1256,847,591,1037,702,796,1203,530,689,888,0,0,0
100,953,726,1224,1232,713,1229,1065,879,1013,35,974,1448,341,635,670,733,91,265,1468,870,0,0,0,0
397,88,1016,639,1329,718,1333,778,569,437,134,136,520,1635,1076,166,1532,782,492,415,1319,792,0,0,0
1460,584,157,684,1093,715,316,495,1108,1355,605,627,618,254,1022,876,13,1407,1227,1194,63,0,0,0,0
714,1047,778,1388,1472,600,1328,442,299,410,888,84,908,849,1158,795,248,871,1527,1565,0,0,0,0,0
1088,1555,1104,439,64,809,145,172,840,1092,133,1197,1382,912,1000,901,413,605,1515,1347,1065,0,0,0,0
5,346,959,565,745,307,620,559,341,1301,1524,1013,104,407,1562,371,292,846,994,726,86,0,0,0,0
1049,599,1096,713,429,1580,1331,1229,253,1036,304,724,861,200,1295,878,553,575,1051,1349,1374,283,1037,0,0
873,1545,137,1625,1526,483,580,495,893,667,1411,1451,1593,576,1147,109,446,800,763,388,585,0,0,0,0
1609,159,1002,1546,782,567,734,400,1159,541,1060,136,661,348,783,1184,869,827,1508,812,1515,0,0,0,0
1209,1522,1332,66,1086,1635,706,392,1327,766,188,499,179,6,1618,175,618,895,0,0,0,0,0,0,0
1478,343,821,435,168,1048,1009,699,1022,1021,226,1262,1044,183,1326,1250,1532,368,870,1408,662,0,0,0,0
83,1173,390,496,976,929,771,935,1011,127,623,1557,922,1076,1219,1132,820,1027,578,125,142,1438,0,0,0
55,1282,715,1155,401,1535,1587,1292,67,858,187,383,1079,1192,1075,1125,415,953,995,872,654,1521,0,0,0
1351,940,1608,852,162,1299,255,408,1275,1143,1440,405,1519,143,866,1374,737,353,194,769,0,0,0,0,0
1203,670,624,977,1139,754,1057,360,543,258,211,798,1245,1636,731,801,1422,642,63,12,692,1170,0,0,0
119,1224,169,1385,1035,689,637,139,1626,683,874,1416,1633,88,1016,1468,972,1061,0,0,0,0,0,0,0
601,843,1405,1148,1544,989,738,171,793,1243,1423,134,785,1488,847,1403,1426,35,1032,1031,1024,0,0,0,0
707,1512,166,1330,1303,659,1496,790,1370,308,386,628,100,223,198,561,82,1606,883,0,0,0,0,0,0
592,261,113,814,427,764,1123,340,761,1415,1341,796,602,994,1124,1246,974,501,1414,916,0,0,0,0,0
733,323,280,900,492,749,1503,447,91,794,1293,378,1461,278,848,960,53,1280,490,570,1493,211,0,0,0
1319,1384,1345,1373,1369,497,316,1371,24,38,1272,1015,313,1436,980,1183,437,633,955,417,1392,476,0,0,0
1355,1093,327,1287,1312,315,1202,358,1284,1448,988,932,579,697,485,691,1111,494,1357,1260,1227,0,0,0,0
1395,1232,1400,807,752,982,1368,1200,1501,230,639,1087,325,1486,184,249,610,177,569,1533,696,1329,0,0,0
512,1315,1256,645,546,240,1520,1098,68,1199,876,1581,1238,1631,1261,61,530,509,508,723,265,0,0,0,0
10,1427,254,1112,1294,431,728,1358,1343,591,94,267,403,1407,1006,1149,857,622,834,1333,635,1251,0,0,0
1221,484,520,590,1578,1080,792,1113,1119,829,1144,776,833,598,1172,235,1629,1536,466,0,0,0,0,0,0
675,1460,1152,210,804,1140,336,1620,1420,395,719,498,755,39,13,1070,488,1611,384,593,682,1621,708,0,0
1060,737,963,546,1172,299,1243,809,1411,1158,125,1037,812,804,405,400,403,994,261,843,900,0,0,0,0
1628,543,1368,240,1111,1315,821,1250,1460,794,119,639,498,1251,338,360,661,752,1633,1260,995,0,0,0,0
248,127,258,1415,764,733,353,492,1608,728,592,602,1319,1631,895,1238,1022,1436,1280,175,1271,476,0,0,0
1512,499,485,776,561,559,1620,953,1440,171,1209,1065,724,1092,1521,600,1382,1284,714,0,0,0,0,0,0
731,413,987,339,184,392,782,575,1478,1080,1578,46,1108,1343,1515,388,696,1626,1347,590,585,0,0,0,0
846,162,1024,35,1388,1144,336,1229,754,645,249,88,29,68,1098,371,1519,874,628,203,1089,718,0,0,0
39,55,667,666,1215,1079,833,1123,1221,848,840,1329,1527,1373,325,1049,599,1044,827,593,0,0,0,0,0
1557,1427,495,893,974,1112,1407,1408,1493,713,1021,785,1451,1356,113,689,199,633,496,0,0,0,0,0,0
1070,501,1395,1011,1184,1426,198,1232,336,929,12,168,75,1468,801,1192,1171,662,999,1015,0,0,0,0,0
723,467,435,584,1532,1370,283,10,1414,1027,1119,223,605,885,1096,67,1224,977,940,0,0,0,0,0,0
1006,820,1057,989,401,1456,200,343,1374,1124,134,660,1140,1176,6,164,1593,235,912,580,183,553,1197,0,0
384,194,745,226,1194,578,447,1611,53,427,1621,901,618,980,1341,373,187,415,1125,807,1587,988,1326,1400,0
866,1351,1009,292,800,1148,622,340,64,261,883,1087,1486,1332,139,614,108,1580,852,0,0,0,0,0,0
1438,641,1622,1152,997,484,1013,341,1369,719,395,654,755,1349,1505,708,323,706,1330,0,0,0,0,0,0
267,1385,1200,569,1416,796,1503,216,760,86,1501,378,61,738,1086,1035,109,304,1095,508,169,1503,1520,0,0
188,295,908,466,1295,1625,955,509,145,490,732,1104,100,637,1609,829,1374,66,1199,1048,601,519,726,0,0
1565,1423,313,157,1293,446,346,1282,348,1384,1357,1303,328,280,307,769,699,598,137,922,0,0,0,0,0
1526,624,442,136,996,437,960,1522,1019,1245,91,1203,1036,858,1113,0,0,0,0,0,0,0,0,0,0
82,702,512,879,210,792,429,1139,1031,1307,265,1405,1545,761,1533,766,104,642,425,389,0,0,0,0,0
620,1546,1076,1345,790,441,390,1061,358,778,715,177,166,407,1149,849,937,1555,878,0,0,0,0,0,0
783,684,565,567,142,255,658,570,1461,1275,692,253,1032,24,1508,1261,211,530,1635,1016,410,876,0,0,0
13,1328,483,1292,1422,749,1272,610,1331,1536,1562,372,1581,497,1448,520,1328,697,1496,1051,94,0,0,0,0
1605,670,494,1262,728,606,1017,682,1227,315,397,763,683,1524,383,84,278,1544,417,1294,0,0,0,0,0
857,327,1287,159,1047,659,172,707,1629,869,1088,1301,834,33,1312,1170,839,947,0,0,0,0,0,0,0
1456,38,520,916,1199,1555,691,785,1215,1468,874,1329,187,1451,1031,622,804,840,989,371,1622,0,0,0,0
1060,1048,1209,403,88,429,754,715,164,580,104,994,446,1636,707,660,254,866,384,1016,168,0,0,0,0
1140,795,177,397,995,315,100,1258,136,1315,308,338,1478,255,1282,798,0,0,0,0,0,0,0,0,0
134,1423,307,733,400,745,1087,645,912,849,771,782,937,1093,719,1620,1125,1015,627,248,64,0,0,0,0
467,86,1147,1096,200,1197,1170,996,55,1608,1192,1626,683,1416,1572,846,1422,878,734,441,0,0,0,0,0
1544,388,1295,327,175,857,179,427,947,1271,1144,724,846,1581,519,159,997,386,959,604,1246,1536,1411,408,0
684,1238,67,982,437,490,1405,265,1440,216,1143,1392,714,0,0,0,0,0,0,0,0,0,0,0,0
843,46,871,91,659,476,340,662,1224,723,1027,1284,267,94,407,1522,1327,1358,659,484,184,1002,1331,210,0
258,497,718,1593,1070,1505,872,870,1061,794,901,1251,576,447,417,760,879,429,1104,188,166,1307,1587,0,0
593,1194,796,1511,483,675,119,325,1066,1395,346,1086,313,1357,1152,876,546,731,590,689,82,847,1403,0,0
198,501,68,573,749,1123,746,1158,1085,1629,578,39,764,492,1533,1496,292,53,601,0,0,0,0,0,0
261,883,1088,372,661,1293,752,172,776,1035,1037,1326,1341,974,1420,1262,1221,336,1369,0,0,0,0,0,0
1438,1578,1371,1011,211,403,66,1000,203,1609,755,113,885,940,530,820,1461,1351,415,682,1032,0,0,0,0
1345,328,873,1092,1557,425,35,1071,1472,1022,1436,929,1229,249,834,1332,1349,1427,1111,0,0,0,0,0,0
1635,761,1159,618,410,1013,1173,908,83,1521,839,599,1089,316,133,392,343,358,413,565,888,1113,0,0,0
1232,1347,895,373,1501,732,466,1631,623,435,1606,1057,109,1044,666,1592,1200,431,900,1488,1512,1219,0,0,0
162,1524,988,1017,790,1328,610,980,654,1275,1545,12,1303,61,29,602,1184,127,606,1408,223,0,0,0,0
1019,1024,1373,1515,1448,360,699,339,953,1486,1051,368,401,1426,1260,304,1527,1388,570,1382,348,108,1280,0,0
226,639,1611,827,1355,1256,769,792,1117,1183,1250,708,1299,692,512,1065,0,0,0,0,0,0,0,0,0
800,696,1261,134,575,812,1009,1095,960,1079,1319,585,496,1076,499,922,1301,1294,1227,157,0,0,0,0,0
299,635,1368,1385,1562,194,553,1628,605,600,1061,778,509,508,713,253,1036,1565,24,0,0,0,0,0,0
726,559,145,893,614,637,1292,935,33,620,1546,1075,598,1503,323,543,1155,814,1580,1384,0,0,0,0,0
1149,579,697,1203,183,833,1312,442,541,932,1618,963,919,10,1243,125,1098,702,999,395,628,0,0,0,0
84,592,1021,977,624,1047,763,498,341,169,199,1049,737,295,171,972,1532,1460,283,1400,793,987,75,1374,0
602,1071,67,814,995,199,1451,1192,162,292,1345,1202,900,1478,1066,870,1351,323,724,1505,749,0,0,0,0
1436,1260,1331,1183,771,1357,488,346,670,1606,1440,403,1275,100,1015,1629,143,316,1493,226,796,573,1407,1629,0
1021,980,610,1139,429,1392,1159,235,1287,495,702,783,1037,827,64,1565,988,697,1512,1468,86,0,0,0,0
125,1049,599,624,1395,937,390,675,618,1271,1148,760,1503,1229,88,1349,198,1152,1448,1519,0,0,0,0,0
340,397,869,807,953,1488,840,1085,879,682,1143,145,872,754,338,691,852,1200,1438,1508,763,1343,0,0,0
800,579,295,1384,119,553,1521,960,1284,498,1076,139,559,578,658,994,131,839,1132,0,0,0,0,0,0
987,804,240,1536,392,415,108,912,501,576,812,373,113,33,1546,922,499,1251,707,0,0,0,0,0,0
395,68,308,484,659,738,223,585,378,496,1592,1256,1144,1272,1581,1032,253,929,1104,0,0,0,0,0,0
61,1095,940,1246,216,341,976,425,1280,1117,1087,1326,492,1572,348,91,283,1075,1089,940,0,0,0,0,0
405,211,666,570,265,955,726,661,977,715,1626,136,1587,1011,604,1370,858,441,389,388,731,843,530,136,0
1317,1242,1292,732,849,947,1415,371,561,435,1347,888,1328,793,699,593,1047,0,0,0,0,0,0,0,0
1295,497,159,635,1051,1368,137,166,512,408,1044,249,778,591,569,565,1403,1203,169,0,0,0,0,0,0
794,1620,746,1215,509,916,313,1341,447,1356,1628,764,1123,1243,883,776,325,1408,0,0,0,0,0,0,0
1112,1312,1016,5,592,1293,1022,490,467,1219,1027,1371,662,179,714,1374,846,1385,628,29,792,829,194,0,0
255,1636,1422,407,64,847,989,1557,53,1299,745,1000,353,183,1388,1472,1520,1232,1332,1522,315,0,0,0,0
1611,639,866,427,706,1307,785,1171,752,66,1147,164,1501,654,278,442,1524,1319,1423,0,0,0,0,0,0
188,1140,1172,600,413,1544,46,466,1329,1580,109,982,821,1411,1633,723,383,1605,0,0,0,0,0,0,0
1031,248,697,782,1080,1209,692,1199,1065,1024,63,157,1609,368,401,734,307,280,1122,737,1635,0,0,0,0
1006,384,972,203,1515,168,637,1545,94,267,1608,1079,1621,127,1533,895,719,620,1096,1427,336,901,0,0,0
1227,1224,210,1086,343,1197,601,1426,386,142,660,184,336,1048,1373,104,1173,1013,1098,10,172,1061,0,0,0
519,733,1374,1258,304,82,801,606,963,1562,1456,200,1382,1527,1631,184,24,0,0,0,0,0,0,0,0
1092,299,997,1327,1035,1060,508,1461,476,1420,134,372,1400,871,1369,1221,1578,0,0,0,0,0,0,0,0
431,1530,633,1315,1111,1125,417,876,1294,543,584,713,1593,1618,1088,254,645,1414,919,1019,328,820,0,0,0
795,1194,1262,580,861,1486,1108,834,708,84,83,1093,541,1261,1511,0,0,0,0,0,0,0,0,0,0
963,660,1060,373,976,172,1085,168,1451,628,336,29,447,1024,1496,1530,211,1438,697,559,0,0,0,0,0
378,795,1629,162,1250,610,960,1002,184,869,295,1245,670,1392,177,1416,645,1355,1369,658,519,1423,1319,1427,0
1203,1527,699,145,1086,1472,136,654,1183,935,929,846,494,600,441,707,188,769,499,953,171,696,0,0,0
283,573,1037,1557,794,1411,1232,1224,1087,1219,1147,1065,737,567,24,38,403,708,417,94,1535,1625,691,0,0
726,395,164,642,1626,1275,235,1545,1505,766,801,1440,46,1148,1113,425,814,1021,1022,732,0,0,0,0,0
113,230,821,203,1414,1345,6,996,575,912,1202,843,388,893,405,200,1415,371,1172,606,1017,1395,0,0,0
1533,546,602,386,476,959,340,315,995,1079,368,63,407,316,682,879,323,1478,389,400,602,0,0,0,0
876,637,501,1215,1341,1243,134,1501,1044,100,490,1098,1284,325,1031,771,0,0,0,0,0,0,0,0,0
733,1448,223,179,1171,947,857,858,1238,159,635,997,12,86,661,1262,561,1606,1508,1092,308,0,0,0,0
485,752,553,1524,437,1143,543,724,1144,1139,641,1592,488,793,746,343,1019,761,1140,0,0,0,0,0,0
1048,1051,484,994,1009,1123,580,1628,431,290,1227,778,623,33,980,1200,852,585,0,0,0,0,0,0,0
496,199,254,1631,427,900,541,1621,0,0,0,0,0,0,0,0,0,0,0,0,0,0,0,0,0
1299,346,792,157,1358,1609,878,1587,760,392,1522,1089,870,1293,125,702,0,0,0,0,0,0,0,0,0
605,584,248,442,620,1111,916,509,809,745,397,67,1317,1605,1356,0,0,0,0,0,0,0,0,0,0
1170,358,1292,755,139,1636,1503,1546,922,68,1027,1192,1374,1066,0,0,0,0,0,0,0,0,0,0,0
601,749,348,1221,1251,498,1295,659,1468,728,987,764,1373,353,0,0,0,0,0,0,0,0,0,0,0
972,137,179,683,194,785,666,874,1512,1280,1347,692,512,1260,1511,1294,872,977,1357,847,175,137,0,0,0
530,1555,495,1307,1246,829,1104,798,1422,1351,108,492,570,83,1426,590,614,327,1333,267,1328,1405,39,0,0
1152,592,1326,1572,1184,1011,1173,341,497,569,1611,1194,731,1532,989,1197,706,901,1119,280,413,1382,0,0,0
1013,834,216,812,827,1536,1593,435,800,1581,734,401,299,675,662,579,1088,871,483,1000,338,0,0,0,0
169,408,1384,1635,1486,714,1329,576,1332,304,429,466,1229,1047,1493,783,719,1578,1159,0,0,0,0,0,0
1349,53,624,599,718,633,339,84,1080,255,1562,1460,226,1620,1199,0,0,0,0,0,0,0,0,0,0
955,807,804,133,1343,1155,1521,313,1400,723,5,520,261,1580,994,1272,1618,627,0,0,0,0,0,0,0
1125,1331,565,1403,1371,143,883,1261,1015,91,278,684,410,796,1312,1070,508,198,0,0,0,0,0,0,0
731,1194,610,1345,1408,353,1202,801,1512,575,1032,179,749,723,240,738,304,579,171,1515,383,0,0,0,0
1488,1143,1173,565,1250,265,55,346,670,809,960,495,1246,248,188,1159,1392,1629,168,1329,137,0,0,0,0
1368,446,628,1317,1535,1330,795,1021,1200,852,341,1158,541,83,338,1388,1002,1357,1171,755,570,569,1152,0,0
1440,1371,959,849,1331,1036,405,348,1536,578,108,199,1355,869,378,1112,308,667,413,388,0,0,0,0,0
483,580,827,498,1108,295,1282,339,1456,1197,800,1546,1104,1096,1144,658,719,386,485,895,737,561,1520,745,0
492,400,172,1395,1423,134,223,210,559,876,988,642,1011,175,29,1527,1251,1071,131,442,814,261,769,0,0
1006,573,641,1149,689,1420,100,336,1262,1486,66,203,785,1087,1326,947,1301,1625,1089,441,371,200,620,0,0
94,267,5,6,1312,929,1508,1199,67,1098,732,1407,1209,718,484,476,0,0,0,0,0,0,0,0,0
1219,1076,605,497,316,675,397,1242,861,278,136,792,1460,778,84,908,183,466,1303,88,724,1438,715,0,0
1496,1024,697,590,1468,916,848,159,618,162,1049,1132,974,425,754,1183,1232,1373,1070,1307,1555,39,0,0,0
1287,139,1636,327,1215,1405,666,1044,1341,857,1385,1035,1065,249,1015,746,1503,699,307,530,372,706,1272,1411,0
1606,782,794,1293,1080,1066,870,776,645,912,1245,1347,761,1618,1532,280,1358,1139,1609,53,125,1295,760,211,0
900,325,660,113,437,1047,177,1620,980,313,833,1016,64,407,328,1124,415,1125,584,820,283,10,0,0,0
728,315,592,157,360,1057,13,254,1260,1275,86,989,63,194,879,953,1522,1172,662,1009,972,164,0,0,0
1088,798,1422,604,1113,1370,692,858,994,783,1521,684,871,494,1299,1327,726,145,104,996,1572,987,0,0,0
1280,1511,109,427,1203,1611,323,1451,1343,1382,888,447,1578,622,1426,714,771,935,639,127,1184,1414,235,995,0
977,623,919,75,1557,82,1238,659,1037,299,1256,1448,1119,901,637,840,999,499,1221,1147,512,0,0,0,0
226,1565,1369,893,1544,1478,793,708,1593,1605,1000,1526,1258,601,1079,1369,1111,1315,0,0,0,0,0,0,0
520,187,1351,35,654,1472,1022,713,624,682,997,501,1031,1427,1608,1374,431,488,519,1635,1524,0,0,0,0
763,230,1436,1415,1562,1384,119,33,340,1227,1224,429,46,368,1051,843,1592,553,829,546,1086,467,1533,0,0
395,133,661,883,373,922,435,143,1292,509,508,1294,38,683,1587,1017,821,410,439,766,627,873,68,0,0
1192,1631,1356,790,1319,384,292,846,752,1075,91,585,401,834,142,734,963,169,598,403,955,1505,0,0,0
707,1229,940,885,847,1403,1626,764,593,812,1048,1261,1333,1095,61,1622,602,614,1243,0,0,0,0,0,0
1013,417,392,1140,24,1060,1328,1545,796,1284,600,591,702,982,599,937,358,1621,543,567,216,1580,1633,253,0
240,371,425,1199,340,1096,614,1125,108,88,793,1149,325,1173,328,1400,86,466,908,1032,929,338,0,0,0
1172,696,386,798,1496,1098,1284,1294,1027,1143,226,1578,441,1546,1087,645,10,794,901,559,0,0,0,0,0
143,660,133,265,745,1407,410,1246,253,1036,1426,1011,1256,760,821,1635,248,1438,1197,1625,484,91,1261,0,0
579,519,872,1448,1609,987,593,1486,1332,1535,591,127,1611,1123,1519,492,1280,922,0,0,0,0,0,0,0
159,997,1015,858,125,483,1287,708,846,982,1192,633,1545,1405,718,383,955,1388,1521,341,713,639,483,0,0
94,267,172,1119,1532,1371,972,635,360,670,871,1229,935,1633,1238,67,1581,963,977,1016,390,1456,1327,0,0
1057,415,1468,485,895,1232,1140,1194,1171,1414,368,1184,1251,307,413,235,323,746,1035,592,0,0,0,0,0
1392,1275,254,1608,1358,1170,691,1512,1158,499,932,1349,989,1472,373,814,35,1307,84,1533,999,0,0,0,0
766,439,1618,919,501,785,134,1636,53,940,659,1416,874,1440,223,980,1086,249,407,1242,706,292,1250,0,0
388,46,749,1124,1626,520,417,849,1411,1436,113,1520,1183,771,565,100,82,183,1415,184,1000,435,783,0,0
1605,1009,131,280,447,61,561,1587,584,1368,796,795,403,211,1451,509,1227,512,683,68,0,0,0,0,0
641,807,994,494,1315,662,707,578,496,139,1503,776,1066,177,1159,1002,0,0,0,0,0,0,0,0,0
637,1331,1139,754,573,1478,1112,1351,13,384,1303,1493,1580,1108,553,39,715,145,1060,628,0,0,0,0,0
348,1111,755,1152,1522,782,230,442,1117,734,1382,1621,1505,692,870,1271,1420,1565,912,137,667,0,0,0,0
719,1221,792,809,446,1460,714,1333,834,1092,1301,1557,164,1262,248,827,339,198,1080,395,1104,0,0,0,0
627,488,610,1051,1345,852,1524,1343,258,848,627,778,372,33,866,869,378,728,392,1511,0,0,0,0,0
623,888,210,1224,313,618,498,1292,732,1385,1422,1328,1044,682,1622,737,64,1295,508,66,1395,996,916,0,0
857,1113,1384,1536,194,675,63,295,199,937,624,883,833,1021,169,278,1019,1202,12,1629,0,0,0,0,0
804,400,738,976,876,829,752,1403,1555,1215,1427,168,283,800,723,1272,200,1461,1544,1317,847,175,959,0,0
1088,1562,142,1282,947,1079,1017,1047,900,55,1530,1312,179,1592,1329,315,490,0,0,0,0,0,0,0,0
585,495,893,157,599,401,1243,1037,336,1369,83,543,1326,1408,843,622,689,1031,1508,0,0,0,0,0,0
974,684,878,661,697,724,1144,604,1572,1260,840,699,1527,879,308,960,953,1319,136,467,1373,820,0,0,0
598,299,1013,429,839,104,162,606,216,1347,1093,861,6,1065,0,0,0,0,0,0,0,0,0,0,0
731,304,109,801,1024,988,1095,790,437,601,255,187,569,570,497,1085,0,0,0,0,0,0,0,0,0
783,172,771,935,1229,429,732,713,1224,1021,1565,35,1152,1493,1407,869,719,1369,94,425,639,0,0,0,0
1194,1159,372,870,1066,401,760,1123,1438,570,1388,995,1332,697,1496,1456,1382,1238,447,1075,706,368,328,1330,0
403,590,24,1261,108,820,530,1006,325,400,731,541,1229,1036,959,397,1357,1047,1520,1246,604,267,0,0,0
1048,1015,1044,1440,390,346,1395,1625,134,1085,1284,509,559,567,997,159,670,798,498,435,1111,0,0,0,0
858,661,1227,33,113,733,888,1037,166,75,254,1508,1532,960,1019,593,1275,994,796,512,0,0,0,0,0
188,763,675,1143,427,1203,1061,353,1546,874,226,1503,738,1295,1293,1117,143,1250,494,592,1171,0,0,0,0
1140,177,795,431,804,492,591,1343,223,1333,1148,1096,1139,1022,1079,895,1403,1636,0,0,0,0,0,0,0
1088,1349,1555,164,1035,1057,1172,157,1633,976,1501,754,1580,373,1200,484,292,407,1329,1486,579,1384,573,0,0
912,64,249,194,1013,963,752,1374,1093,876,1385,1622,1486,1524,142,1024,1095,1411,378,623,1606,0,0,0,0
745,1092,620,878,575,61,485,1608,127,216,1112,1415,794,1370,68,561,10,1170,834,635,812,728,1317,0,0
726,437,1011,1319,483,1414,1448,1530,1515,410,248,1232,908,1426,183,0,0,0,0,0,0,0,0,0,0
699,1299,1519,1416,764,871,184,1527,1089,1451,1488,728,446,696,497,496,1587,63,136,1315,600,1629,13,0,0
900,996,873,55,86,1242,203,785,336,738,901,807,800,1478,171,953,139,778,211,919,839,0,0,0,0
776,501,1436,230,576,84,1408,667,1294,442,1628,1423,1219,1243,1272,689,405,827,628,1420,392,1098,1536,253,0
782,660,1113,955,1572,1328,235,384,1400,1578,1192,82,388,605,413,1152,1631,1356,1032,1461,1505,1331,67,0,0
852,1545,707,323,38,610,654,980,790,265,1355,1215,857,1611,718,381,386,999,1262,1209,1147,801,940,1260,0
598,937,885,395,1221,46,749,1307,1460,308,642,683,109,662,1392,565,922,746,977,210,0,0,0,0,0
866,849,893,1327,1280,168,691,1009,1271,341,1341,1031,1124,1609,684,1071,1345,578,-1,1326,622,313,307,0,0
714,1620,843,83,718,584,299,1511,755,137,1149,338,441,1173,348,499,283,389,861,295,1592,715,0,0,0
91,1427,553,702,261,974,1000,682,327,988,495,792,66,658,645,508,490,1351,793,708,1282,0,0,0,0
199,641,1426,1144,1544,1183,601,633,1060,1301,1312,162,846,439,1002,1581,1287,278,929,100,1027,1620,0,0,0
766,737,1618,520,358,53,133,1533,88,1108,569,847,415,1087,916,666,1125,383,606,723,0,0,0,0,0
179,1605,200,829,659,131,1635,982,340,125,29,1535,692,304,627,39,467,0,0,0,0,0,0,0,0
1373,6,1017,1621,1468,1197,848,1368,280,761,1119,543,614,1562,1065,1158,814,1016,1292,5,879,488,1256,0,0
872,1037,267,413,1345,578,871,1341,1200,1036,1032,1086,827,1524,417,749,1331,1139,869,386,796,696,439,184,0
368,1329,1148,870,569,1522,543,1293,431,734,1519,1301,10,782,972,994,425,35,187,509,666,0,0,0,0
1535,738,706,442,265,1202,403,912,492,591,1184,793,94,639,682,1536,383,1022,1581,691,0,0,0,0,0
1312,1075,1117,179,800,1065,104,790,1158,258,637,1411,1203,-1,1271,1636,580,795,188,159,635,982,732,0,0
893,1092,614,929,211,839,579,1427,1611,1408,1533,718,974,415,1149,1009,861,1011,1229,1047,485,834,1066,0,0
199,384,590,142,55,599,109,692,895,618,1405,1328,1197,1426,1089,814,313,940,1071,726,0,0,0,0,0
1496,1295,1035,935,340,1521,1472,1578,248,1070,295,576,169,1006,1461,39,401,299,1622,1261,1347,216,963,1508,0
33,360,307,280,947,857,724,1227,203,977,134,1572,1027,68,64,1592,327,1488,1620,0,0,0,0,0,0
776,833,684,575,801,714,405,388,561,809,1609,223,883,166,441,254,879,755,1546,1031,210,1238,0,0,0
1124,754,584,1232,605,429,1346,1147,1299,1284,667,348,1400,1098,75,1155,763,702,82,283,922,494,858,0,0
395,719,88,343,1113,1468,46,843,960,495,1319,24,1119,1019,620,1605,1403,908,919,641,483,1085,484,1209,0
658,1608,807,988,168,955,1199,261,1633,1087,601,427,1388,501,1317,866,1526,1631,849,83,84,1629,496,737,0
1493,645,715,127,308,1048,371,1512,1152,198,235,226,435,821,953,1095,200,1415,13,476,1095,1219,0,0,0
847,1292,1093,336,1171,1243,812,1333,136,728,1358,987,840,519,1448,133,1256,143,1108,1385,240,1562,0,0,0
1172,1486,1625,530,707,1544,1260,660,1456,804,1060,1275,598,1565,1501,467,1557,1183,771,338,0,0,0,0,0
1370,888,407,1272,1369,1505,752,1580,661,1343,67,976,339,131,108,113,570,1407,0,0,0,0,0,0,0
761,766,1436,446,139,1414,1057,697,1096,1262,1170,125,194,1194,980,1356,61,323,760,604,447,916,0,0,0
12,328,437,593,662,408,623,1192,183,1423,592,1384,119,785,372,1511,86,278,410,341,358,466,397,0,0
499,6,162,157,792,1076,1000,1416,177,1140,29,553,520,900,745,1587,1618,1395,1159,1002,353,0,0,0,0
628,852,1357,315,1242,1451,145,683,1626,1628,1079,675,885,1013,1460,1250,392,1294,1351,1112,627,1438,512,249,0
1545,846,1176,689,1215,610,654,53,1349,1221,559,713,1287,1282,497,1061,1144,624,1173,1392,325,0,0,0,0
1532,1143,1440,5,1503,1635,1080,38,1111,1104,253,1280,820,565,633,989,606,1017,1497,764,304,488,0,0,0
746,1123,1125,1307,1555,171,1024,1303,733,1016,230,699,1527,1315,600,567,642,731,659,708,378,829,573,0,0
876,794,937,1015,1246,1420,1326,874,1088,1422,798,1044,100,1251,498,778,373,508,995,848,1374,723,1355,1368,0
658,683,1294,413,1024,240,295,718,187,883,1140,1333,713,660,413,1330,499,184,1002,989,755,726,133,684,0
763,670,1123,383,249,980,1331,1508,230,1284,1027,1371,1117,1011,959,682,857,1159,995,580,203,546,0,0,0
919,1209,879,1057,766,39,171,829,874,1327,796,1629,1373,1092,157,395,483,340,188,715,929,143,1388,1271,0
1172,1385,573,1061,24,590,407,248,278,1572,1132,10,861,1070,13,734,745,696,1608,1124,211,0,0,0,0
384,1422,388,142,600,1620,1303,1493,1295,623,1621,994,585,1260,315,1275,131,610,159,771,637,1250,1293,0,0
953,35,1625,1351,561,88,372,624,1192,194,267,94,1451,1593,265,1125,1370,1006,1065,731,801,1113,1501,0,0
900,1202,1533,1183,1628,1524,258,1460,1343,737,1488,847,64,496,1592,1369,1578,1194,1420,1536,1511,1086,0,0,0
707,659,1545,1503,1392,1215,313,1031,360,569,783,878,429,1022,1104,1307,1215,1032,210,1021,793,873,400,0,0
373,53,641,794,901,1562,1415,1427,1468,447,353,662,82,108,1227,937,1546,1047,666,827,1155,0,0,0,0
439,935,888,1349,1347,1147,1035,922,1496,1456,200,1526,1089,1243,415,91,1448,61,1095,38,338,308,0,0,0
1622,403,843,987,661,724,1144,1426,782,997,714,738,728,1358,1374,46,492,1368,1557,136,501,0,0,0,0
55,1262,809,1256,494,895,618,565,972,1357,323,304,339,1326,485,1478,870,134,691,1423,530,408,0,0,0
812,292,1184,1051,963,299,719,1341,1403,1400,484,947,723,1272,814,697,371,1197,467,1581,0,0,0,0,0
1111,598,1544,401,119,1176,593,848,261,6,336,1170,761,1075,543,1440,1148,1098,667,785,1093,0,0,0,0
346,431,578,807,769,584,1199,145,1636,1246,1200,852,1049,620,139,253,1036,33,113,1521,316,1332,1426,0,0
435,592,1037,1076,497,508,699,168,798,602,179,1611,639,792,1618,1143,417,599,512,0,0,0,0,0,0
427,1013,1414,1173,576,104,169,1080,75,442,1219,446,752,1139,1301,689,996,675,83,746,940,0,0,0,0
1605,1292,1238,1079,754,476,175,749,869,1535,1461,591,575,795,1088,254,127,441,872,1149,341,559,328,0,0
495,437,614,1633,1416,976,1317,1527,706,358,628,488,283,1512,553,988,1245,520,390,1112,466,0,0,0,0
776,100,1355,183,1395,29,605,280,425,1232,1522,109,1299,866,858,1203,86,1411,389,1251,0,0,0,0,0
172,1282,764,348,519,368,960,1019,509,1015,1520,1048,834,778,1000,1242,162,932,916,1382,1519,1374,1315,1626,0
1287,1319,601,790,974,1171,567,606,579,846,235,226,1405,912,403,392,1515,63,702,1580,622,1096,12,0,0
5,1119,307,405,343,1312,955,1505,708,1328,125,164,223,1555,1221,692,84,871,760,199,1436,0,0,0,0
198,1152,1631,1356,1565,386,840,1085,1016,1224,1229,1587,1345,820,570,1472,982,1407,1408,1009,1635,804,0,0,0
1436,230,1357,164,1149,1271,1580,1036,1032,1532,488,64,706,1468,1087,1280,691,1256,1486,66,872,1238,0,0,0
83,1111,702,157,871,175,1636,499,168,1329,485,776,467,1333,295,908,1148,1317,804,834,1592,807,55,0,0
339,1066,1327,134,341,576,338,127,1184,857,358,1347,734,715,972,1147,496,682,1587,1408,633,1572,614,0,0
916,1076,1546,1426,1411,713,1022,1400,1511,386,790,999,912,1199,1060,327,1581,1085,492,519,1448,1374,1312,0,0
733,1202,900,353,901,368,1292,642,755,1331,1024,760,960,86,171,159,833,1086,895,592,1526,622,520,1503,0
388,1282,1631,1006,530,708,139,1051,783,849,1545,248,6,1414,654,313,33,254,565,166,732,0,0,0,0
194,1544,670,1403,466,198,707,659,1035,392,1388,697,1013,442,792,1243,1171,1192,873,1415,0,0,0,0,0
1606,1578,1608,91,535,793,427,893,255,1155,235,323,579,1047,348,869,308,1635,0,0,0,0,0,0,0
752,1093,974,1260,580,1395,346,390,1451,994,200,484,1422,1536,429,1440,1098,1027,1284,63,839,1209,645,403,0
82,666,446,1319,1002,1515,145,684,1096,1625,1089,1621,1262,662,1294,38,265,187,718,1407,820,866,0,0,0
559,794,1527,1423,749,1065,1048,307,1200,852,498,210,929,785,1385,1258,746,778,569,39,935,541,328,1330,0
1016,724,796,1194,226,1232,336,253,397,798,216,628,1219,1197,1144,304,1456,1351,977,88,0,0,0,0,0
829,46,179,606,512,1416,1119,605,278,1384,211,1368,1611,699,723,1524,437,508,661,1009,1092,1557,620,0,0
1565,29,953,840,1251,827,383,570,878,1170,546,1628,1061,1299,573,795,1159,136,639,1108,1172,0,0,0,0
447,980,94,821,1460,1095,61,888,169,1341,610,1031,68,814,660,360,1512,0,0,0,0,0,0,0,0
1530,1345,400,1355,5,714,125,177,1521,395,109,955,133,509,600,0,0,0,0,0,0,0,0,0,0
435,932,371,292,35,847,1382,1370,1488,13,12,771,1183,1229,861,203,1533,372,439,696,483,1261,183,0,0
996,75,1224,623,1203,113,883,261,846,1307,879,627,1331,561,172,240,1070,1478,763,675,0,0,0,0,0
1071,602,575,1593,415,1609,1080,495,1301,1287,1227,431,1349,1427,1015,378,843,1356,67,593,1405,1328,0,0,0
590,1562,1140,1420,476,988,1246,782,1326,1057,24,766,876,408,995,1242,1343,692,1245,726,0,0,0,0,0
1124,490,223,637,635,997,407,737,1438,441,1044,1620,1295,1496,858,405,745,1104,1519,963,501,0,0,0,0
199,425,248,809,417,1332,1605,1461,1125,553,1075,585,697,1250,995,119,937,1088,1021,1139,0,0,0,0,0
1123,1520,1520,1079,1272,1303,1037,1017,162,870,401,413,280,989,1535,738,94,299,184,1508,1143,0,0,0,0
340,137,874,1112,598,410,959,1011,1049,599,719,1215,1629,761,1019,764,591,258,497,947,104,754,0,0,0
895,885,1372,1042,1546,1585,1184,934,1594,1230,1393,500,949,526,1563,1203,1243,316,789,295,43,1005,1509,0,0
56,637,1614,700,1334,1426,341,610,1626,1362,1469,859,440,81,685,659,553,1396,994,1046,941,1419,1418,0,0
392,782,997,285,1313,1536,760,987,510,1256,845,1437,836,1104,344,1483,618,160,929,1517,1083,372,1274,0,0
546,1618,772,1442,1297,837,1235,1078,247,738,559,1620,166,579,1609,1612,364,1484,174,843,601,189,415,0,0
1027,1315,737,737,626,1250,696,1423,1294,1248,417,1413,124,646,1267,1088,597,1359,942,1367,1186,0,0,0,0
1511,1227,397,808,866,159,1289,1048,645,759,1588,1407,1236,1006,570,1630,636,202,569,399,1567,572,0,0,0
501,1189,52,1113,1051,752,350,830,1309,277,1394,1404,256,906,1329,311,1044,22,1024,79,370,498,1084,1482,0
1260,977,995,1016,1503,239,21,418,680,405,427,1237,1566,1605,297,154,281,387,1194,1000,412,198,249,0,0
924,413,327,383,483,1350,1143,1331,754,490,1185,1635,248,639,1149,1461,1018,655,1455,400,1629,1109,715,1082,0
967,1163,607,556,153,804,912,434,1102,1283,386,1287,574,1324,1510,1162,214,1399,480,1144,725,761,1535,0,0
235,1328,1216,855,1302,593,699,1448,280,493,204,1080,1333,1270,879,173,953,1311,988,446,1093,169,0,0,0
88,1219,1015,1501,1036,687,1199,18,1101,322,832,135,1108,1238,870,1363,326,1280,304,1037,125,684,1436,0,0
547,584,215,1223,171,496,216,11,1076,682,83,343,1342,64,1611,1284,1520,10,1321,342,834,799,0,0,0
900,1092,943,1513,1028,361,1303,1344,1269,858,1225,950,305,1631,1276,847,1584,3,732,116,1195,633,191,603,0
955,398,552,881,210,810,1009,658,982,1608,514,407,188,901,1011,368,1371,864,111,1293,324,1158,403,0,0
719,1627,747,1010,638,609,1496,980,168,141,390,1467,780,99,1475,181,1049,588,867,1214,1304,1572,562,0,0
520,642,1335,360,1420,185,1151,745,622,1389,1209,1035,254,1173,8,335,1508,728,512,758,1347,1271,887,0,0
384,803,1530,431,1110,443,1507,1012,726,145,1153,138,654,755,1232,1332,911,155,1619,714,800,321,0,0,0
1119,1122,1323,1275,722,1292,1526,1229,1047,632,1282,230,1382,233,1074,605,621,389,1252,769,1065,541,0,0,0
557,121,251,95,1142,781,1090,1059,226,820,1192,1246,1383,338,592,796,869,753,707,46,606,478,81,1547,0
492,157,608,1234,697,485,1340,1597,750,1244,93,374,1500,1330,328,1295,1370,39,404,1558,1519,798,127,0,0
6,1373,1351,213,1361,776,1197,1415,433,1416,874,564,1095,1299,401,1106,1066,1176,1580,467,453,1263,487,0,0
1070,1401,1352,57,452,348,984,774,-1,681,71,1343,713,1181,596,1345,1578,1127,507,458,163,694,1319,1636,0
12,1262,1579,120,909,1204,234,970,484,1336,1091,223,1285,555,846,640,187,740,82,921,554,729,0,0,0
