1125,1108,203,732,793,600,1546,1219,893,1545,441,0,0,0,0,0,0,0,0,0,0,0,0,0,0,0,0,0,0
12,683,520,590,800,707,125,702,1176,820,561,1152,662,125,265,707,0,0,0,0,0,0,0,0,0,0,0,0,0
341,216,1327,1622,1345,726,1194,584,435,1293,137,1621,1076,718,1021,1086,435,495,0,0,0,0,0,0,0,0,0,0,0
177,794,849,1535,1521,814,645,403,38,1294,752,1530,972,0,0,0,0,0,0,0,0,0,0,0,0,0,0,0,0
790,1312,340,397,1501,230,604,1618,371,248,1006,13,230,959,0,0,0,0,0,0,0,0,0,0,0,0,0,0,0
977,1303,1172,541,821,299,1013,929,1036,253,35,570,821,642,1184,570,541,1013,299,188,0,0,0,0,0,0,0,0,0
1315,1111,442,1071,602,1456,210,1521,1440,254,543,1202,614,292,104,0,0,0,0,0,0,0,0,0,0,0,0,0,0
1427,1011,360,159,280,912,530,109,1407,0,0,0,0,0,0,0,0,0,0,0,0,0,0,0,0,0,0,0,0
371,199,840,496,327,1536,392,567,1626,1209,1369,325,1532,1628,955,496,0,0,0,0,0,0,0,0,0,0,0,0,0
519,876,592,388,987,1173,749,1581,598,1520,995,1581,1044,1048,861,428,1520,1629,0,0,0,0,0,0,0,0,0,0,0
1371,1197,785,1170,1333,1608,1524,1319,1095,807,1092,490,569,809,24,0,0,0,0,0,0,0,0,0,0,0,0,0,0
512,857,733,706,1374,857,733,1227,395,1221,559,1565,1070,0,0,0,0,0,0,0,0,0,0,0,0,0,0,0,0
661,235,1519,1024,1357,437,5,953,980,947,883,1519,1326,1328,184,1512,0,0,0,0,0,0,0,0,0,0,0,0,0
1183,497,1625,133,39,179,1301,1633,994,633,1284,145,565,308,1203,1183,0,0,0,0,0,0,0,0,0,0,0,0,0
1356,1631,798,1422,879,764,763,885,1275,295,278,0,0,0,0,0,0,0,0,0,0,0,0,0,0,0,0,0,0
373,1580,1256,839,699,358,1200,804,1032,974,91,778,1587,483,0,0,0,0,0,0,0,0,0,0,0,0,0,0,0
697,546,776,348,627,1392,1505,53,476,888,1562,0,0,0,0,0,0,0,0,0,0,0,0,0,0,0,0,0,0
63,601,792,1511,1405,-1,575,1104,68,0,0,0,0,0,0,0,0,0,0,0,0,0,0,0,0,0,0,0,0
714,1331,1139,429,1460,139,1093,846,162,194,812,304,714,1331,0,0,0,0,0,0,0,0,0,0,0,0,0,0,0
119,1287,1438,499,1488,847,508,508,1123,858,313,75,1287,119,1384,0,0,0,0,0,0,0,0,0,0,0,0,0,0
731,5,1522,307,827,1009,187,715,696,654,1382,1497,622,1625,1089,628,1416,1009,0,0,0,0,0,0,0,0,0,0,0
61,1019,639,606,67,1031,498,1047,624,976,1373,675,620,593,1132,947,0,0,0,0,0,0,0,0,0,0,0,0,0
223,610,33,766,728,637,1358,94,467,1232,1461,1149,211,659,466,1317,1017,413,0,0,0,0,0,0,0,0,0,0,0
378,46,1124,261,113,200,1015,1426,873,55,691,1605,46,378,0,0,0,0,0,0,0,0,0,0,0,0,0,0,0
763,194,1580,987,134,785,1423,1017,976,315,1580,508,509,292,104,976,0,0,0,0,0,0,0,0,0,0,0,0,0
179,769,496,1104,683,567,348,113,131,179,0,0,0,0,0,0,0,0,0,0,0,0,0,0,0,0,0,0,0
955,661,400,519,912,1076,307,1060,67,159,63,1200,792,997,91,0,0,0,0,0,0,0,0,0,0,0,0,0,0
1061,600,187,1451,1262,1044,1096,1611,857,1533,1312,295,790,639,1044,1262,1415,0,0,0,0,0,0,0,0,0,0,0,0
660,1593,932,1565,405,801,707,1426,715,1194,852,1048,1369,793,0,0,0,0,0,0,0,0,0,0,0,0,0,0,0
1272,1329,1351,754,1139,327,258,313,654,980,1152,1608,38,94,175,255,325,1158,0,0,0,0,0,0,0,0,0,0,0
1488,1478,994,143,783,1111,1420,1317,624,1251,1047,134,1171,696,1098,1027,1251,175,0,0,0,0,0,0,0,0,0,0,0
371,738,-1,230,1578,633,834,1051,109,1319,441,1219,-1,1051,371,1227,0,0,0,0,0,0,0,0,0,0,0,0,0
397,771,407,299,415,1125,667,39,764,1123,599,1049,1002,895,346,1006,415,0,0,0,0,0,0,0,0,0,0,0,0
1519,267,466,488,133,827,1587,604,731,166,1243,371,1636,989,1519,0,0,0,0,0,0,0,0,0,0,0,0,0,0
580,1293,1395,33,728,908,764,601,843,861,1112,666,1021,1505,800,662,0,0,0,0,0,0,0,0,0,0,0,0,0
1544,1209,55,947,203,1371,1238,1183,794,46,145,200,203,1238,64,737,670,794,1609,119,0,0,0,0,0,0,0,0,0
1422,164,1382,1203,1345,1400,1416,702,29,1246,1089,1032,253,358,339,879,29,702,0,0,0,0,0,0,0,0,0,0,0
410,1250,13,901,723,692,893,368,921,442,714,778,1357,559,726,499,658,437,963,0,0,0,0,0,0,0,0,0,0
261,1155,183,578,168,-1,869,476,1530,796,235,840,1436,1501,1019,0,0,0,0,0,0,0,0,0,0,0,0,0,0
1628,-1,1635,755,795,874,1392,745,162,1496,888,575,798,916,689,142,61,606,1392,795,919,0,0,0,0,0,0,0,0
1307,642,278,520,622,136,1070,996,1202,1284,68,1629,520,0,0,0,0,0,0,0,0,0,0,0,0,0,0,0,0
820,1065,316,900,512,959,1011,999,579,576,485,866,1520,610,1031,999,598,724,0,0,0,0,0,0,0,0,0,0,0
1633,974,873,1149,1461,1006,280,199,1532,1085,1119,570,390,1149,733,1374,1088,0,0,0,0,0,0,0,0,0,0,0,0
618,1536,812,1221,5,6,1113,1370,1303,876,1631,1384,776,1536,5,6,0,0,0,0,0,0,0,0,0,0,0,0,0
1493,188,501,1572,749,541,1358,431,360,659,1524,929,1472,1572,1343,0,0,0,0,0,0,0,0,0,0,0,0,0,0
760,1407,1408,169,635,553,752,561,1275,1546,1545,1405,1280,467,635,561,1299,1407,1408,1545,235,0,0,0,0,0,0,0,0
388,620,1356,766,1170,846,1374,1438,1368,883,1086,373,372,849,1079,1024,35,413,1581,0,0,0,0,0,0,0,0,0,0
1315,1092,1557,546,652,953,623,591,821,1242,0,0,0,0,0,0,0,0,0,0,0,0,0,0,0,0,0,0,0
1578,635,267,499,982,1369,996,427,1172,573,46,843,707,754,1251,169,1546,996,283,622,441,0,0,0,0,0,0,0,0
1119,683,1144,719,316,766,761,1618,604,1526,1526,1232,1219,1546,683,0,0,0,0,0,0,0,0,0,0,0,0,0,0
637,628,883,871,157,804,211,987,988,485,1496,661,230,1227,315,261,1275,849,0,0,0,0,0,0,0,0,0,0,0
1147,976,795,1000,278,980,546,829,600,466,908,104,675,1155,871,1501,1051,1092,0,0,0,0,0,0,0,0,0,0,0
1171,5,172,1184,713,171,1385,1245,495,1521,1261,1139,198,1152,0,0,0,0,0,0,0,0,0,0,0,0,0,0,0
1606,670,1505,598,567,1024,686,0,0,0,0,0,0,0,0,0,0,0,0,0,0,0,0,0,0,0,0,0,0
159,483,602,425,977,1357,1580,1581,1272,162,1312,446,1287,388,389,12,932,442,1250,159,0,0,0,0,0,0,0,0,0
1035,1565,785,1384,1524,1159,1608,778,353,942,0,0,0,0,0,0,0,0,0,0,0,0,0,0,0,0,0,0,0
1294,994,1016,254,1173,216,490,348,807,1420,1405,618,1194,1140,501,1609,1628,1416,0,0,0,0,0,0,0,0,0,0,0
1535,1037,1545,75,1093,790,658,1301,39,1006,569,1512,974,714,696,1124,0,0,0,0,0,0,0,0,0,0,0,0,0
166,809,168,1098,-1,1349,1229,1047,1620,1260,1315,-1,1426,1256,1060,0,0,0,0,0,0,0,0,0,0,0,0,0,0
1125,660,1317,633,620,1019,1036,1032,63,1438,666,136,0,0,0,0,0,0,0,0,0,0,0,0,0,0,0,0,0
900,88,520,24,578,606,702,706,1374,733,900,0,0,0,0,0,0,0,0,0,0,0,0,0,0,0,0,0,0
509,253,769,64,299,1488,921,953,183,1326,360,1104,935,771,541,624,919,484,183,1488,0,0,0,0,0,0,0,0,0
1123,764,940,684,1027,68,1271,878,1111,565,885,437,400,912,403,873,1123,0,0,0,0,0,0,0,0,0,0,0,0
1292,610,127,1282,94,916,86,392,834,543,732,1448,734,1061,392,645,1448,0,0,0,0,0,0,0,0,0,0,0,0
1395,591,749,447,1345,1200,188,1075,1192,1113,343,1183,852,188,46,447,125,0,0,0,0,0,0,0,0,0,0,0,0
840,999,109,667,1079,315,109,1215,715,1327,893,405,431,1112,1626,100,397,1209,0,0,0,0,0,0,0,0,0,0,0
1002,995,1224,883,1057,997,561,821,336,874,733,530,0,0,0,0,0,0,0,0,0,0,0,0,0,0,0,0,0
200,1031,1080,307,1427,755,119,858,390,872,929,95,184,1472,401,857,659,0,0,0,0,0,0,0,0,0,0,0,0
901,1319,280,590,614,145,179,413,1622,641,6,1194,179,1408,0,0,0,0,0,0,0,0,0,0,0,0,0,0,0
627,1356,328,1330,861,682,346,-1,1605,1631,1400,1307,724,304,1044,642,0,0,0,0,0,0,0,0,0,0,0,0,0
895,692,1414,1066,1149,1461,496,1280,1329,1332,1258,38,199,407,1108,1238,989,738,308,1048,340,1242,496,199,0,0,0,0,0
386,879,1440,134,33,13,1070,1170,1333,1373,1422,639,143,1284,879,0,0,0,0,0,0,0,0,0,0,0,0,0,0
1080,1031,1295,184,267,1140,1535,530,989,738,959,1011,235,1148,1486,1527,919,1031,699,211,1095,1148,336,0,0,0,0,0,0
1035,776,1373,790,5,684,847,483,861,429,508,1373,0,0,0,0,0,0,0,0,0,0,0,0,0,0,0,0,0
592,857,24,1229,1086,624,833,827,726,145,24,327,654,1382,1572,872,1096,1426,0,0,0,0,0,0,0,0,0,0,0
1149,415,307,1343,408,1565,1532,960,1403,496,199,570,809,171,0,0,0,0,0,0,0,0,0,0,0,0,0,0,0
912,403,109,598,1275,187,1119,1635,553,639,1515,1578,137,427,254,1611,908,814,1108,113,1578,401,0,0,0,0,0,0,0
1405,1016,778,683,1256,1315,410,1124,576,278,995,373,142,1407,834,1051,384,1405,86,1124,778,35,0,0,0,0,0,0,0
1176,1171,134,431,1530,435,662,1155,614,210,1521,1562,702,280,761,1605,0,0,0,0,0,0,0,0,0,0,0,0,0
498,177,240,1415,1631,499,1448,749,1411,937,1238,1511,0,0,0,0,0,0,0,0,0,0,0,0,0,0,0,0,0
400,1472,53,543,1440,348,39,793,745,397,1423,63,994,295,706,1408,1407,605,733,0,0,0,0,0,0,0,0,0,0
253,1478,395,308,585,567,1626,1505,707,66,764,1260,315,976,91,947,1132,0,0,0,0,0,0,0,0,0,0,0,0
1098,1017,68,413,820,75,484,801,492,878,133,1092,873,0,0,0,0,0,0,0,0,0,0,0,0,0,0,0,0
1219,283,1400,139,800,61,658,1019,216,323,1422,166,1427,323,0,0,0,0,0,0,0,0,0,0,0,0,0,0,0
561,82,689,1172,1330,328,82,512,425,1242,1112,0,0,0,0,0,0,0,0,0,0,0,0,0,0,0,0,0,0
858,559,203,108,846,579,627,766,713,339,718,715,386,999,1501,1609,852,203,0,0,0,0,0,0,0,0,0,0,0
67,341,1533,1536,442,623,584,1384,100,988,1503,265,1526,1384,125,593,1013,299,578,35,623,584,0,0,0,0,0,0,0
1317,1303,666,46,659,360,1245,599,1049,94,390,901,1620,417,1303,769,1633,874,1194,0,0,0,0,0,0,0,0,0,0
168,696,895,183,893,1327,1227,1021,1232,622,1272,1580,371,1456,494,1200,1044,792,1307,405,0,0,0,0,0,0,0,0,0
1544,963,1508,1183,1420,179,573,1501,230,1436,1621,1519,0,0,0,0,0,0,0,0,0,0,0,0,0,0,0,0,0
807,1170,1125,1461,737,-1,645,467,501,812,1261,519,932,1087,0,0,0,0,0,0,0,0,0,0,0,0,0,0,0
1158,829,1117,119,746,871,1629,12,849,-1,1329,916,1629,162,1486,0,0,0,0,0,0,0,0,0,0,0,0,0,0
179,1312,1355,476,569,1113,188,1557,637,734,1622,641,1414,0,0,0,0,0,0,0,0,0,0,0,0,0,0,0,0
1173,1546,441,1385,879,1460,10,175,446,953,728,1358,194,1496,1088,1403,175,1280,0,0,0,0,0,0,0,0,0,0,0
580,38,520,1294,635,565,6,292,601,388,1371,987,1524,346,565,6,635,1349,0,0,0,0,0,0,0,0,0,0,0
1251,670,876,1184,1093,1057,1079,900,1608,485,-1,1000,692,755,1147,0,0,0,0,0,0,0,0,0,0,0,0,0,0
879,878,999,885,1037,1411,1544,812,1009,1060,752,814,1436,846,869,885,1037,1202,618,1280,1112,0,0,0,0,0,0,0,0
1024,183,1329,1357,785,821,987,358,1592,988,546,829,654,610,1572,346,662,1172,821,358,0,0,0,0,0,0,0,0,0
1403,847,35,728,1245,1015,579,1152,353,400,932,707,600,1611,166,200,488,1373,384,728,0,0,0,0,0,0,0,0,0
1319,133,6,1347,1581,1111,172,1582,561,1515,585,769,1341,732,858,133,368,719,0,0,0,0,0,0,0,0,0,0,0
699,371,1440,959,963,145,604,912,1170,1333,895,278,91,1295,573,1315,33,283,283,417,912,0,0,0,0,0,0,0,0
1035,1385,635,1461,1215,413,731,734,1609,1565,1022,1143,1243,203,348,373,1242,1275,255,100,1407,1408,0,0,0,0,0,0,0
410,509,508,1183,738,861,593,1545,501,169,935,1250,134,371,861,593,1176,1593,713,1079,0,0,0,0,0,0,0,0,0
240,265,1349,371,761,782,795,912,723,1580,1200,1371,1521,0,0,0,0,0,0,0,0,0,0,0,0,0,0,0,0
1262,1260,715,559,139,446,706,63,858,1414,614,1633,994,1085,1478,198,639,1017,715,1262,1075,211,0,0,0,0,0,0,0
5,565,389,125,627,1123,435,1562,989,764,553,131,661,442,360,1057,601,1098,1512,804,390,1123,661,0,0,0,0,0,0
392,754,1219,852,61,790,437,1524,675,916,790,959,75,1628,1219,0,0,0,0,0,0,0,0,0,0,0,0,0,0
1113,1370,497,1086,1400,755,1392,1332,395,188,658,405,1307,1555,1171,1460,576,1113,1370,0,0,0,0,0,0,0,0,0,0
162,1327,1519,872,623,313,1140,280,1125,908,466,390,383,1557,873,199,1426,0,0,0,0,0,0,0,0,0,0,0,0
602,311,1416,1526,708,1328,922,702,336,953,184,602,254,1173,543,1609,0,0,0,0,0,0,0,0,0,0,0,0,0
401,94,1315,1087,746,1048,340,10,1620,578,1229,849,86,628,567,1147,403,1098,605,606,0,0,0,0,0,0,0,0,0
1124,793,177,159,476,796,820,1408,1408,980,960,1427,857,84,1148,1261,737,64,177,0,0,0,0,0,0,0,0,0,0
179,216,1119,1622,666,1293,1636,327,179,1197,1044,484,1031,1119,1374,1293,1636,12,800,798,0,0,0,0,0,0,0,0,0
1144,1635,1303,1019,940,1620,323,1405,494,1061,1472,1368,1209,570,171,1608,223,441,1384,0,0,0,0,0,0,0,0,0,0
977,937,1488,386,633,1505,955,447,164,692,1113,541,697,485,1013,55,947,113,1108,1016,0,0,0,0,0,0,0,0,0
982,1521,919,530,683,1415,360,492,592,194,1456,766,569,1192,13,0,0,0,0,0,0,0,0,0,0,0,0,0,0
771,771,137,599,1049,253,1032,315,267,431,1530,1282,1395,308,498,689,157,46,0,0,0,0,0,0,0,0,0,0,0
1287,684,316,1089,1532,1621,959,0,0,0,0,0,0,0,0,0,0,0,0,0,0,0,0,0,0,0,0,0,0
1294,590,24,483,580,1486,1070,67,1238,893,1451,733,1448,299,304,827,1351,1301,187,749,0,0,0,0,0,0,0,0,0
1536,778,575,1011,429,995,1021,136,726,794,24,520,38,809,997,46,843,83,307,343,1536,1422,0,0,0,0,0,0,0
576,67,1373,104,1015,1347,392,576,738,1415,467,1036,908,164,166,916,702,923,392,1415,567,0,0,0,0,0,0,0,0
389,261,1095,280,591,745,133,488,1503,-1,1282,63,1374,1526,546,280,591,1407,1194,1351,1451,339,0,0,0,0,0,0,0
796,561,932,476,499,1140,795,1608,255,1224,1203,1044,997,1400,1521,498,1515,0,0,0,0,0,0,0,0,0,0,0,0
1329,763,1200,1468,1215,1392,1545,1544,955,408,501,75,696,734,1246,348,1183,439,707,0,0,0,0,0,0,0,0,0,0
874,1087,373,249,1578,353,1530,431,849,1060,1578,812,223,1065,1557,1087,1326,953,0,0,0,0,0,0,0,0,0,0,0
605,1349,254,1147,812,113,883,785,605,1349,1245,508,131,35,1436,1472,295,113,0,0,0,0,0,0,0,0,0,0,0
620,1192,858,1016,623,635,86,519,807,447,776,833,1635,771,1242,1633,606,0,0,0,0,0,0,0,0,0,0,0,0
1333,947,866,1315,1328,1303,1258,783,258,988,809,168,1587,1427,1171,1423,622,628,203,413,417,0,0,0,0,0,0,0,0
1414,766,801,1422,390,578,731,604,1519,937,746,675,435,1384,1371,446,980,675,723,610,134,400,0,0,0,0,0,0,0
316,1501,820,658,1478,407,64,637,1535,565,1006,442,84,684,372,397,340,624,1093,109,1535,1578,0,0,0,0,0,0,0
888,1343,642,1262,1192,94,1546,6,1071,569,570,1353,66,900,1202,888,0,0,0,0,0,0,0,0,0,0,0,0,0
441,738,661,171,1049,639,760,959,494,1315,496,199,1088,1022,1148,1307,1319,495,325,171,307,1606,0,0,0,0,0,0,0
879,585,1251,1000,283,33,1057,793,1149,1461,659,405,1002,383,1013,0,0,0,0,0,0,0,0,0,0,0,0,0,0
177,1416,641,1438,1388,761,200,368,1403,24,1357,834,183,1341,368,1272,1155,1243,1197,1113,0,0,0,0,0,0,0,0,0
662,1621,1327,172,1159,1184,829,1628,852,1159,68,769,1221,637,299,1275,483,1227,1331,987,1532,1621,972,0,0,0,0,0,0
1280,61,1027,1382,308,1284,618,315,1332,1229,88,584,599,211,327,1037,752,0,0,0,0,0,0,0,0,0,0,0,0
64,159,1048,1385,360,749,1098,125,427,1611,492,187,1312,83,343,598,0,0,0,0,0,0,0,0,0,0,0,0,0
553,1493,840,1125,847,13,1581,871,476,1420,804,1172,395,1565,139,0,0,0,0,0,0,0,0,0,0,0,0,0,0
179,1017,162,1358,520,1626,38,697,265,1405,278,91,869,39,137,1631,145,1261,0,0,0,0,0,0,0,0,0,0,0
1456,437,1051,1356,429,754,1092,873,878,338,169,313,485,1448,1408,1496,543,1199,1080,1408,1407,0,0,0,0,0,0,0,0
235,839,1144,724,682,614,728,1609,100,1108,1238,235,1271,827,592,1104,0,0,0,0,0,0,0,0,0,0,0,0,0
410,1104,912,386,1426,1515,600,683,689,1620,559,974,633,778,0,0,0,0,0,0,0,0,0,0,0,0,0,0,0
732,1317,46,388,714,1533,814,1079,1370,1395,764,1123,848,1117,1460,593,0,0,0,0,0,0,0,0,0,0,0,0,0
794,1605,940,415,1061,601,713,976,718,1593,415,1403,292,963,1024,1132,1440,1260,995,713,895,0,0,0,0,0,0,0,0
497,1262,1124,1384,1079,1317,384,1251,1227,1002,323,874,235,405,91,1022,732,1089,1625,0,0,0,0,0,0,0,0,0,0
109,1262,1422,113,1152,1521,210,392,13,12,1618,801,360,1373,601,184,1519,692,1557,1272,1422,0,0,0,0,0,0,0,0
861,1395,570,714,559,869,633,211,427,1057,585,520,145,1533,1328,846,0,0,0,0,0,0,0,0,0,0,0,0,0
699,900,1515,1414,1636,1532,745,776,485,1261,240,972,812,0,0,0,0,0,0,0,0,0,0,0,0,0,0,0,0
955,848,494,1357,67,976,83,442,254,1173,833,1250,1243,405,696,1246,408,593,346,0,0,0,0,0,0,0,0,0,0
702,389,1355,987,997,1113,-1,1468,1622,143,1592,1071,1408,0,0,0,0,0,0,0,0,0,0,0,0,0,0,0,0
980,313,248,86,763,437,162,425,1086,618,675,327,292,947,495,0,0,0,0,0,0,0,0,0,0,0,0,0,0
575,792,495,662,873,1061,299,1440,543,1545,769,1312,1149,1461,415,308,683,509,654,0,0,0,0,0,0,0,0,0,0
820,546,1093,719,893,94,386,1420,820,1087,1628,852,1037,139,635,1287,446,395,1505,46,388,995,849,1628,0,0,0,0,0
1096,1546,199,1496,870,1066,834,328,666,726,512,1282,1578,1015,569,0,0,0,0,0,0,0,0,0,0,0,0,0,0
403,177,1125,1461,100,171,940,378,796,417,809,0,0,0,0,0,0,0,0,0,0,0,0,0,0,0,0,0,0
637,68,746,847,1403,66,1295,1512,499,188,484,1535,1098,68,922,839,1013,1580,488,0,0,0,0,0,0,0,0,0,0
737,1530,1148,498,278,1301,761,1565,134,1171,959,1280,1035,1327,764,1017,1171,258,429,1139,0,0,0,0,0,0,0,0,0
1076,1123,728,203,1472,1016,1229,778,339,565,431,785,620,492,137,1388,0,0,0,0,0,0,0,0,0,0,0,0,0
1119,974,24,999,295,659,1060,919,847,1403,1524,876,383,1478,1209,24,809,131,0,0,0,0,0,0,0,0,0,0,0
1284,912,108,1031,1626,38,592,483,766,1415,371,75,1284,0,0,0,0,0,0,0,0,0,0,0,0,0,0,0,0
1147,1095,35,467,216,661,372,1202,1629,561,1392,1092,929,1407,960,1526,1605,929,1000,1113,1370,0,0,0,0,0,0,0,0
738,1326,119,1331,410,1438,283,1275,755,119,223,738,1192,1423,1426,136,885,63,0,0,0,0,0,0,0,0,0,0,0
39,1451,1329,1200,226,1019,707,1219,166,-1,667,0,0,0,0,0,0,0,0,0,0,0,0,0,0,0,0,0,0
29,754,883,807,1303,713,142,388,843,519,46,1349,578,982,821,814,883,843,1183,125,33,0,0,0,0,0,0,0,0
684,53,963,1347,1622,6,1104,684,642,567,1544,390,1368,1011,718,187,94,175,0,0,0,0,0,0,0,0,0,0,0
627,858,183,997,280,888,1609,1358,1232,977,249,1047,605,1258,1158,627,0,0,0,0,0,0,0,0,0,0,0,0,0
932,866,338,1065,895,169,1488,600,307,576,622,508,1572,413,0,0,0,0,0,0,0,0,0,0,0,0,0,0,0
953,1608,658,782,937,783,1307,1293,5,476,771,935,1108,253,1032,490,953,261,0,0,0,0,0,0,0,0,0,0,0
1219,1403,766,435,1044,485,1294,953,667,732,660,1021,935,847,280,1119,1009,937,766,0,0,0,0,0,0,0,0,0,0
61,1085,601,1280,675,769,415,496,431,1148,908,675,763,606,187,1293,1280,0,0,0,0,0,0,0,0,0,0,0,0
1328,417,857,565,738,488,466,692,972,1628,782,1405,0,0,0,0,0,0,0,0,0,0,0,0,0,0,0,0,0
790,1093,1557,1243,820,265,1262,1108,1242,995,1147,963,1013,267,1611,427,1515,0,0,0,0,0,0,0,0,0,0,0,0
576,635,88,734,125,1345,389,499,1271,1605,1203,383,1330,1478,211,839,0,0,0,0,0,0,0,0,0,0,0,0,0
283,1229,429,380,1238,1172,731,1224,883,696,1580,1581,1327,145,706,1258,0,0,0,0,0,0,0,0,0,0,0,0,0
801,1332,226,1307,999,792,139,885,63,573,1080,1609,1358,940,139,447,1048,340,1260,1194,579,0,0,0,0,0,0,0,0
1019,561,988,323,1625,64,737,407,1519,1625,776,1385,761,879,467,0,0,0,0,0,0,0,0,0,0,0,0,0,0
39,900,299,1326,1287,336,866,1027,1284,143,1027,1343,403,131,847,143,0,0,0,0,0,0,0,0,0,0,0,0,0
1373,82,1215,1592,179,553,1369,1522,68,1098,1536,1565,84,800,1374,546,829,0,0,0,0,0,0,0,0,0,0,0,0
745,177,295,172,1384,622,203,713,1303,1368,1275,203,1593,645,1369,157,699,1503,136,1303,707,1124,0,0,0,0,0,0,0
53,425,1183,1392,211,1282,1200,718,1125,1461,249,490,134,1423,1415,348,1011,1123,929,0,0,0,0,0,0,0,0,0,0
1088,1493,1158,614,1608,55,771,339,593,794,598,304,29,1456,200,1088,0,0,0,0,0,0,0,0,0,0,0,0,0
821,1635,1221,980,410,1555,888,1149,35,1448,1520,188,248,5,6,1508,512,1347,0,0,0,0,0,0,0,0,0,0,0
1524,1622,1022,833,977,1332,1331,1620,728,10,1006,384,86,793,620,1251,338,728,520,778,372,0,0,0,0,0,0,0,0
166,397,483,1511,1256,127,804,405,401,1066,1606,1512,804,137,441,198,861,353,642,483,0,0,0,0,0,0,0,0,0
1416,874,661,315,1140,484,360,754,341,162,733,64,599,395,261,1176,373,307,484,0,0,0,0,0,0,0,0,0,0
569,1144,724,749,519,1414,691,1086,641,368,1070,12,1629,1061,437,346,1395,1232,113,624,0,0,0,0,0,0,0,0,0
169,278,501,1087,371,662,1112,996,75,183,974,1426,1095,405,982,1049,683,1407,1408,1087,1032,814,0,0,0,0,0,0,0
684,1636,869,378,216,912,1315,1111,1501,67,976,1317,873,91,1436,313,230,1533,1347,439,0,0,0,0,0,0,0,0,0
1312,442,670,798,1017,959,760,108,628,388,46,723,1292,1057,1051,194,38,0,0,0,0,0,0,0,0,0,0,0,0
1505,637,1227,960,849,254,83,955,1621,1530,1024,1035,600,846,809,1521,785,133,1440,1357,987,0,0,0,0,0,0,0,0
627,1250,543,1618,618,895,1002,1420,100,714,1438,1319,446,240,1117,764,413,0,0,0,0,0,0,0,0,0,0,0,0
827,702,184,1400,871,795,492,1096,834,1333,33,253,858,316,840,659,33,834,1400,871,0,0,0,0,0,0,0,0,0
1451,1451,1171,847,570,407,530,1299,874,795,61,12,601,1149,858,1526,1170,261,33,1349,847,1149,1461,415,0,0,0,0,0
55,467,972,175,1468,265,1533,1521,1224,1021,1088,1132,1047,348,1088,871,1407,1343,1422,0,0,0,0,0,0,0,0,0,0
1382,1111,295,940,840,162,1315,1031,1197,1456,932,1635,1369,188,1519,519,932,1448,1544,240,179,1035,0,0,0,0,0,0,0
1440,315,1347,520,1093,343,143,600,878,100,796,1629,1096,1301,658,520,0,0,0,0,0,0,0,0,0,0,0,0,0
1530,1061,494,384,569,172,912,91,253,919,567,893,1307,569,1243,0,0,0,0,0,0,0,0,0,0,0,0,0,0
203,782,843,6,466,1392,1271,35,1016,833,1345,400,801,963,447,1024,1611,199,782,994,308,223,1329,0,0,0,0,0,0
947,869,1486,792,495,807,900,427,776,295,1199,590,24,598,84,10,405,0,0,0,0,0,0,0,0,0,0,0,0
13,113,1022,1580,1581,1272,1143,1395,620,1403,1411,1423,1075,746,846,125,1194,0,0,0,0,0,0,0,0,0,0,0,0
1089,1368,1183,1148,1173,119,1384,999,372,778,1245,1076,1219,397,1242,935,1426,501,437,0,0,0,0,0,0,0,0,0,0
1557,304,1256,1461,1006,86,425,857,814,210,1521,827,1275,340,604,745,714,715,358,922,1557,745,0,0,0,0,0,0,0
1331,682,849,373,267,1388,953,706,1333,1098,327,1192,313,754,442,1013,255,645,1608,267,0,0,0,0,0,0,0,0,0
1125,1415,142,164,1460,353,145,258,248,959,441,127,395,131,821,109,0,0,0,0,0,0,0,0,0,0,0,0,0
1113,1370,895,1472,660,732,662,995,872,235,94,499,283,1405,793,5,546,235,0,0,0,0,0,0,0,0,0,0,0
761,766,1438,216,731,670,683,485,1496,254,908,684,876,592,1572,1532,1628,591,0,0,0,0,0,0,0,0,0,0,0
292,389,809,576,614,1349,639,565,339,323,702,194,1104,812,1351,403,328,488,605,916,0,0,0,0,0,0,0,0,0
1140,861,88,1420,108,67,976,177,1636,1262,63,1414,299,1326,1408,980,696,139,484,1326,0,0,0,0,0,0,0,0,0
64,1284,628,1246,1017,692,64,1567,68,800,1048,929,1032,1017,0,0,0,0,0,0,0,0,0,0,0,0,0,0,0
794,599,624,230,157,982,1147,1215,666,820,873,1092,1536,728,691,708,1546,1618,0,0,0,0,0,0,0,0,0,0,0
997,159,166,1027,667,783,341,1400,253,1592,852,1488,1371,1011,1294,1358,346,429,490,46,1622,0,0,0,0,0,0,0,0
1108,1238,1229,1501,1066,1565,1287,578,1159,1280,338,1229,368,888,75,635,1328,0,0,0,0,0,0,0,0,0,0,0,0
955,1079,388,749,553,543,1200,184,83,390,1184,1578,1303,1488,553,1633,280,0,0,0,0,0,0,0,0,0,0,0,0
1071,602,439,1327,618,1080,785,1357,870,900,541,734,1609,661,1625,492,386,0,0,0,0,0,0,0,0,0,0,0,0
39,1172,763,675,977,771,336,1593,637,383,585,584,38,834,413,0,0,0,0,0,0,0,0,0,0,0,0,0,0
559,1620,987,738,1524,764,1123,1312,1493,1051,1631,1605,0,0,0,0,0,0,0,0,0,0,0,0,0,0,0,0,0
846,162,1519,194,119,997,1533,794,1261,1347,1414,908,959,622,447,633,1144,1192,1356,162,846,0,0,0,0,0,0,0,0
1132,104,501,5,543,1515,1330,83,295,642,567,1369,919,1451,66,1132,0,0,0,0,0,0,0,0,0,0,0,0,0
628,108,1371,1148,575,870,292,164,953,1530,431,1024,1197,177,313,33,159,1403,113,1415,0,0,0,0,0,0,0,0,0
171,1093,1317,541,38,520,145,1219,1503,425,137,1326,184,0,0,0,0,0,0,0,0,0,0,0,0,0,0,0,0
929,442,13,614,737,64,761,1070,1438,1258,719,188,645,485,1124,888,800,235,1295,0,0,0,0,0,0,0,0,0,0
498,278,1197,876,592,1384,849,980,297,873,1292,1147,861,1098,1284,667,746,878,435,1060,0,0,0,0,0,0,0,0,0
692,63,599,1293,1629,795,752,86,793,745,328,84,395,346,1395,413,0,0,0,0,0,0,0,0,0,0,0,0,0
488,1112,1184,658,63,519,109,1087,553,659,760,353,848,530,593,697,1496,1280,1088,0,0,0,0,0,0,0,0,0,0
1080,827,812,1572,708,1229,801,1565,211,623,67,1232,1578,33,0,0,0,0,0,0,0,0,0,0,0,0,0,0,0
508,88,858,604,731,883,496,829,1557,1522,738,1370,1373,821,0,0,0,0,0,0,0,0,0,0,0,0,0,0,0
576,1520,1015,732,777,1006,714,499,179,1057,-1,1307,1555,203,168,1472,254,304,1152,1400,778,0,0,0,0,0,0,0,0
1468,581,782,1327,1609,46,1215,1625,1089,1493,6,397,315,1048,340,372,373,169,55,726,579,1620,0,0,0,0,0,0,0
386,1095,1092,955,843,601,1159,1202,1408,1351,1051,68,1027,91,253,1625,1089,1271,368,0,0,0,0,0,0,0,0,0,0
635,1426,804,283,265,267,718,1593,1085,1262,763,1461,427,1017,1111,1609,1358,0,0,0,0,0,0,0,0,0,0,0,0
776,833,1227,308,1478,658,39,-1,1246,546,702,692,512,253,308,211,839,1303,0,0,0,0,0,0,0,0,0,0,0
383,988,1631,1460,131,809,1357,893,1440,1143,1605,834,624,977,325,341,405,1357,809,0,0,0,0,0,0,0,0,0,0
258,1343,1436,12,133,1423,1197,1626,1294,417,916,509,754,338,1328,1108,1022,492,1388,937,0,0,0,0,0,0,0,0,0
994,223,1635,1420,476,390,912,963,1407,261,1256,210,1521,1125,187,1544,1488,974,172,0,0,0,0,0,0,0,0,0,0
1013,1422,1250,388,1312,316,683,591,1076,852,1272,578,348,749,1299,866,989,820,1527,168,0,0,0,0,0,0,0,0,0
684,766,1618,280,307,1155,1037,125,573,706,53,585,561,343,134,1243,995,61,1019,708,323,0,0,0,0,0,0,0,0
1427,175,1427,175,972,769,1608,620,1031,139,1287,1580,1581,446,400,900,1282,1086,0,0,0,0,0,0,0,0,0,0,0
1345,1622,1203,1448,1349,847,0,0,0,0,0,0,0,0,0,0,0,0,0,0,0,0,0,0,0,0,0,0,0
1508,360,1098,602,1536,392,728,660,707,441,1545,1331,483,230,1108,1238,1546,360,660,441,728,0,0,0,0,0,0,0,0
1176,606,199,1620,1633,1047,872,1021,771,490,199,1011,127,1113,570,569,327,0,0,0,0,0,0,0,0,0,0,0,0
378,488,1621,1373,187,718,1261,1347,1501,1031,1047,1016,145,488,187,718,878,567,1472,660,0,0,0,0,0,0,0,0,0
662,708,397,1199,1620,1070,1202,1451,858,997,159,278,1275,358,512,441,94,267,0,0,0,0,0,0,0,0,0,0,0
63,1192,755,783,1000,1328,1512,46,541,1113,175,67,327,1245,1287,194,1251,996,0,0,0,0,0,0,0,0,0,0,0
610,1051,953,637,955,1238,1108,498,795,338,1159,1173,0,0,0,0,0,0,0,0,0,0,0,0,0,0,0,0,0
1271,1461,133,870,1427,1076,1578,861,484,1611,1049,599,713,1260,1622,64,1170,410,388,866,0,0,0,0,0,0,0,0,0
371,1293,734,1635,726,466,1461,771,1331,425,1086,1606,1545,509,821,1468,793,1272,1580,139,0,0,0,0,0,0,0,0,0
1315,494,600,763,848,546,761,645,55,683,166,1456,1562,1370,848,0,0,0,0,0,0,0,0,0,0,0,0,0,0
658,1345,737,1111,937,1593,624,1219,184,1194,157,198,1152,624,249,188,1351,136,606,570,497,83,0,0,0,0,0,0,0
1032,253,565,1303,801,346,446,1209,829,1535,623,1496,1243,598,963,639,1392,801,1303,0,0,0,0,0,0,0,0,0,0
960,203,579,1250,447,670,265,581,0,0,0,0,0,0,0,0,0,0,0,0,0,0,0,0,0,0,0,0,0
659,113,1524,585,561,1400,131,427,1132,947,1572,1388,1415,1092,1144,210,348,0,0,0,0,0,0,0,0,0,0,0,0
912,876,383,1488,728,1511,754,1124,1006,857,792,1371,798,1395,1256,1124,0,0,0,0,0,0,0,0,0,0,0,0,0
873,1557,769,162,1017,879,172,840,1356,1280,304,1319,569,211,1060,299,407,1503,633,328,935,211,0,0,0,0,0,0,0
1088,804,692,1242,723,1626,66,707,1532,972,715,833,1295,782,392,0,0,0,0,0,0,0,0,0,0,0,0,0,0
812,1096,1021,908,1486,1620,1317,134,1009,760,959,169,313,654,1357,255,-1,1420,177,292,1262,0,0,0,0,0,0,0,0
1015,1065,731,519,1184,738,553,1080,1104,339,1622,641,1395,1065,1104,839,29,483,1329,1332,38,371,989,1347,0,0,0,0,0
602,1071,1117,1414,749,1407,1057,1013,108,403,622,752,682,872,895,168,142,1508,0,0,0,0,0,0,0,0,0,0,0
1087,883,732,1307,995,1341,183,849,684,916,5,6,1408,820,785,691,1374,1258,745,485,84,0,0,0,0,0,0,0,0
200,1416,591,1358,766,627,1140,179,1533,119,248,1221,492,1330,439,592,1625,1089,1202,642,82,900,0,0,0,0,0,0,0
1085,1423,1544,714,1093,1148,922,1519,1027,373,827,601,980,1085,1544,0,0,0,0,0,0,0,0,0,0,0,0,0,0
1565,1343,1629,794,1440,336,846,413,807,706,-1,929,1227,846,400,405,-1,593,1155,800,1185,834,413,0,0,0,0,0,0
223,590,809,24,295,39,932,667,1027,10,1246,501,1048,573,360,283,12,1438,901,1048,573,235,417,590,24,809,171,0,0
696,1200,977,307,1125,1149,1618,13,847,137,1171,1628,1536,125,467,216,1530,746,1385,295,1098,1384,0,0,0,0,0,0,0
869,343,1426,143,1608,1609,323,61,127,384,1581,530,578,796,384,0,0,0,0,0,0,0,0,0,0,0,0,0,0
1503,866,737,483,441,1414,389,1578,188,1503,1562,714,778,1520,1275,1227,1411,61,389,0,0,0,0,0,0,0,0,0,0
292,1085,1088,878,1427,127,840,360,1057,494,1315,1125,1461,1085,1427,0,0,0,0,0,0,0,0,0,0,0,0,0,0
601,1580,1581,1438,783,175,400,255,785,1171,1535,642,543,66,1368,1407,982,0,0,0,0,0,0,0,0,0,0,0,0
91,83,125,1609,341,75,253,1032,278,1272,0,0,0,0,0,0,0,0,0,0,0,0,0,0,0,0,0,0,0
1060,1192,1119,442,605,383,1299,800,900,1061,1440,1415,1184,0,0,0,0,0,0,0,0,0,0,0,0,0,0,0,0
637,1215,916,1329,1124,1557,1019,575,801,35,0,0,0,0,0,0,0,0,0,0,0,0,0,0,0,0,0,0,0
499,1618,792,761,766,1123,403,764,1087,847,1176,883,1403,13,782,0,0,0,0,0,0,0,0,0,0,0,0,0,0
682,1621,972,1051,484,585,466,82,1287,390,410,1629,1194,1451,496,184,977,580,0,0,0,0,0,0,0,0,0,0,0
578,1284,39,869,1620,794,559,437,200,667,145,1546,177,64,814,771,1331,0,0,0,0,0,0,0,0,0,0,0,0
731,1522,315,1426,622,641,346,1395,707,1149,1370,1515,623,870,401,1303,980,1426,283,0,0,0,0,0,0,0,0,0,0
108,1416,1356,754,295,267,807,1224,1317,46,1049,599,230,372,0,0,0,0,0,0,0,0,0,0,0,0,0,0,0
447,769,908,299,164,565,1017,935,1183,0,0,0,0,0,0,0,0,0,0,0,0,0,0,0,0,0,0,0,0
1301,240,488,919,519,55,371,417,955,1488,1606,142,1282,1608,745,1505,683,1140,1002,0,0,0,0,0,0,0,0,0,0
1605,1009,666,996,413,1635,733,1605,1460,1251,512,0,0,0,0,0,0,0,0,0,0,0,0,0,0,0,0,0,0
1132,947,994,1633,591,702,408,0,0,0,0,0,0,0,0,0,0,0,0,0,0,0,0,0,0,0,0,0,0
1112,113,796,1380,1013,1076,658,696,1172,746,1307,1555,1625,1089,620,749,1388,553,1192,1112,113,0,0,0,0,0,0,0,0
776,168,829,833,834,134,1243,485,570,713,606,1420,793,1384,1333,834,846,697,922,776,0,0,0,0,0,0,0,0,0
1144,1092,728,661,600,10,1332,1011,937,210,821,1524,1358,728,0,0,0,0,0,0,0,0,0,0,0,0,0,0,0
812,755,490,1159,1448,280,974,501,1229,997,1071,1006,88,0,0,0,0,0,0,0,0,0,0,0,0,0,0,0,0
888,1496,485,1299,162,569,1173,1472,660,1512,0,0,0,0,0,0,0,0,0,0,0,0,0,0,0,0,0,0,0
602,592,576,1295,1478,397,795,169,307,94,265,715,172,0,0,0,0,0,0,0,0,0,0,0,0,0,0,0,0
662,659,1544,84,304,598,336,1096,261,1493,1221,1530,1345,1319,1242,13,1081,0,0,0,0,0,0,0,0,0,0,0,0
798,254,63,1521,1016,1261,953,139,1436,33,343,1501,348,988,627,1326,804,0,0,0,0,0,0,0,0,0,0,0,0
199,68,492,1095,61,960,1312,5,6,718,885,63,624,1312,760,0,0,0,0,0,0,0,0,0,0,0,0,0,0
338,91,1478,801,1000,580,1124,1461,575,771,935,738,873,1508,605,46,1608,327,604,1478,1629,1159,378,0,0,0,0,0,0
1245,346,88,100,1411,1104,1565,1013,1319,1519,278,1032,857,1184,10,501,183,358,1079,575,0,0,0,0,0,0,0,0,0
61,499,1095,639,492,1333,1611,559,171,590,1294,137,39,708,1140,142,0,0,0,0,0,0,0,0,0,0,0,0,0
1620,1403,749,764,1374,253,847,746,1371,1051,401,982,509,372,1317,746,1076,0,0,0,0,0,0,0,0,0,0,0,0
953,139,488,33,755,83,84,437,360,400,804,1293,200,295,467,919,1555,198,782,0,0,0,0,0,0,0,0,0,0
339,598,1512,1343,258,1369,249,261,328,820,348,1330,235,561,187,1451,1593,1426,1427,307,0,0,0,0,0,0,0,0,0
980,888,977,960,760,959,1172,94,1385,1258,893,530,6,1606,1199,5,0,0,0,0,0,0,0,0,0,0,0,0,0
313,313,1329,1232,119,959,1532,1123,1493,1087,667,1522,1414,763,795,1416,75,1098,0,0,0,0,0,0,0,0,0,0,0
166,852,125,1037,255,1096,1395,1515,689,1057,-1,230,1357,692,670,1526,876,1515,1243,0,0,0,0,0,0,0,0,0,0
723,1580,565,1511,601,388,624,843,697,1065,1392,407,1622,641,53,199,0,0,0,0,0,0,0,0,0,0,0,0,0
1562,1049,955,12,265,1215,177,602,576,508,194,1633,1229,1636,1628,1581,642,86,12,0,0,0,0,0,0,0,0,0,0
164,1075,800,1194,1227,308,761,1048,1080,446,809,1326,883,1108,660,441,1315,415,821,1349,766,240,0,0,0,0,0,0,0
1347,1147,1261,866,706,1219,1035,1119,606,162,203,371,996,1407,706,435,0,0,0,0,0,0,0,0,0,0,0,0,0
1143,267,1282,1085,211,55,136,1113,1011,1472,520,628,131,994,109,38,0,0,0,0,0,0,0,0,0,0,0,0,0
999,1405,916,133,1373,794,1368,1496,932,827,812,696,1341,63,389,885,429,610,133,0,0,0,0,0,0,0,0,0,0
1535,814,1631,1356,1280,447,1024,1605,1144,1303,592,976,67,995,1016,1260,1238,1292,1609,1408,1280,390,0,0,0,0,0,0,0
216,341,210,1224,1284,403,1139,336,512,900,1503,1572,336,1044,490,1501,1111,1625,1089,1089,1176,637,0,0,0,0,0,0,0
997,895,600,543,858,623,1093,553,829,1027,29,1488,546,1250,299,1621,315,397,1148,833,776,1370,0,0,0,0,0,0,0
1221,1593,713,718,1626,325,541,1328,699,1592,591,593,601,1272,645,675,659,666,373,1272,1382,64,1384,1422,0,0,0,0,0
496,145,1002,1017,620,1149,35,778,662,1423,1192,737,1170,800,1327,1183,922,1256,702,662,0,0,0,0,0,0,0,0,0
386,840,633,732,1009,1546,972,1197,175,340,579,846,283,1358,1271,1301,1521,0,0,0,0,0,0,0,0,0,0,0,0
113,974,1460,1275,413,1061,198,573,384,427,1203,383,1415,1400,413,0,0,0,0,0,0,0,0,0,0,0,0,0,0
1536,1071,793,1295,1021,1202,323,1070,395,839,745,1505,871,1088,870,622,728,179,1312,861,483,1416,159,987,1295,0,0,0,0
684,1242,684,754,1242,849,834,1332,1331,1578,963,292,1287,731,1438,908,304,1112,654,796,1618,0,0,0,0,0,0,0,0
383,1200,852,495,1319,1414,183,1092,211,384,598,1546,29,763,267,172,240,573,0,0,0,0,0,0,0,0,0,0,0
1172,278,654,386,1411,198,1152,1633,1331,707,734,1625,1089,1272,660,618,1293,639,427,1172,0,0,0,0,0,0,0,0,0
179,476,1611,1326,628,874,569,184,795,606,1125,922,1578,425,1197,168,1527,1287,585,0,0,0,0,0,0,0,0,0,0
1271,666,265,5,1631,261,994,883,137,666,336,738,38,520,1626,1370,1035,1140,0,0,0,0,0,0,0,0,0,0,0
1620,63,1111,1096,1047,834,1108,940,162,6,1006,400,467,1104,575,39,578,1451,35,878,0,0,0,0,0,0,0,0,0
1295,403,1315,1192,861,1144,82,1357,134,1524,1149,0,0,0,0,0,0,0,0,0,0,0,0,0,0,0,0,0,0
1422,210,1019,466,821,960,13,12,439,1327,1173,1422,0,0,0,0,0,0,0,0,0,0,0,0,0,0,0,0,0
1358,1461,1075,223,-1,1544,1307,792,1555,1427,1303,683,642,194,1075,1088,1016,893,0,0,0,0,0,0,0,0,0,0,0
977,682,199,125,68,484,1621,633,769,1503,699,1415,591,1282,804,1243,972,793,839,211,1148,1592,0,0,0,0,0,0,0
1221,1176,33,1284,752,1061,708,1488,982,766,807,1119,280,800,605,1349,1065,592,988,446,0,0,0,0,0,0,0,0,0
1496,1486,483,488,963,1024,175,697,1565,827,1524,175,584,1037,0,0,0,0,0,0,0,0,0,0,0,0,0,0,0
1015,755,745,203,299,718,339,795,1113,1440,360,1622,873,171,1086,86,1351,1384,0,0,0,0,0,0,0,0,0,0,0
1032,1036,340,987,1238,1242,1317,308,724,658,1371,1044,1478,442,1374,602,1071,697,119,900,731,0,0,0,0,0,0,0,0
407,325,1051,248,64,512,1395,1184,1011,959,55,136,1426,0,0,0,0,0,0,0,0,0,0,0,0,0,0,0,0
283,622,624,1066,627,801,746,1132,947,159,691,134,373,389,1275,437,1219,1155,0,0,0,0,0,0,0,0,0,0,0
723,1580,1581,216,1355,494,1280,543,1587,496,1002,715,415,749,485,541,142,1087,133,814,1139,94,976,0,0,0,0,0,0
392,46,435,1606,635,410,1405,75,996,1299,790,1448,307,166,24,1533,761,83,84,908,323,959,75,0,0,0,0,0,0
200,876,1000,848,783,1629,728,1609,1343,593,662,713,561,689,1057,67,0,0,0,0,0,0,0,0,0,0,0,0,0
857,1080,1392,870,61,1407,157,785,1423,134,109,131,895,64,675,1013,858,1622,53,1557,895,0,0,0,0,0,0,0,0
567,1535,258,371,1017,760,1333,1420,645,912,429,1147,390,1605,1262,1009,843,601,1048,0,0,0,0,0,0,0,0,0,0
1258,776,637,346,1294,348,1620,869,417,1021,623,1060,388,604,771,1246,1202,702,796,559,1202,0,0,0,0,0,0,0,0
1312,579,1608,497,955,1329,1009,304,249,1224,1232,255,706,1329,1522,1369,66,400,1049,812,0,0,0,0,0,0,0,0,0
1209,395,1368,1388,1199,1347,726,1536,871,1472,139,953,447,164,0,0,0,0,0,0,0,0,0,0,0,0,0,0,0
1373,10,353,1468,696,546,341,932,1079,519,401,341,1251,833,916,253,401,0,0,0,0,0,0,0,0,0,0,0,0
1293,755,1224,1356,790,1303,1080,1221,988,68,119,567,1626,660,997,83,1358,728,200,922,188,509,1016,509,0,0,0,0,0
708,1048,576,579,798,1113,401,834,994,484,248,1331,467,304,395,437,708,658,1092,1048,1227,1524,0,0,0,0,0,0,0
691,683,415,254,1544,162,846,654,169,278,1019,1295,508,1172,696,84,1581,0,0,0,0,0,0,0,0,0,0,0,0
29,628,1024,1420,795,605,684,1472,372,1307,427,439,731,734,0,0,0,0,0,0,0,0,0,0,0,0,0,0,0
833,793,108,919,1284,1519,1112,1486,1486,1572,782,1089,1400,771,989,0,0,0,0,0,0,0,0,0,0,0,0,0,0
39,561,840,327,368,346,1395,999,431,602,295,1246,198,94,849,360,814,1108,760,1009,1243,785,134,0,0,0,0,0,0
1343,699,1405,1461,175,1184,127,1451,778,313,1158,35,593,1328,82,1609,857,1332,1329,1209,635,593,1512,0,0,0,0,0,0
1261,1013,512,1071,1111,1258,442,1013,1027,1044,373,1158,645,1071,1148,1111,0,0,0,0,0,0,0,0,0,0,0,0,0
637,1275,1262,1530,1037,1317,1478,1385,1357,1011,258,1330,843,641,1592,33,175,783,0,0,0,0,0,0,0,0,0,0,0
1526,216,63,1149,1125,895,1620,737,407,888,137,1113,1422,1384,216,0,0,0,0,0,0,0,0,0,0,0,0,0,0
410,1448,801,1119,435,230,67,1238,1047,410,839,226,223,0,0,0,0,0,0,0,0,0,0,0,0,0,0,0,0
1392,713,1635,1093,947,104,827,1242,1139,692,184,604,1621,1532,1460,1631,397,520,784,1002,0,0,0,0,0,0,0,0,0
1636,1415,847,848,211,1545,1408,499,1546,1488,1374,776,485,1022,1368,883,0,0,0,0,0,0,0,0,0,0,0,0,0
769,1104,1123,168,388,142,86,769,1606,1147,1000,100,1355,610,1341,392,1301,746,1629,1272,339,1493,1515,1176,0,0,0,0,0
1345,340,553,1086,874,715,1087,606,1199,807,1215,1173,980,1031,136,1202,1215,136,53,1622,0,0,0,0,0,0,0,0,0
299,5,113,883,483,706,573,689,1260,1333,1351,1159,916,1557,873,829,900,1192,706,0,0,0,0,0,0,0,0,0,0
255,599,726,441,1438,1608,666,1271,1426,858,1088,134,292,1060,995,858,871,1605,953,792,565,6,987,0,0,0,0,0,0
10,642,752,143,622,203,1522,38,389,1373,353,1315,908,1565,591,134,12,976,171,702,0,0,0,0,0,0,0,0,0
1095,1349,1625,659,719,569,620,1628,852,766,1057,670,714,283,1578,198,996,960,1229,627,766,1095,620,1628,852,0,0,0,0
265,139,800,1414,590,763,61,400,885,624,1021,977,1049,1287,1436,490,125,940,1501,1280,265,139,0,0,0,0,0,0,0
543,1111,446,1319,131,812,1009,1017,755,929,935,794,667,932,157,0,0,0,0,0,0,0,0,0,0,0,0,0,0
901,866,682,724,955,66,46,1388,1580,723,1315,336,145,639,323,235,1312,963,723,1580,0,0,0,0,0,0,0,0,0
307,541,1618,253,1096,466,343,1070,328,390,1197,1562,876,1294,383,1143,328,1032,1369,0,0,0,0,0,0,0,0,0,0
492,570,541,1371,733,1427,870,809,1536,601,633,1416,1299,761,447,199,496,386,0,0,0,0,0,0,0,0,0,0,0
706,713,346,1373,575,1625,578,39,1095,760,35,1315,494,1085,785,713,996,199,157,0,0,0,0,0,0,0,0,0,0
61,1618,292,807,1451,55,876,723,1382,1370,1415,1580,1272,723,1422,793,1351,200,1197,1415,1032,901,820,1019,292,55,0,0,0
1123,1176,315,1405,484,1620,559,1405,137,1622,871,1088,1089,1505,561,670,325,546,869,1260,908,684,0,0,0,0,0,0,0
1606,358,591,360,1427,100,847,1403,579,1472,732,916,697,485,490,400,0,0,0,0,0,0,0,0,0,0,0,0,0
1508,1092,707,1229,1343,1242,267,519,963,728,1358,752,541,1448,689,1155,1520,210,0,0,0,0,0,0,0,0,0,0,0
1496,624,675,800,68,839,1209,1080,1066,83,1621,661,372,642,726,386,1426,413,1209,86,0,0,0,0,0,0,0,0,0
313,446,142,715,1125,1245,46,737,1096,336,590,755,692,1478,1608,827,1631,1119,1117,1192,1075,755,590,1096,0,0,0,0,0
1511,1075,1139,134,714,620,172,1243,1022,778,849,602,846,1087,1326,628,1461,1275,1622,641,343,67,164,-1,1093,0,0,0,0
109,338,437,265,666,598,125,1503,168,1527,580,184,497,10,508,874,976,1144,1011,702,91,24,0,0,0,0,0,0,0
33,299,1016,1392,82,280,395,1331,159,33,175,783,447,769,88,932,407,1349,769,0,0,0,0,0,0,0,0,0,0
1369,258,1535,1400,1148,1202,1609,1000,658,814,654,384,488,1246,940,1400,169,1104,683,1626,169,0,0,0,0,0,0,0,0
113,994,776,1633,1317,1149,699,530,601,1368,1628,988,327,833,383,1173,0,0,0,0,0,0,0,0,0,0,0,0,0
1312,872,1384,749,1636,1565,307,1438,839,211,1282,1215,1374,733,1533,442,1048,1347,1215,0,0,0,0,0,0,0,0,0,0
1256,888,857,467,1287,403,108,719,1221,248,13,29,1440,543,645,403,1629,1224,1086,1071,959,1629,509,0,0,0,0,0,0
1227,1006,415,1328,929,1108,1203,1199,1227,1295,200,371,63,755,1199,1271,254,1015,187,1388,635,1271,1580,254,0,0,0,0,0
724,763,1330,843,1284,12,960,834,614,323,600,235,1572,308,1232,1488,821,792,323,614,1143,0,0,0,0,0,0,0,0
1526,1536,1047,599,922,435,804,1345,348,410,0,0,0,0,0,0,0,0,0,0,0,0,0,0,0,0,0,0,0
1635,1200,328,1140,1416,935,570,499,553,188,1456,989,1027,1532,1307,840,852,662,858,1371,1098,1051,1037,553,188,499,0,0,0
764,1578,1555,1251,895,660,179,1112,873,1557,139,327,216,734,1170,1385,1035,139,0,0,0,0,0,0,0,0,0,0,0
1530,567,569,1593,718,584,1013,389,388,75,795,392,1486,633,5,0,0,0,0,0,0,0,0,0,0,0,0,0,0
610,1414,879,390,1329,512,1522,900,397,1079,1611,794,848,746,1395,127,1280,809,1031,1329,1219,1546,0,0,0,0,0,0,0
708,1044,639,131,883,866,667,403,108,623,1333,1021,1303,304,145,912,771,0,0,0,0,0,0,0,0,0,0,0,0
593,1319,38,483,987,1294,520,738,492,133,1355,1049,977,278,66,1592,417,576,136,0,0,0,0,0,0,0,0,0,0
782,1301,606,696,937,766,761,368,870,401,604,1544,405,0,0,0,0,0,0,0,0,0,0,0,0,0,0,0,0
136,113,994,761,606,645,876,187,604,1436,1580,83,84,339,1176,1312,1303,783,1472,929,373,1357,1176,339,0,0,0,0,0
999,1546,1076,584,658,1478,442,1096,995,874,955,541,327,1246,900,591,796,488,919,847,1478,497,0,0,0,0,0,0,0
1140,874,1468,1215,1629,1203,728,100,749,1140,384,1243,814,304,834,336,922,1275,1221,901,873,749,100,764,0,0,0,0,0
417,637,1368,12,800,1319,198,1065,254,368,494,1315,1111,807,570,912,86,1242,1108,198,0,0,0,0,0,0,0,0,0
960,1620,1545,1171,1326,1317,35,982,1070,846,1605,1605,408,127,1622,403,633,1400,1229,1047,1070,846,0,0,0,0,0,0,0
708,585,5,67,1155,785,1294,283,1155,313,610,1292,1144,1369,24,1626,997,446,731,1635,169,576,0,0,0,0,0,0,0
184,622,61,1527,134,1282,198,1347,1522,1095,1631,1451,1351,940,618,840,618,1284,137,706,670,1123,0,0,0,0,0,0,0
253,1032,1371,559,1493,66,1088,372,1608,6,392,157,230,490,869,1329,1503,874,378,795,0,0,0,0,0,0,0,0,0
166,684,1031,1606,734,1373,496,782,1098,109,1048,580,340,963,1448,734,682,1374,389,692,139,1119,1448,963,0,0,0,0,0
718,888,492,820,143,1438,553,1262,976,425,553,675,216,1511,1036,798,425,0,0,0,0,0,0,0,0,0,0,0,0
1526,883,766,639,1345,1508,1079,707,883,1238,661,467,278,1079,1060,1329,142,235,1519,1618,10,0,0,0,0,0,0,0,0
1132,55,1392,763,935,895,801,1423,578,792,1456,162,1496,341,1013,1035,719,223,1385,1488,223,0,0,0,0,0,0,0,0
183,561,1000,94,1530,431,441,714,1280,483,697,1628,760,746,0,0,0,0,0,0,0,0,0,0,0,0,0,0,0
598,119,1184,745,1209,627,13,839,172,738,371,240,662,1066,133,1170,1333,1620,843,627,0,0,0,0,0,0,0,0,0
713,194,1192,857,1086,861,713,267,1557,299,108,295,75,599,1049,977,1037,75,996,1011,437,29,29,0,0,0,0,0,0
602,63,168,1287,1260,1048,315,579,879,546,1427,519,1440,1349,68,702,1027,543,870,1358,0,0,0,0,0,0,0,0,0
635,872,1009,590,726,159,1139,754,1024,790,654,871,667,989,1256,959,760,858,1113,1370,601,658,520,667,635,0,0,0,0
323,1328,179,427,893,769,1183,569,1250,691,1019,1017,177,0,0,0,0,0,0,0,0,0,0,0,0,0,0,0,0
1158,1172,1407,827,466,1415,371,1125,33,641,53,397,338,614,104,620,1044,410,1271,1609,724,258,0,0,0,0,0,0,0
1395,600,1085,1512,1331,1524,600,1085,400,405,200,498,501,386,1426,980,249,429,593,0,0,0,0,0,0,0,0,0,0
203,812,1093,328,624,1016,261,1021,64,407,1071,1152,567,1124,1006,307,0,0,0,0,0,0,0,0,0,0,0,0,0
793,447,1414,390,833,485,530,1461,360,91,683,804,512,175,1002,164,164,1219,292,82,1057,1636,0,0,0,0,0,0,0
415,1565,46,1117,737,1112,628,565,953,1117,1625,0,0,0,0,0,0,0,0,0,0,0,0,0,0,0,0,0,0
1536,1197,1505,1149,395,188,308,39,829,972,435,821,916,581,265,627,280,659,778,1408,0,0,0,0,0,0,0,0,0
210,893,498,576,1345,1358,601,843,876,1104,766,175,338,1245,1144,766,1633,0,0,0,0,0,0,0,0,0,0,0,0
790,1229,187,230,1501,408,1382,1227,829,878,139,999,1611,1631,1636,255,1478,1173,1501,1546,1219,1076,0,0,0,0,0,0,0
441,143,133,1307,1258,1374,63,1370,715,119,133,1262,82,879,1535,484,108,1021,429,610,172,793,0,0,0,0,0,0,0
13,847,1111,1061,494,734,137,1403,1625,778,1405,1194,389,12,348,1416,1555,415,468,1411,1086,327,0,0,0,0,0,0,0
512,384,1282,937,203,1006,1124,1532,937,94,1626,833,769,0,0,0,0,0,0,0,0,0,0,0,0,0,0,0,0
341,1522,162,1608,1385,592,935,900,1202,846,1526,592,1284,807,1197,746,446,1587,570,839,211,935,846,0,0,0,0,0,0
814,1388,1580,35,1125,1557,10,199,667,265,1299,325,895,916,1496,1149,1461,1384,1152,198,1203,1158,0,0,0,0,0,0,0
641,1536,1143,771,974,168,1060,1426,368,1628,1317,852,159,280,635,974,0,0,0,0,0,0,0,0,0,0,0,0,0
761,1071,1044,1065,431,530,1609,728,654,1251,164,497,447,508,1448,795,980,1292,702,1351,1369,761,1071,637,0,0,0,0,0
1095,61,940,1472,1232,1171,1108,1238,388,749,1343,10,1088,1066,0,0,0,0,0,0,0,0,0,0,0,0,0,0,0
55,1400,1272,400,-1,1503,157,490,261,599,1049,64,737,1374,718,1593,691,316,427,1611,639,1155,492,1581,1272,0,0,0,0
605,659,627,520,38,353,633,714,1508,1327,760,407,249,0,0,0,0,0,0,0,0,0,0,0,0,0,0,0,0
177,1002,541,1085,339,1243,1530,675,467,113,624,567,328,1022,600,336,1544,0,0,0,0,0,0,0,0,0,0,0,0
378,386,323,1357,1123,1562,581,253,812,827,733,883,86,307,1176,1113,134,1562,602,0,0,0,0,0,0,0,0,0,0
283,1519,858,591,258,1438,982,198,858,543,395,989,188,798,1512,-1,0,0,0,0,0,0,0,0,0,0,0,0,0
235,39,253,1036,1031,901,1048,1303,392,46,1423,1287,12,1070,1183,66,785,134,776,872,75,1199,509,833,776,0,0,0,0
932,584,1242,1414,1013,857,68,1024,963,1460,29,131,223,1112,988,708,801,1422,1227,1511,0,0,0,0,0,0,0,0,0
553,1392,792,1093,1293,1319,-1,614,683,1326,1546,697,1147,1261,1496,1009,724,575,1079,1147,0,0,0,0,0,0,0,0,0
618,869,1622,53,1527,719,1312,1301,304,496,1080,0,0,0,0,0,0,0,0,0,0,0,0,0,0,0,0,0,0
1620,1618,546,579,692,873,919,1341,315,346,488,313,713,501,1280,1572,24,476,1420,888,0,0,0,0,0,0,0,0,0
254,661,1486,466,1355,142,1246,1170,6,565,1096,169,267,662,977,1407,1408,0,0,0,0,0,0,0,0,0,0,0,0
604,1140,996,1565,1524,6,642,439,100,1545,1087,707,1032,929,67,559,5,519,1017,1315,1172,0,0,0,0,0,0,0,0
995,410,696,953,885,1368,848,1209,834,1456,91,1117,1333,83,840,417,871,1057,373,796,0,0,0,0,0,0,0,0,0
1119,200,752,360,358,763,1294,997,1468,1215,874,1420,976,658,390,731,1493,912,108,755,809,1332,1329,390,0,0,0,0,0
661,776,1461,798,431,256,1006,543,972,437,900,1202,598,1347,1416,1035,1385,916,1024,346,0,0,0,0,0,0,0,0,0
1635,1565,484,559,63,885,1148,963,1400,871,67,974,1326,872,1215,247,0,0,0,0,0,0,0,0,0,0,0,0,0
809,874,702,766,559,691,1357,660,226,325,901,1351,623,480,1609,728,1021,1092,1521,0,0,0,0,0,0,0,0,0,0
578,429,1415,39,708,878,496,1061,109,490,1557,785,1415,371,1562,1526,800,194,1192,1075,0,0,0,0,0,0,0,0,0
839,719,1422,1532,848,732,1403,847,633,1312,164,501,1272,1117,248,499,283,171,0,0,0,0,0,0,0,0,0,0,0
1089,1493,108,1536,392,746,64,1280,567,348,723,64,1057,1262,386,999,0,0,0,0,0,0,0,0,0,0,0,0,0
1622,570,569,1051,1194,553,994,1245,1427,624,1017,869,415,495,1307,0,0,0,0,0,0,0,0,0,0,0,0,0,0
1044,403,1436,683,778,307,467,216,833,162,790,754,755,1501,1438,188,413,1108,0,0,0,0,0,0,0,0,0,0,0
1085,1472,1511,1227,1331,1369,1124,1227,1488,1019,1171,785,134,1075,1250,1299,1503,0,0,0,0,0,0,0,0,0,0,0,0
1203,1327,1356,179,1032,323,600,1371,1374,1258,1184,323,794,728,1605,602,1071,1512,82,0,0,0,0,0,0,0,0,0,0
733,417,184,100,353,590,605,1608,620,706,726,1282,707,1414,166,211,839,0,0,0,0,0,0,0,0,0,0,0,0
760,960,1036,883,1329,187,645,46,368,1388,876,599,368,46,645,372,1261,172,546,446,752,829,0,0,0,0,0,0,0
304,1070,1275,1611,299,1405,959,764,169,75,1260,340,1048,1301,1013,435,84,953,1307,1140,75,169,0,0,0,0,0,0,0
378,1426,1037,575,210,447,1395,1368,1076,870,1345,1373,543,745,599,198,1152,1460,1631,0,0,0,0,0,0,0,0,0,0
1123,1355,1629,874,995,1440,654,1232,159,654,635,1478,888,255,658,0,0,0,0,0,0,0,0,0,0,0,0,0,0
183,200,1456,1096,1139,1022,86,935,937,336,846,1000,24,1508,0,0,0,0,0,0,0,0,0,0,0,0,0,0,0
119,827,134,585,1515,1155,1112,476,1420,508,783,754,861,139,908,1408,0,0,0,0,0,0,0,0,0,0,0,0,0
1095,280,1486,1027,61,346,488,1521,1411,343,1544,769,919,64,1119,0,0,0,0,0,0,0,0,0,0,0,0,0,0
1271,1159,388,125,1219,1581,203,113,137,980,1031,33,1224,1520,1048,749,738,738,989,1246,199,988,0,0,0,0,0,0,0
734,313,561,1229,922,982,821,405,591,1343,-1,987,91,604,1329,1332,976,253,561,0,0,0,0,0,0,0,0,0,0
849,509,29,1545,576,857,143,133,1530,820,1125,1251,879,1242,136,397,295,809,442,0,0,0,0,0,0,0,0,0,0
425,425,840,1238,1079,675,13,1172,1606,666,278,104,249,1468,265,390,1086,812,1009,1384,358,0,0,0,0,0,0,0,0
614,1626,642,606,696,175,628,1587,1173,1522,761,1147,466,1593,492,932,519,530,1149,446,752,1080,1199,696,0,0,0,0,0
441,308,498,292,1132,395,1578,35,0,0,0,0,0,0,0,0,0,0,0,0,0,0,0,0,0,0,0,0,0
598,995,283,1347,834,1170,1423,590,987,593,168,715,1015,929,893,127,1184,1456,1096,1049,599,0,0,0,0,0,0,0,0
1522,580,707,108,916,804,794,1620,840,216,1061,1125,1478,1611,1356,1357,495,996,378,145,509,1461,0,0,0,0,0,0,0
1508,1194,1557,1621,749,389,654,610,1158,1521,1229,1047,1280,760,61,1024,869,1258,1280,1080,446,728,1194,0,0,0,0,0,0
1035,1385,1051,591,1343,494,1315,1578,1512,827,872,591,1343,1275,1155,1092,316,1144,480,0,0,0,0,0,0,0,0,0,0
1635,177,667,278,1027,427,1519,1294,1140,1245,635,1242,315,857,1144,1605,1203,184,162,35,187,0,0,0,0,0,0,0,0
407,1520,508,702,541,776,604,467,1565,684,1260,1159,261,776,604,0,0,0,0,0,0,0,0,0,0,0,0,0,0
660,55,1287,1088,858,1370,413,6,1113,254,659,1303,1460,368,328,807,605,718,1593,972,253,1148,0,0,0,0,0,0,0
142,573,1631,198,249,1087,1262,937,1388,1171,785,134,1256,861,737,798,878,1532,1319,0,0,0,0,0,0,0,0,0,0
662,346,307,91,733,1017,977,833,1384,392,821,435,1119,280,1017,179,871,86,91,307,733,719,390,888,614,1108,341,662,346
248,137,1515,585,1117,713,976,1317,68,766,1618,235,1261,846,1328,199,1587,1472,0,0,0,0,0,0,0,0,0,0,0
442,53,476,75,166,1076,133,442,1511,1093,546,829,441,955,771,1243,782,0,0,0,0,0,0,0,0,0,0,0,0
901,64,1031,490,1545,360,1326,1284,622,1486,922,901,0,0,0,0,0,0,0,0,0,0,0,0,0,0,0,0,0
953,1526,879,601,194,1293,1010,1636,778,620,1112,633,501,754,1327,388,10,0,0,0,0,0,0,0,0,0,0,0,0
1355,1037,764,1331,1438,1341,628,1333,397,1533,714,570,1625,1368,437,1524,1307,792,1530,431,83,84,203,908,1625,1368,755,1227,1224
578,1075,313,1436,66,1192,1301,1436,994,1420,485,1496,567,1572,1426,1192,599,0,0,0,0,0,0,0,0,0,0,0,0
639,1086,343,675,183,1152,795,1194,63,39,67,1238,1280,697,143,24,410,795,183,0,0,0,0,0,0,0,0,0,0
1251,492,553,466,1440,1143,157,1611,63,1329,1625,1089,1200,1345,1422,0,0,0,0,0,0,0,0,0,0,0,0,0,0
661,1209,809,373,1609,738,1371,989,292,683,1400,623,1555,386,496,847,1403,873,714,633,592,940,38,801,0,0,0,0,0
666,1629,1044,1382,912,745,483,796,1194,1070,1620,559,1299,1085,417,1006,1065,624,0,0,0,0,0,0,0,0,0,0,0
849,761,852,1250,1628,1581,1272,1021,895,1219,820,769,64,1199,1147,295,642,1626,0,0,0,0,0,0,0,0,0,0,0
919,488,543,125,932,800,645,1488,1111,384,1282,184,403,131,883,1374,1622,134,1123,184,0,0,0,0,0,0,0,0,0
565,1527,1172,732,1292,1149,415,575,1530,1312,1544,1013,1104,1633,348,1503,960,723,1581,1299,699,0,0,0,0,0,0,0,0
13,12,512,1331,1501,230,498,843,46,33,88,576,12,980,33,0,0,0,0,0,0,0,0,0,0,0,0,0,0
1215,139,484,988,1307,395,1505,1057,171,814,1183,1411,1370,1113,670,496,682,171,1384,1124,1066,136,372,0,0,0,0,0,0
389,1633,829,1035,1385,199,1520,171,66,1461,872,1609,1017,1545,749,1282,752,437,0,0,0,0,0,0,0,0,0,0,0
5,6,932,1013,1369,175,1468,1400,1315,1451,0,0,0,0,0,0,0,0,0,0,0,0,0,0,0,0,0,0,0
1345,133,848,1460,1373,1545,226,498,12,143,1456,1197,133,0,0,0,0,0,0,0,0,0,0,0,0,0,0,0,0
1493,327,1287,139,446,1426,292,738,697,0,0,0,0,0,0,0,0,0,0,0,0,0,0,0,0,0,0,0,0
1075,801,599,1117,188,995,1238,1611,136,1620,1384,159,635,997,476,1301,580,647,1000,639,0,0,0,0,0,0,0,0,0
64,431,313,839,488,38,683,1307,249,210,1152,1416,1580,947,0,0,0,0,0,0,0,0,0,0,0,0,0,0,0
901,807,1472,929,955,628,900,328,373,258,413,1631,641,1119,0,0,0,0,0,0,0,0,0,0,0,0,0,0,0
633,570,1621,726,353,447,1356,1511,1176,1087,592,731,1327,893,63,1329,1044,908,0,0,0,0,0,0,0,0,0,0,0
55,29,1592,916,265,953,1140,852,660,134,785,485,793,308,1104,1292,755,754,623,793,1089,874,485,0,0,0,0,0,0
1227,1242,937,1557,785,1093,1275,606,280,708,576,645,179,763,405,869,1260,1016,1331,307,1037,125,796,960,645,763,0,0,0
760,86,1581,1609,1357,429,754,1384,692,1347,427,814,84,1544,0,0,0,0,0,0,0,0,0,0,0,0,0,0,0
976,358,68,1488,1092,137,666,1618,1562,1098,1183,255,809,339,782,1143,1395,390,0,0,0,0,0,0,0,0,0,0,0
483,1006,1124,567,1002,39,764,1414,861,598,1123,172,804,1355,127,403,157,1022,429,546,0,0,0,0,0,0,0,0,0
1478,658,1086,1262,989,553,1079,620,1184,1284,75,1341,1066,1219,977,988,1027,0,0,0,0,0,0,0,0,0,0,0,0
699,13,733,1317,584,1095,346,1440,183,100,316,846,601,1088,1065,1009,667,200,0,0,0,0,0,0,0,0,0,0,0
1587,383,827,304,737,64,1578,131,1536,1606,82,162,585,689,661,1415,371,1295,164,579,1515,1508,0,0,0,0,0,0,0
323,519,719,336,1532,972,1565,1326,840,1200,982,442,1535,315,654,591,1343,769,1194,343,0,0,0,0,0,0,0,0,0
790,1171,261,590,1173,1085,959,1312,696,104,1125,1149,963,1250,1388,35,994,198,1152,706,1049,1312,0,0,0,0,0,0,0
341,1024,340,919,895,299,94,520,1024,83,871,912,1294,441,1629,1243,1048,490,109,1096,0,0,0,0,0,0,0,0,0
1347,600,1438,283,1572,1427,778,278,707,1423,1271,417,91,494,1256,1522,1608,1527,866,1172,1070,417,1271,1009,0,0,0,0,0
1411,159,734,1061,410,987,216,1272,410,368,425,1148,1194,795,1111,348,792,1496,1422,0,0,0,0,0,0,0,0,0,0
642,1626,1319,187,203,1351,1436,67,732,610,1031,935,885,1303,1578,1530,1258,1593,718,187,1578,1280,0,0,0,0,0,0,0
1533,1051,1333,400,1199,512,637,113,88,1251,833,883,1328,46,843,501,1407,1408,177,1370,415,1605,974,622,1526,546,0,0,0
435,1203,254,1382,497,325,682,1636,800,484,1221,1261,1486,-1,569,1032,624,879,1113,466,386,392,800,821,435,1382,0,0,0
858,1113,278,343,226,1546,798,624,304,100,327,199,216,341,1515,982,0,0,0,0,0,0,0,0,0,0,0,0,0
5,6,1411,64,372,1329,372,959,1095,373,576,713,338,937,1493,1512,1013,509,1143,38,1293,1293,1533,1066,1108,576,713,373,0
1440,1144,1593,1436,210,467,230,143,1096,1608,1333,974,869,1478,1527,699,590,253,1148,466,580,561,0,0,0,0,0,0,0
814,614,610,1019,876,12,543,1009,812,84,1307,994,254,1173,0,0,0,0,0,0,0,0,0,0,0,0,0,0,0
1301,299,1048,137,1629,1555,1355,1027,1006,849,1426,442,1535,1343,598,1261,579,1047,88,0,0,0,0,0,0,0,0,0,0
1332,1580,1581,1395,346,353,821,1508,1087,1532,769,492,1272,733,1036,0,0,0,0,0,0,0,0,0,0,0,0,0,0
316,339,131,861,1149,1172,972,1159,476,766,0,0,0,0,0,0,0,0,0,0,0,0,0,0,0,0,0,0,0
1357,68,755,1423,1098,82,162,1037,922,852,0,0,0,0,0,0,0,0,0,0,0,0,0,0,0,0,0,0,0
1184,210,384,211,1347,873,707,1194,1057,977,1079,1303,1408,1496,35,1209,134,1468,873,1215,0,0,0,0,0,0,0,0,0
358,164,371,1415,833,776,265,785,1358,1093,91,183,996,659,75,0,0,0,0,0,0,0,0,0,0,0,0,0,0
13,1317,1405,323,177,1618,602,1070,847,175,13,200,1197,175,127,139,696,1125,425,618,792,0,0,0,0,0,0,0,0
683,684,240,1245,827,1384,392,179,591,1299,168,0,0,0,0,0,0,0,0,0,0,0,0,0,0,0,0,0,0
-1,169,166,737,1031,1238,1460,940,39,683,1427,794,388,573,0,0,0,0,0,0,0,0,0,0,0,0,0,0,0
662,1124,1620,794,1006,1326,171,0,0,0,0,0,0,0,0,0,0,0,0,0,0,0,0,0,0,0,0,0,0
1227,340,883,63,885,639,133,1521,1486,1522,637,1611,0,0,0,0,0,0,0,0,0,0,0,0,0,0,0,0,0
1536,368,641,1622,848,660,1438,1636,800,325,692,390,620,708,1488,932,519,235,0,0,0,0,0,0,0,0,0,0,0
145,1622,520,1451,795,1407,1408,569,497,145,553,0,0,0,0,0,0,0,0,0,0,0,0,0,0,0,0,0,0
29,628,53,1505,1374,1258,395,435,592,-1,988,807,995,0,0,0,0,0,0,0,0,0,0,0,0,0,0,0,0
109,484,1414,1392,1155,328,763,1123,313,136,1545,1392,1328,0,0,0,0,0,0,0,0,0,0,0,0,0,0,0,0
728,1609,512,1147,119,809,955,820,1140,24,987,666,546,829,0,0,0,0,0,0,0,0,0,0,0,0,0,0,0
203,1171,439,1330,1051,1631,1242,661,1224,623,1520,834,46,749,870,401,601,86,157,530,1065,661,1224,0,0,0,0,0,0
1400,378,408,403,1370,719,879,633,745,188,1578,348,498,1061,308,960,383,600,0,0,0,0,0,0,0,0,0,0,0
1572,67,1086,1511,1011,857,604,1524,778,1312,142,843,541,1119,413,593,895,790,0,0,0,0,0,0,0,0,0,0,0
113,94,292,570,1519,1219,658,104,1104,1369,427,1203,1085,1422,485,1420,292,0,0,0,0,0,0,0,0,0,0,0,0
494,183,476,776,1496,1333,1618,64,484,1221,600,719,1261,883,278,142,1357,0,0,0,0,0,0,0,0,0,0,0,0
1395,1606,624,1405,1328,699,988,1149,226,982,496,670,1505,308,1284,68,790,0,0,0,0,0,0,0,0,0,0,0,0
1611,267,1351,764,1524,999,879,575,169,1440,605,497,846,1609,1246,633,873,1092,764,0,0,0,0,0,0,0,0,0,0
1095,61,198,199,1587,591,159,1448,1024,137,1152,388,164,164,713,86,541,166,0,0,0,0,0,0,0,0,0,0,0
1262,761,771,1620,559,1006,843,601,94,1060,752,55,283,947,46,223,1287,519,395,0,0,0,0,0,0,0,0,0,0
1488,1416,1272,1501,1331,211,876,1209,1200,240,1031,1368,67,1098,1027,466,1229,976,1535,530,0,0,0,0,0,0,0,0,0
675,292,1219,1089,413,66,340,1076,104,0,0,0,0,0,0,0,0,0,0,0,0,0,0,0,0,0,0,0,0
1035,1140,796,1460,1327,614,599,-1,100,569,1341,980,1521,249,1468,368,339,1451,0,0,0,0,0,0,0,0,0,0,0
1123,313,33,1232,552,1493,639,407,299,731,800,1022,755,1085,1557,407,0,0,0,0,0,0,0,0,0,0,0,0,0
1096,258,885,520,706,63,1546,1096,384,1282,1356,1275,707,1299,401,1061,348,1343,417,63,1176,0,0,0,0,0,0,0,0
157,248,737,143,691,584,431,1227,1420,1392,1172,1369,1066,900,932,1349,635,576,1373,498,235,0,0,0,0,0,0,0,0
1032,415,1461,1382,869,378,1572,1608,769,113,1520,590,734,1408,253,769,400,794,908,0,0,0,0,0,0,0,0,0,0
1329,403,1407,13,108,1414,1622,829,1011,827,1224,804,1280,131,1460,919,343,1093,814,210,654,610,901,0,0,0,0,0,0
567,1294,929,1472,1456,168,508,763,392,1358,179,1112,1009,38,592,1250,848,661,893,24,0,0,0,0,0,0,0,0,0
641,53,696,203,1243,1071,820,84,1170,437,916,265,1147,509,1019,188,211,1117,0,0,0,0,0,0,0,0,0,0,0
994,261,726,1635,1508,1426,738,483,1605,602,442,316,1301,790,861,637,1620,794,171,1301,840,1242,895,994,726,1635,0,0,0
1303,718,145,1593,397,974,389,1427,1215,1438,1113,754,755,732,1139,1173,1329,1215,1345,0,0,0,0,0,0,0,0,0,0
1631,216,1086,874,1633,807,0,0,0,0,0,0,0,0,0,0,0,0,0,0,0,0,0,0,0,0,0,0,0
10,642,645,1002,723,1621,325,10,1048,35,425,715,360,1065,692,959,937,783,1626,429,1621,1272,1580,1260,0,0,0,0,0
492,606,1312,798,955,1544,490,871,1315,1111,307,0,0,0,0,0,0,0,0,0,0,0,0,0,0,0,0,0,0
714,254,134,652,795,184,618,1108,1238,1047,1625,1119,12,1016,1384,119,1192,1075,162,125,702,1256,1258,1016,0,0,0,0,0
620,989,561,570,1636,1578,821,435,1478,1628,852,1124,667,1374,280,1251,1183,738,0,0,0,0,0,0,0,0,0,0,0
1522,315,565,708,1015,390,598,760,1536,194,857,1515,1555,972,1545,1512,0,0,0,0,0,0,0,0,0,0,0,0,0
1295,977,1629,749,793,501,1326,1199,1044,39,405,75,885,940,728,1565,29,733,746,728,1400,383,912,996,1049,0,0,0,0
1123,283,660,1215,447,574,645,164,553,1493,681,812,18,119,453,1493,1413,1243,0,0,0,0,0,0,0,0,0,0,0
43,1059,1352,43,1059,1352,852,1321,61,959,840,837,397,1612,1394,116,187,603,621,1597,247,1215,1085,1620,71,599,1423,141,0
820,1230,1263,1468,1399,1631,255,185,5,1088,1510,855,781,335,1383,0,0,0,0,0,0,0,0,0,0,0,0,0,0
774,239,477,204,1223,299,1216,256,1456,412,1619,700,793,1475,1315,1256,906,970,1636,63,0,0,0,0,0,0,0,0,0
1096,1285,1267,821,1420,494,187,1351,38,1626,442,1301,1311,215,1149,658,0,0,0,0,0,0,0,0,0,0,0,0,0
1581,555,57,443,173,1269,547,731,1313,1299,160,1297,947,1110,519,1203,1401,0,0,0,0,0,0,0,0,0,0,0,0
1547,857,1084,1469,91,655,805,1153,1585,223,1203,1091,340,1585,311,1555,1189,1276,1018,636,997,1012,0,0,0,0,0,0,0
1283,350,404,620,1169,722,810,417,807,955,425,689,384,1608,833,1225,575,1562,0,0,0,0,0,0,0,0,0,0,0
1563,1000,776,13,564,67,1496,661,440,93,813,1019,1011,919,493,1304,803,111,99,1022,1011,813,1304,0,0,0,0,0,0
3,1101,1501,1292,666,265,830,1331,1122,706,719,1392,184,495,1319,1119,520,1086,1392,343,597,0,0,0,0,0,0,0,0
1158,336,1333,593,191,829,1117,136,86,0,0,0,0,0,0,0,0,0,0,0,0,0,0,0,0,0,0,0,0
202,305,239,887,386,887,714,989,39,10,1199,808,866,596,66,834,909,972,0,0,0,0,0,0,0,0,0,0,0
113,203,124,1389,778,328,749,618,1016,814,609,895,1183,1324,327,495,1419,1274,885,466,321,942,1272,13,1274,0,0,0,0
1532,1047,1321,1621,761,614,789,1327,614,418,1557,1092,0,0,0,0,0,0,0,0,0,0,0,0,0,0,0,0,0
719,1323,120,214,510,1046,56,1236,500,565,233,1162,1027,1082,1181,315,0,0,0,0,0,0,0,0,0,0,0,0,0
1214,1371,728,780,387,764,-1,1127,626,1588,324,750,1312,908,429,1614,772,728,0,0,0,0,0,0,0,0,0,0,0
1144,598,635,1507,572,395,1395,133,1195,849,858,82,1370,1244,467,1057,1142,813,0,0,0,0,0,0,0,0,0,0,0
297,1152,552,846,1517,509,592,696,667,0,0,0,0,0,0,0,0,0,0,0,0,0,0,0,0,0,0,0,0
1508,1515,878,1456,190,1234,1451,337,29,526,570,1252,800,139,413,285,154,1367,1456,1006,861,0,0,0,0,0,0,0,0
1036,608,881,637,941,458,766,368,1147,1261,724,258,642,1584,75,546,1143,0,0,0,0,0,0,0,0,0,0,0,0
1326,155,1448,759,1418,1109,1074,949,1235,108,1625,1250,746,1388,567,341,237,949,0,0,0,0,0,0,0,0,0,0,0
1302,480,361,433,63,100,680,554,390,177,792,1246,796,1151,646,1408,1159,346,0,0,0,0,0,0,0,0,0,0,0
514,487,485,1075,967,1163,934,1580,836,1186,61,174,1594,408,24,135,1287,836,86,1186,434,0,0,0,0,0,0,0,0
253,1104,1090,1085,1482,1237,1442,1535,1404,963,1358,1343,372,845,950,466,121,1629,401,870,64,277,1237,507,1090,0,0,0,0
