1546,1219,1022,1545,893,1027,417,1299,667,793,771,1544,431,600,732,1609,641,267,64,1125,1108,203,441,922
982,800,590,12,662,520,265,670,1515,1087,1176,820,328,125,707,900,683,1152,561,702,100,769,134,997
142,1194,584,169,495,408,435,137,166,485,1021,1086,908,1621,1076,1327,1622,1345,760,1293,718,726,341,216
814,1521,1620,323,1368,177,1088,1250,1530,794,1140,38,972,66,752,645,403,1400,1159,1448,1535,258,849,1294
790,1312,604,340,397,1618,371,959,1501,230,960,1341,484,1423,343,895,872,13,248,684,415,171,1199,1006
1555,1096,1144,719,977,642,1172,541,869,35,1184,407,188,570,929,1036,253,299,1013,821,1303,553,843,127
1526,1051,1202,1111,1315,1456,442,164,1071,989,104,183,614,1158,210,1037,1330,82,292,602,254,1440,543,1117
410,660,1066,109,1416,1407,937,1343,746,1486,360,159,280,912,530,1427,1011,1057,599,1049,591,401,143,734
240,840,496,1415,1242,796,738,327,389,955,1532,325,199,353,1209,1369,567,1626,1628,392,1536,1238,1061,1085
598,501,1520,1629,1173,372,995,987,1395,1581,749,1451,346,1048,1044,1468,999,861,1262,1385,519,876,592,388
1243,1319,1608,336,569,226,1524,1035,809,24,84,1095,490,1329,83,1148,86,1170,1333,785,807,1197,1092,1371
988,175,857,706,1258,618,338,1221,395,1347,708,1420,573,733,512,834,400,1565,559,1070,1227,108,131,1079
235,661,1519,1606,1113,1370,883,953,996,1024,1512,1060,1411,782,368,1328,437,6,1326,184,947,1357,940,980
136,1143,578,633,565,439,145,308,172,689,1203,994,1633,133,1301,179,1284,1578,1557,488,39,1625,497,1183
1356,1631,878,157,585,1592,1422,798,29,1533,1496,763,885,764,492,682,666,737,879,278,295,390,1275,1408
168,373,1032,974,1271,804,1200,870,1580,754,623,839,919,778,699,1256,1229,91,358,1587,383,852,483,1611
697,1562,53,1392,1472,1505,1414,888,255,1332,1388,713,1593,874,1192,1224,723,476,627,916,776,546,829,348
1403,1307,801,1104,579,384,1002,1000,575,427,68,10,1215,871,249,198,783,1251,1246,63,601,792,1511,1405
1460,1093,139,194,755,846,304,1016,1155,283,812,1478,1245,714,1331,1272,494,1112,429,1139,1098,1065,162,576
1123,313,635,858,405,1488,75,1508,847,745,658,724,499,509,508,963,935,1503,761,1292,119,1384,1287,1438
1522,307,628,795,827,1635,715,1009,696,1280,622,654,1382,1260,315,1089,1493,187,339,1119,316,1636,731,5
1031,498,1132,446,675,1373,67,620,580,88,866,848,976,833,1355,624,1047,1527,593,1075,61,1019,639,606
94,728,1317,211,466,1295,425,1461,1017,637,659,1282,1149,413,467,1232,223,610,33,766,605,1358,386,447
200,1015,1080,691,1147,901,1426,1124,1171,873,1605,261,113,932,55,378,46,1351,1436,1572,692,1261,1374,1349
134,976,315,782,1580,1017,292,104,763,785,198,223,194,940,987,1140,1423,492,1522,509,508,885,1294,1414
1104,1095,113,131,1173,769,682,157,1143,1440,683,392,1486,249,496,179,1199,1503,761,1592,348,567,878,216
912,1076,814,792,997,1508,91,1415,1562,67,307,1060,1200,63,389,159,955,661,400,602,446,519,732,1022
1044,1096,295,790,639,857,1262,733,240,600,1611,1533,1312,10,494,848,304,1061,1271,829,187,1451,125,793
715,1194,484,1048,1527,699,852,1369,1117,1426,386,328,1349,84,498,801,707,660,1593,932,1565,1192,405,336
327,258,1329,383,1351,754,1139,94,38,175,255,1608,1152,427,1272,417,654,980,719,1158,184,313,627,325
1171,696,1511,1261,1071,1317,1027,1098,573,1111,1420,1260,1403,425,1251,1047,624,490,483,1488,1478,783,994,143
706,1373,1456,1578,1331,972,697,633,834,1051,109,1319,1347,1333,447,1227,1388,1512,1219,441,371,738,543,230
764,833,1002,1049,599,895,1326,1057,1125,614,667,39,1282,177,1385,1123,415,397,771,407,299,1035,1332,346
1587,1636,989,24,1243,137,12,827,604,731,166,847,1245,1256,1108,254,804,1009,211,488,133,267,1519,466
662,1505,800,1021,1618,861,666,843,601,675,1112,338,1341,728,1080,935,908,1144,1395,341,1093,1293,580,33
203,1238,947,960,737,64,670,1183,794,46,530,145,1371,1609,200,1075,922,1515,119,55,1224,1209,1544,53
1400,1345,1416,1605,641,702,353,408,1172,358,29,1032,253,1246,1089,872,66,879,339,1422,164,1382,1203,1327
714,778,1357,1620,442,1013,437,83,1148,658,499,726,559,723,893,692,963,368,435,410,1250,13,901,1295
593,982,1132,100,937,429,168,578,1019,796,476,869,1355,840,235,1287,988,1530,1501,1436,495,261,1155,183
1392,745,162,88,839,795,888,959,1496,575,798,584,874,916,689,142,61,606,919,1628,265,1606,1635,755
622,1555,136,323,1629,1070,1202,996,1284,68,520,1036,1520,977,734,1000,403,628,82,642,1307,75,278,1015
485,1521,226,1031,576,579,866,1147,512,127,999,1184,384,1368,684,1011,724,598,1448,900,1065,316,820,610
1085,645,1119,1229,1016,1330,172,1149,570,390,171,1037,1088,871,280,1461,807,1258,199,1532,1006,1633,974,873
5,6,1066,439,1113,1631,108,1301,1370,1303,876,1221,395,340,1384,1232,776,308,812,691,592,1197,618,1536
283,1472,929,1524,1572,749,541,431,585,1358,1468,569,1622,360,86,659,1215,1343,1427,1621,1087,1493,188,501
1545,378,1280,1159,467,553,635,1328,1405,1292,858,752,565,870,401,1299,561,1275,1546,760,1408,1460,169,1407
883,1086,373,372,35,413,605,1581,718,1024,766,1170,849,846,1438,713,1079,637,1374,388,620,708,1356,1411
623,1176,953,1625,1526,343,1315,809,590,139,1557,591,821,1626,497,248,1124,746,1535,546,1242,995,1092,210
707,718,1251,754,439,622,1546,1303,283,427,996,1172,573,169,441,46,843,1578,635,267,499,1369,623,982
766,384,488,1526,604,1533,1232,922,131,1368,1219,1087,1262,177,761,605,1119,683,1144,719,240,1618,723,316
804,849,988,987,211,230,496,1227,485,1496,315,261,553,1275,796,661,760,1117,1017,637,628,113,157,869
600,466,908,104,1088,559,1501,108,980,829,546,1051,1092,278,675,1155,846,871,1147,976,580,1203,795,1000
1024,1245,495,1572,198,1152,833,1521,1261,937,1184,713,1139,171,1385,223,1096,1243,1593,1021,1171,5,172,494
164,61,410,1635,476,689,1095,800,792,1293,567,798,1089,429,35,1388,783,1403,1355,598,255,1606,670,1505
1357,977,425,1272,1580,446,442,932,162,1287,691,29,1250,1312,1581,12,389,388,358,159,1519,483,602,1407
1608,778,353,1544,593,1299,372,203,226,794,1423,737,1536,1565,1159,1022,1524,1557,785,1384,248,1636,1035,1370
501,1420,1140,1416,1405,866,1194,1628,348,807,142,618,1328,254,1173,490,216,1609,395,994,1294,323,1016,662
714,696,1512,569,1436,974,1065,39,1301,1124,1006,658,1351,1545,75,1093,790,258,1535,1037,752,492,847,1451
1229,1620,1587,1246,383,1349,497,731,137,1132,55,1047,1260,1426,1060,1315,1256,1621,327,1098,972,809,166,168
620,1036,960,1019,1032,1438,1009,63,699,633,697,827,666,136,1317,235,746,1493,373,1411,1125,660,1460,1343
1295,1633,1358,578,579,606,702,338,498,959,1374,265,67,763,728,1371,1221,1331,706,66,900,88,520,24
624,585,484,541,1488,1013,771,919,1104,183,1326,782,1508,360,435,935,1629,64,299,953,509,253,769,1532
437,885,1202,139,1271,878,955,776,565,1111,400,68,1027,764,295,947,408,1503,912,403,873,1123,940,684
793,292,645,1478,734,1448,1061,916,94,1282,732,86,1515,392,834,543,592,876,127,870,467,1292,610,519
1113,852,188,1076,1183,343,601,133,1192,1075,1347,1345,1200,447,1611,125,591,194,1562,1395,814,749,1456,249
1626,1199,715,1327,893,431,109,1215,325,667,405,1079,1112,812,1176,100,397,1085,1158,1209,1511,1468,840,999
997,820,561,821,336,530,415,874,508,1086,1148,84,654,857,963,995,576,733,417,1002,1224,883,1057,1071
1427,755,307,53,390,929,1472,1415,91,184,401,1341,1049,888,858,872,119,599,1530,659,1592,200,1031,1080
641,726,6,1408,313,1522,1486,590,708,179,614,145,1520,413,1392,745,210,371,570,1015,901,1319,280,1143
861,682,328,1330,724,1622,575,304,1044,346,368,1605,1555,1307,642,339,1631,839,1400,627,1356,512,175,801
1329,199,1238,407,308,1108,340,989,738,1280,1332,1258,38,1011,1149,1461,584,1242,1048,895,692,1414,1066,378
1373,13,1170,1333,1527,848,1382,1422,10,639,143,1070,1197,187,82,1284,83,1625,386,879,1440,134,341,33
1486,235,1148,699,738,336,989,1527,959,1011,530,1140,919,184,1295,267,1113,1031,1080,839,1095,591,1535,1555
847,378,870,1416,5,684,84,1356,1197,104,13,861,483,977,667,1520,429,508,1035,776,1373,1351,1139,790
1426,1096,872,24,1382,726,145,327,654,1572,624,833,1368,1326,1468,1215,249,83,827,1152,592,857,1229,1086
960,1532,1636,1565,783,570,1592,199,809,1403,171,307,1070,1246,1209,496,843,1343,408,1149,415,383,885,724
427,1635,553,137,248,1578,1515,254,908,1611,1203,814,639,1451,1275,912,109,1108,403,598,187,1119,113,401
1407,372,1256,996,410,683,64,576,278,86,373,1124,384,142,995,1051,834,866,1315,714,1405,1016,778,1076
431,662,1155,1562,1258,353,614,131,280,210,702,761,1521,1605,439,435,368,798,1388,1530,1111,1176,1171,134
1144,940,1199,883,499,1448,1606,937,1411,488,749,1238,447,1071,1243,169,1511,1374,498,796,177,240,1415,1631
1408,706,994,628,295,1048,255,1341,733,793,348,39,785,745,397,1423,63,605,1440,543,620,400,1472,53
1260,1522,1022,91,315,1505,976,1587,358,707,66,947,1123,764,782,1132,585,308,253,1075,567,1626,1478,395
68,1065,820,33,642,223,75,801,484,754,325,340,492,878,1395,133,795,1092,873,719,1098,1017,1015,413
658,974,1019,61,216,1618,1299,1194,323,1036,1427,929,1422,1032,633,166,840,29,800,139,283,1400,1219,1224
1172,1625,1002,1330,82,512,1438,546,602,328,200,172,600,261,922,437,425,1242,1112,1319,561,689,1512,143
1501,1609,852,718,339,715,386,999,1328,389,846,579,203,159,713,108,627,766,1628,1292,575,858,559,1488
1503,1037,1202,988,100,1384,578,1013,299,265,1526,593,125,763,1536,623,584,35,442,67,341,1250,1533,1006
1633,599,1245,94,769,390,1049,590,1392,874,1620,901,417,675,226,682,1317,1303,666,360,46,659,848,1271
1456,371,494,1272,1580,1021,405,490,618,792,1200,1044,622,1232,1227,183,893,1307,1493,1327,168,696,895,980
1519,466,1331,230,1436,1420,573,1301,1621,1221,1143,752,1293,1047,1024,1282,541,604,1544,794,1508,1183,963,972
737,812,645,467,982,501,519,1066,136,1581,1333,164,497,1284,932,1009,1261,1347,55,807,1170,1125,1461,1087
606,771,88,157,1629,849,313,162,509,916,1329,746,871,955,12,343,1159,198,1158,119,304,338,829,1117
1332,732,188,888,1370,1557,935,637,569,1027,407,392,1369,211,1414,734,641,708,1312,731,1622,1355,476,179
1089,691,879,316,1460,1088,175,1496,610,1385,804,953,10,1280,660,1262,446,194,728,1358,1545,1173,1546,441
1371,987,292,1357,601,388,1060,1349,821,1593,661,723,520,346,1524,127,997,635,565,6,1345,580,38,1294
1192,1608,760,755,1147,692,697,1000,869,258,1104,1287,900,485,1093,1057,1079,495,1061,1085,1251,670,876,1184
1060,814,752,618,1202,490,1544,1436,846,724,1280,1009,812,869,885,1037,878,879,999,1345,1112,876,467,1411
230,1292,988,1592,829,546,821,1088,654,1572,1493,346,662,1172,987,610,1032,358,1024,183,1357,1329,1271,785
1611,932,166,1373,488,1184,707,1578,353,642,600,620,400,200,728,1245,1015,579,833,384,1152,1403,847,35
792,1111,1515,561,769,172,1533,888,1581,719,1341,585,732,858,368,295,258,1319,870,133,1501,1535,6,1347
895,278,91,1295,341,573,1256,1527,417,283,33,66,1333,963,912,1170,604,145,53,641,699,371,1440,959
348,1242,1275,255,373,1143,100,1022,1243,203,82,1565,1035,1104,1609,1385,1407,731,734,1066,635,1461,413,1215
169,501,935,738,593,861,1374,848,1545,871,1203,1176,1079,1593,713,134,1250,1496,410,509,508,1382,104,1183
622,761,795,39,108,782,372,1199,840,1200,598,109,723,1580,1371,660,1158,240,265,388,1349,1092,210,1326
706,211,1414,614,226,1478,139,446,198,338,63,1633,1085,994,1587,639,1017,559,715,1260,1075,1262,496,1194
1098,1512,360,1057,1047,1331,601,553,804,143,131,442,874,661,764,1562,989,1123,627,435,5,389,565,125
1524,437,760,790,61,1420,1065,75,675,29,929,916,976,175,763,1027,392,1095,499,754,852,1628,1219,1246
1332,1392,188,1171,1307,1555,395,1460,328,658,405,497,755,1086,1400,1355,439,696,718,1370,1117,1423,407,576
1606,1159,383,280,1125,908,1227,873,1557,466,1426,261,745,1546,199,390,623,1140,313,776,1327,162,1519,872
336,953,184,1438,1388,708,1328,512,922,702,1526,1605,1317,584,901,543,1173,1358,667,1511,254,602,427,1416
1284,746,1048,340,10,1139,834,1229,88,578,1620,567,1147,849,86,628,403,325,605,606,1087,94,401,1315
84,1261,857,960,645,820,796,1408,980,974,1427,737,64,378,292,682,1148,127,1051,1124,793,177,159,476
1636,1293,12,1508,1468,1044,1258,248,484,1031,1197,425,327,1080,883,798,800,495,179,216,1119,1622,666,1503
323,171,637,1631,1472,1149,1209,570,1368,1061,494,1618,1608,441,223,1384,1303,1019,1144,1635,1405,940,68,1232
697,485,113,1108,541,1013,1016,947,1272,659,692,633,1113,386,164,1505,955,447,977,55,937,1488,1076,1224
492,592,194,670,801,972,13,1192,569,1626,1132,591,1251,766,866,691,1299,530,1456,1415,683,982,1521,919
267,1282,315,397,519,431,168,1395,1625,1530,235,142,599,308,1093,498,1036,253,771,137,1049,1369,689,157
996,249,1089,1002,415,1155,1096,807,624,1532,1621,783,1071,1000,1629,1312,1343,1006,1356,1287,714,316,684,1330
749,1351,1301,187,827,299,24,1448,304,893,1221,1070,1451,733,67,1238,483,580,339,408,1486,1294,590,839
997,38,1520,119,1422,794,726,809,900,136,1021,995,429,307,343,83,46,843,1536,778,1011,575,1522,520
575,1520,164,240,1415,166,467,1036,908,1330,702,922,392,916,1287,1015,1347,1076,567,1256,576,67,1373,104
1351,63,1526,1194,280,1374,1451,339,490,119,591,1139,754,133,1407,745,1282,488,1503,546,389,261,1095,346
1400,997,1521,1044,821,82,498,323,184,378,1203,1224,1608,580,1515,499,1301,1140,795,255,1096,796,561,932
75,696,1112,1536,734,782,348,1183,439,1545,1544,955,408,1246,501,304,707,1524,1215,1468,1329,763,1200,1392
353,431,1060,849,1578,530,466,1065,800,1472,223,812,953,1557,733,1530,267,790,874,1326,1087,373,1031,249
1245,35,508,55,131,1436,605,226,295,573,792,691,512,541,1147,1009,113,883,785,699,1527,1349,403,254
833,606,328,1635,1512,519,210,86,216,807,1242,1633,484,447,893,1488,635,776,771,858,623,1016,620,1192
1258,258,783,1250,622,417,628,413,168,809,1345,203,1011,988,1587,1427,1303,1171,1423,1328,1333,947,866,1315
1422,801,731,604,1519,937,746,675,446,980,435,1292,578,667,390,1384,1371,723,610,134,590,400,1414,766
341,994,109,565,1006,340,1093,624,1111,442,84,372,684,1535,737,397,637,407,316,1501,820,253,658,1478
1262,1075,94,6,570,569,1071,718,248,66,143,726,1546,719,1209,1143,1202,900,602,1293,888,1343,642,645
1022,1088,1148,199,496,1319,876,230,760,1606,307,1307,495,325,494,127,738,1049,639,441,171,661,1173,708
1461,1149,405,659,999,1625,383,1002,872,706,1170,283,1000,660,188,1369,793,1057,33,1089,879,585,1251,1013
715,368,1272,200,1357,24,1197,834,183,1341,497,1155,1243,798,761,1113,857,175,1388,1438,371,177,1416,641
299,1221,1275,1331,987,483,172,1159,769,68,1227,972,1532,336,996,1621,662,1628,852,1327,1086,1184,829,157
211,599,327,1037,1355,1019,315,1332,901,618,1284,1047,1368,1232,1580,584,1229,88,308,1280,61,1027,1382,752
125,1098,427,1070,492,187,1312,83,343,10,654,977,108,598,1035,5,1611,12,64,159,1048,1385,360,749
476,960,136,692,1505,395,1172,1581,871,847,13,1420,1562,804,139,1565,1629,989,1493,553,53,840,1125,194
1358,1486,520,697,1405,38,1219,162,1626,145,1176,265,869,278,91,1066,401,29,1261,39,137,1631,179,1017
169,338,1622,1496,142,1408,313,878,873,1448,1199,543,861,1080,1636,429,1092,384,755,485,1456,437,1051,1356
1271,827,846,1618,1104,592,1021,1158,1294,682,614,1609,728,870,1108,1238,1411,919,1511,100,235,839,1144,724
1508,683,600,1152,1119,974,633,778,1124,627,1295,1592,425,689,1620,559,982,1522,1032,410,912,1572,386,1426
593,764,1123,848,935,843,1117,885,1299,1460,198,666,388,1555,579,1370,1079,1533,814,1395,714,46,732,1317
1440,1132,963,1024,670,1403,959,713,601,1260,995,1061,292,929,415,358,509,1593,895,976,794,1605,940,1085
235,91,1503,1022,1416,1089,1625,732,400,1511,1251,1002,323,874,343,1172,878,497,1124,1262,1384,1079,1317,384
184,692,1519,1557,601,1373,360,82,392,12,801,210,1521,1618,1036,164,109,13,1272,1159,1422,113,1152,723
1533,145,1328,846,1374,715,1527,959,1522,1631,559,633,211,869,1057,585,520,168,427,861,1395,570,714,800
745,1532,1299,752,1636,265,348,240,972,485,776,1261,670,724,812,1635,699,900,829,908,1515,1414,602,1088
1250,1243,1620,405,408,439,1143,696,1246,254,1173,1027,833,83,593,442,976,67,346,501,955,848,494,1357
1071,997,1330,1592,996,793,1343,1256,790,1408,1370,143,1622,1468,133,292,734,604,702,315,397,389,1355,987
1562,425,1086,675,327,162,827,618,689,1405,1021,159,763,441,86,248,407,1333,437,495,947,104,980,313
1319,509,654,1117,988,769,1545,1440,308,683,1312,606,916,871,1149,415,1061,1176,543,873,299,575,792,662
395,1505,446,46,388,1287,852,1037,719,139,635,1628,546,1420,94,496,386,1093,820,1087,731,893,995,849
328,666,726,512,599,1049,1282,1578,1015,569,1496,870,1066,1044,834,1356,447,1486,1075,989,1332,1096,1546,199
230,100,796,1351,1051,417,809,341,691,1048,1501,171,940,378,1461,1125,1508,1606,255,1341,172,403,177,1536
66,1295,499,1512,1535,872,188,484,706,1238,879,839,488,1080,1013,1580,1098,922,746,637,847,68,1199,660
1555,1155,1327,1565,304,134,761,258,429,1139,764,1017,1171,760,1280,1035,645,639,278,1301,737,1148,1530,498
1016,1472,339,565,203,1388,785,431,1184,1111,620,1132,55,778,1229,492,137,1369,1197,1123,584,1076,591,728
876,659,1060,157,1403,919,1524,383,1209,994,1203,1478,295,840,999,24,590,131,1024,974,1448,353,373,1119
1415,766,75,483,38,794,10,1031,610,1345,84,179,1520,804,1626,64,371,592,912,108,1400,1284,733,1294
561,1392,1224,1605,1526,697,1092,929,1407,661,1202,960,372,340,1629,467,216,1000,1070,1147,1113,1382,1095,35
1192,1423,1426,283,1438,136,410,1275,1371,798,1140,1460,628,755,885,223,553,1493,738,1326,63,119,325,1331
1633,1271,1581,1593,166,901,667,61,1221,336,1170,682,226,707,1019,1451,39,1219,1292,1436,1085,1329,1587,1200
843,1349,814,33,519,1112,1227,578,821,982,541,749,125,1242,1260,1183,1427,142,713,29,1303,807,754,883
200,1544,390,1368,642,567,358,1245,1315,175,6,1104,53,718,267,187,88,1011,1456,641,684,1009,963,1347
1232,1609,1358,249,194,605,624,1258,1047,280,888,857,183,1158,1411,580,977,198,858,1144,795,1385,627,708
600,1488,413,1621,576,622,614,127,307,1572,508,598,401,579,1611,1065,895,169,316,435,623,932,866,338
771,1032,253,490,530,476,782,5,1293,1215,1307,783,937,466,1108,935,1608,658,1194,368,573,1006,261,953
1009,937,847,633,258,1119,280,660,1021,935,435,1044,667,591,732,953,485,1294,1219,584,989,1562,766,175
675,328,1155,1293,187,1246,606,763,1148,755,431,496,415,769,1016,1139,908,1295,1089,601,1085,61,1280,578
343,1132,1037,692,1405,872,488,738,171,959,972,466,658,604,782,1472,1628,308,223,857,1328,417,565,24
1587,253,1611,267,427,559,1515,1170,963,639,1013,995,1242,1147,1262,820,1626,567,265,1108,790,1093,1243,1557
602,839,919,1478,1079,916,1468,499,1171,383,1330,1345,1203,1605,389,125,623,255,1371,1271,576,88,635,734
1047,1460,706,104,592,1301,1411,731,696,883,1065,1258,358,1327,1224,145,1581,1580,283,1229,1172,1496,429,1238
66,792,940,1358,1609,164,139,752,885,573,1048,1080,579,447,63,870,340,226,1194,1260,801,1332,1307,999
407,737,1625,1355,1519,708,776,1385,761,467,879,1388,119,495,1060,1451,94,1572,541,848,1019,561,988,323
947,1403,1027,13,143,131,403,1343,1284,168,866,654,299,1326,336,1075,1287,1272,1488,408,292,1245,39,900
1565,84,800,1374,1202,1536,546,829,922,1631,1159,682,1031,593,68,1098,1369,553,179,1522,1373,1592,1215,82
1124,645,157,109,1503,719,699,1384,622,580,713,1368,1303,707,295,172,570,1275,136,812,203,1593,745,177
249,1092,490,1461,1125,1415,134,348,1011,1123,929,1200,718,1392,498,1423,1633,726,211,1282,53,425,1183,1427
794,304,598,29,1535,1578,1104,1173,1527,339,1545,1456,1197,1088,771,1299,1544,1261,1209,55,1608,1493,1158,614
5,6,1508,1149,188,248,35,1520,1341,1113,997,1221,980,1448,512,410,1015,1555,994,932,888,821,1635,386
1251,520,338,728,778,620,1192,977,793,86,689,372,1331,1329,1143,901,1620,10,1006,384,833,1524,1622,1022
441,392,198,137,1606,1512,127,861,353,642,804,400,1066,401,325,1256,235,1071,715,843,166,397,483,1511
484,360,162,754,341,599,395,733,64,509,508,1199,530,1152,210,307,1176,373,261,1416,315,661,874,1140
1061,1395,346,437,1629,1232,1349,12,368,113,1070,624,691,519,1414,641,1086,1144,724,569,476,1000,749,1382
1049,683,1407,183,974,159,1426,585,1408,814,1095,982,405,662,1112,996,75,501,169,278,1032,1087,371,893
91,313,1436,230,912,1315,1111,378,216,1533,1347,439,67,976,873,1317,1526,1356,878,807,1501,684,1636,869
1057,1051,38,1422,876,390,194,1184,628,108,46,388,723,697,1312,142,1292,1351,760,746,442,670,798,1017
809,1357,133,1440,846,1521,590,785,987,1621,1530,955,1024,1035,254,83,494,600,1546,849,960,1505,637,1227
100,1117,714,1438,199,1532,618,764,413,610,1420,1319,240,446,543,1076,1002,895,627,1618,666,200,1250,1486
702,827,184,492,1400,871,795,1096,834,852,1370,858,605,316,1036,840,1333,783,659,497,327,796,575,33
61,601,12,1170,1149,261,858,1526,1349,795,874,33,407,1144,168,1299,530,1451,570,1621,1171,847,719,415
1047,1132,871,1088,1407,1343,1021,641,467,972,175,265,1521,408,1468,1533,348,1422,839,1019,1224,642,55,1522
1544,519,1448,179,1035,1369,188,316,1031,1315,932,240,1519,1635,1456,1197,840,29,1382,162,295,1111,940,575
1385,169,143,1221,600,796,878,100,1355,1347,1301,1096,1332,1629,1261,520,1440,315,343,1093,1520,883,1373,658
1243,912,622,919,91,1036,569,893,187,1060,183,401,579,627,172,1307,737,567,476,1530,1061,494,497,384
1345,400,1611,963,1024,447,308,1329,994,1587,801,35,1271,1016,199,833,6,466,1392,203,782,843,223,804
598,1112,171,24,1199,1176,435,1260,84,10,590,1508,405,807,1202,427,1515,307,947,869,1486,792,495,776
1411,1423,746,620,1075,1272,1232,1403,1580,1143,1395,136,1545,623,325,846,125,1194,1511,885,1581,13,113,1022
372,1076,1219,1245,778,1070,397,935,501,1426,1242,437,1251,378,1384,1356,1148,1173,119,999,1089,1368,1183,996
745,358,715,814,1158,714,922,86,1006,340,827,1275,1002,425,857,1256,604,713,1557,210,304,1295,392,1461
327,706,1192,718,754,313,848,1013,442,255,645,267,1388,1086,1608,373,1098,1333,1015,953,879,1331,682,849
395,109,561,821,131,1037,441,127,353,699,593,145,248,258,724,1125,959,1415,901,142,1282,164,1460,1374
499,283,1405,410,133,793,235,1370,1319,446,94,660,662,995,872,732,659,1113,895,1472,546,371,1057,5
580,1535,104,254,908,592,876,1496,226,498,485,1572,1532,591,684,1628,1087,683,731,670,766,761,1438,216
639,605,323,916,509,512,565,1085,488,576,809,339,702,328,194,1104,403,812,1351,755,614,1512,292,389
1262,177,1636,63,1414,1326,299,360,139,484,696,980,1408,976,67,108,1330,1117,1250,1416,1140,88,861,1420
1044,68,929,1032,1000,692,989,800,1505,733,1555,1503,1293,988,1155,200,707,1048,64,1284,606,1017,628,1246
1147,1215,697,1536,752,1618,691,728,708,1546,666,873,1092,820,982,157,230,1065,1436,53,794,1009,599,624
1371,1011,1488,1294,1592,159,134,1622,46,429,1358,346,496,1119,490,852,1027,667,783,341,1400,253,997,166
338,578,1280,1159,1565,1626,866,75,635,1328,368,888,760,960,1229,1501,1108,1287,1341,633,278,1238,1066,1292
937,726,1578,1184,390,1303,829,388,749,1317,1200,769,184,553,137,543,83,1633,1124,280,1527,955,1079,1478
492,386,1258,870,1080,541,900,689,508,734,1609,1427,1606,1209,785,1357,661,1625,82,1327,618,1071,602,439
573,431,723,39,1227,974,1049,336,637,977,1593,383,584,585,38,417,1172,763,675,413,1152,66,771,834
1524,1203,1123,790,1605,1051,1493,1631,798,198,249,1312,654,1139,211,610,483,764,1095,987,1620,559,738,1562
1144,633,447,947,1192,1356,794,1533,1261,1347,922,1117,935,661,1414,908,959,622,846,162,1519,119,194,997
919,1451,66,715,1369,484,642,567,1035,1061,792,83,295,1194,755,5,1330,1515,543,378,1132,104,600,501
1403,159,113,82,1024,1530,431,1197,33,292,575,870,1415,177,313,401,164,953,108,628,1371,1148,654,796
1592,1587,1503,425,137,145,1219,38,1326,184,520,1048,1170,783,1009,713,1172,358,1209,840,541,1317,171,1093
1070,1158,1032,1438,645,1258,1066,719,188,1295,235,682,485,888,800,940,1124,929,442,13,614,737,64,761
849,746,932,873,1292,1284,667,871,1147,785,980,878,435,641,1384,861,166,1060,1251,1456,876,592,278,498
1104,901,1620,1535,745,328,793,86,84,395,1395,346,795,1629,752,1505,599,692,63,467,1319,413,1293,24
697,1496,1385,1280,1088,530,593,848,553,353,760,659,1000,723,1341,519,637,109,885,1087,488,1112,1184,658
1173,960,610,623,157,1232,1565,384,183,1123,1621,1532,1578,798,1572,249,708,801,1229,1080,827,812,67,696
1370,248,407,1557,1373,1522,829,738,496,731,883,100,1355,821,1260,858,336,508,88,666,1152,699,240,604
203,168,304,1472,198,254,499,714,415,179,495,778,1400,1057,1636,1307,1555,565,1006,576,1520,1015,732,408
169,726,372,373,397,1609,46,55,1215,1089,1493,1512,627,315,1224,1327,1468,340,439,1374,6,584,579,782
601,91,497,1625,1271,368,75,1159,1202,1408,1036,1351,1199,1051,1611,68,1027,339,843,764,386,1095,1092,955
267,283,265,1593,763,1262,1085,1461,427,1368,1017,1315,494,718,1358,804,996,1501,1426,999,635,35,1044,142
833,1303,982,29,675,976,512,39,869,702,1246,253,546,1392,734,223,308,255,211,1227,670,839,776,1478
143,809,1357,893,1605,1143,834,1332,325,624,977,1049,405,341,1329,1440,605,299,466,383,1631,1460,131,988
937,509,1294,754,338,1423,1328,1405,200,492,1022,1388,1108,1626,417,916,258,1343,1436,12,1171,133,598,94
210,1521,1125,187,1488,1544,226,974,1562,172,476,963,912,390,1407,857,590,429,1420,1256,261,994,1635,874
852,1272,348,578,1312,316,1299,683,591,749,866,1076,989,371,733,820,1221,691,1527,1422,1079,1013,388,1250
53,134,585,307,1486,995,1243,61,1019,323,1155,1037,125,1526,561,343,790,573,706,280,1606,684,766,1618
1282,446,1242,639,1608,662,1075,900,620,1031,1086,1245,139,1581,1580,1287,1411,814,1065,400,769,1427,972,175
437,895,618,1140,410,807,136,580,1016,1111,1275,879,1333,1349,1448,847,1416,1096,216,1345,1622,1628,1203,1149
602,1536,1331,1238,1511,1546,230,483,441,1382,1139,392,728,660,707,1545,987,1524,389,689,1098,1508,360,1002
1021,559,1633,771,1183,403,199,490,1071,1011,127,1113,327,569,1200,1176,570,10,1119,724,1047,872,1301,606
1047,1016,145,488,1183,1546,1373,187,1505,567,878,1261,1347,718,1501,1031,660,1472,88,1621,604,1292,1095,378
159,997,278,858,1275,1232,512,358,1176,1451,437,1382,1199,1070,1202,580,441,1620,94,267,662,708,91,397
1245,1000,1287,327,1512,175,67,689,46,541,1493,1113,1328,1405,340,194,1251,996,476,1460,63,1192,755,783
1066,1326,100,635,618,1108,1238,955,637,795,498,338,719,401,1355,53,1173,1159,341,395,1636,610,1051,953
1578,713,1622,64,1170,410,1260,1611,1049,861,484,133,1076,988,1587,388,866,870,919,1427,1271,1461,1515,599
1580,1272,793,139,697,821,1468,1331,425,509,1606,1086,1545,1592,734,1635,726,466,199,843,415,771,371,1293
645,1625,1456,1562,683,166,55,429,848,546,1370,888,761,600,733,605,316,675,974,1315,494,353,763,1448
188,1351,249,1152,157,68,1194,184,1229,198,1219,570,497,624,83,35,136,606,1111,937,1593,658,1345,737
639,963,1392,1535,829,623,1496,1436,1243,1123,598,1422,446,346,1209,661,801,1303,1032,253,584,565,230,1037
104,999,164,885,109,1112,1002,1369,386,543,893,940,1079,1036,265,666,1411,1215,579,960,1250,203,670,447
1400,131,261,427,1132,1633,871,1572,1388,1527,442,1197,1415,1092,1144,947,1631,348,210,659,113,1524,585,561
857,1256,1143,792,1006,1124,1371,435,798,1511,1488,754,728,1349,383,1403,496,876,912,620,1011,86,1299,699
633,1503,1224,75,211,569,1060,328,1319,1139,1356,172,840,1280,304,1017,879,935,299,407,873,1557,769,162
833,715,1532,972,1333,724,258,874,782,392,66,707,508,723,1626,628,1295,1088,1242,692,804,1035,1294,372
33,1172,1262,1420,177,760,994,169,292,313,654,1357,1478,1009,134,1317,1486,559,959,255,1096,1021,812,908
38,1329,839,29,1395,1104,483,1203,976,240,1080,553,852,1332,339,641,989,738,1184,519,1015,1065,731,1044
622,752,108,682,1414,872,1057,1508,1407,749,1013,576,1147,168,142,895,1019,390,408,1117,602,1071,1282,403
820,785,691,5,6,84,1408,485,1374,1312,745,1258,1555,1024,1341,183,849,1307,995,684,916,1087,883,732
1140,766,179,119,1533,1221,248,1089,764,492,1330,82,900,642,627,439,592,1522,591,1358,200,499,308,1416
373,922,714,1027,1519,1148,389,1327,614,827,601,1093,1301,980,1158,1085,1423,1061,280,778,1075,431,1544,254
846,400,987,593,575,1227,1155,929,405,982,807,1520,1605,800,834,706,1119,413,336,1343,1565,1629,794,1440
501,1048,573,360,235,283,12,1246,1284,10,1438,932,39,171,809,226,325,901,223,520,667,590,24,417
1530,1536,125,702,467,295,1385,746,13,847,137,1618,1149,1125,1098,776,1628,1171,216,696,1200,977,307,1384
1022,323,1608,490,796,384,61,127,790,1521,814,1368,1581,530,1609,315,578,495,869,343,368,143,1526,1426
1520,778,1562,714,1414,1275,1227,1355,670,389,188,226,131,861,1170,1031,166,1411,1503,866,737,483,61,441
1427,127,360,840,1260,494,1315,1461,1125,1057,995,1258,1155,692,1093,104,435,573,879,292,1085,878,1088,1037
1535,1368,66,982,1407,785,543,386,400,1171,1262,642,929,1032,255,783,1438,395,1580,1581,175,601,1117,159
1272,278,358,1369,901,183,1036,253,1609,341,75,1422,857,1400,1578,1066,1519,719,1374,1328,1405,91,83,125
383,699,605,987,1293,800,900,1061,1440,498,136,1415,1184,932,1587,963,1593,1075,194,1060,1202,1423,1119,442
1557,1124,1019,1048,575,801,405,35,1622,738,1143,1250,579,1371,1203,637,1215,916,1329,1015,29,157,546,1486
782,53,12,847,1176,883,635,1123,1087,959,403,764,761,766,989,873,1373,820,328,499,1618,1468,792,604
585,410,1194,1629,977,580,496,184,1341,1451,871,373,86,734,466,82,484,1287,849,682,1621,972,1051,390
64,814,771,177,145,1546,1331,559,578,200,667,1620,427,425,467,437,1245,368,1098,1027,869,39,1284,1508
283,530,1572,614,691,980,1370,1515,1149,623,1330,1303,870,401,1426,622,641,1395,707,1047,346,731,1522,315
807,267,1022,1403,689,1224,1317,372,1049,599,46,230,852,295,1158,1246,726,848,119,108,1416,407,754,1356
843,541,633,1511,1611,639,1408,38,1197,769,299,447,908,565,164,1017,1183,198,723,339,935,1271,1000,308
1140,1002,1505,1608,745,683,142,1282,790,1606,55,371,316,338,1488,417,955,1301,488,919,1626,519,1139,240
1460,1251,512,509,999,1294,809,1200,1280,392,1635,325,733,413,1209,1631,1349,827,1592,618,1605,1009,666,996
1327,137,895,495,839,1086,1357,431,1256,1347,1351,1533,520,702,591,408,187,645,994,947,1527,384,1132,179
1089,746,1625,1555,1388,620,235,1307,561,1545,749,1526,696,658,1172,1013,1076,553,1192,1112,113,796,1392,1104
606,570,833,713,1420,485,793,1024,1243,1384,1333,834,846,697,922,378,1628,593,134,24,1219,168,829,776
1524,821,210,1011,10,610,1332,937,1343,249,724,600,248,388,728,1358,313,872,1144,446,327,171,661,1092
1006,1071,874,88,1229,997,1448,280,1199,415,974,1159,501,340,1456,1080,893,1565,812,490,755,100,706,1536
1021,1108,1238,258,429,1636,752,976,1232,763,1113,1512,67,1173,684,569,660,1472,162,675,888,1496,584,1299
94,265,307,715,397,169,143,795,172,1147,858,1079,211,508,216,476,1478,439,1295,732,576,602,592,353
1319,1345,1242,1530,1221,1493,1065,261,1096,336,628,13,84,1544,323,567,598,304,1148,662,1070,659,109,590
203,343,33,1501,139,1044,1261,1436,953,63,940,1521,1016,1633,627,1326,804,654,1532,988,348,798,254,1292
6,5,1312,912,760,223,876,497,885,624,1382,1035,718,708,1152,794,1111,960,1095,133,492,68,199,1385
1508,605,46,1608,327,604,771,575,1006,1124,1629,1159,738,935,873,378,580,752,792,338,280,91,801,1478
1013,1565,1092,1519,278,495,1319,1032,1000,1251,798,857,1184,183,501,358,1079,100,1104,1411,10,1245,88,346
1140,708,39,142,1246,425,559,137,405,171,590,1294,1530,431,499,61,785,184,492,569,1095,1333,639,1611
1051,847,1371,519,746,509,372,1317,1076,714,401,982,1374,253,1036,567,1527,1060,749,168,1031,764,1620,1403
437,360,1293,400,804,200,295,467,198,769,683,919,1555,782,33,1307,104,929,488,755,953,139,83,84
561,1330,1451,235,348,328,820,658,187,1593,1427,307,1426,1512,261,249,1369,1343,258,339,1635,598,1057,1022
1258,188,893,578,494,410,1199,530,5,1606,82,6,872,66,1209,760,127,1172,94,1385,980,888,977,960
667,1522,1414,75,763,226,795,1625,1047,1493,1123,1087,959,1532,1456,313,484,248,392,119,1329,618,1232,1098
670,692,1526,876,230,947,879,783,1515,1395,1357,255,1096,689,125,1037,1086,937,1243,254,166,852,439,1200
407,697,1065,1345,707,1587,68,53,1622,1392,1511,624,316,691,134,641,843,199,388,442,723,1580,565,874
265,1636,12,1472,1215,1355,177,86,1633,1229,602,498,576,508,194,570,1628,1468,1581,642,1448,1562,955,1049
766,1349,476,660,441,446,809,1108,240,1326,415,1315,821,883,761,800,1194,1048,1227,223,308,1080,164,1075
1119,1035,606,162,866,1219,614,1524,1173,1520,734,172,627,1171,343,706,203,371,996,1407,1347,1147,1261,435
520,1143,143,109,1113,1262,38,1544,1351,131,1282,211,55,1085,790,1011,136,1388,628,267,24,994,1461,1440
901,133,429,610,1373,794,417,1545,848,1368,1496,932,827,812,696,1341,885,719,389,999,466,1405,916,63
1238,1016,1260,1609,1292,1408,1605,592,1144,1019,447,1356,1125,1024,390,1303,995,976,67,1280,1015,1535,814,1631
1139,336,1111,1089,1044,490,1501,497,637,1176,1572,512,1503,900,408,989,368,1155,403,341,216,210,1224,1284
546,1148,1488,397,315,833,776,1250,299,1621,1370,623,29,1027,1557,553,1093,829,169,895,997,600,543,858
591,593,601,675,645,1272,373,1382,699,659,1592,64,157,666,1384,541,1328,1422,718,713,1221,1626,325,912
922,988,1256,1327,1183,661,702,662,737,1170,1436,940,1533,1423,1192,1299,1149,35,778,1017,620,145,496,1002
1546,108,1009,972,1197,340,579,175,846,283,1301,1271,1066,724,1158,878,1521,584,1358,386,840,633,732,635
1152,573,384,599,1415,1117,1400,1061,383,682,1132,485,715,1486,1420,869,427,1203,413,113,974,1460,13,1275
159,1416,728,987,1312,179,861,870,1088,745,1505,395,839,871,622,483,1070,1202,323,1295,1021,1536,1071,793
1112,304,654,796,292,1287,731,585,1438,908,963,1331,1618,1332,834,1578,726,353,733,684,807,754,1242,849
598,1546,211,1031,573,1414,1092,183,1319,384,29,343,1438,267,763,172,1493,292,1328,240,383,495,1200,852
707,1272,734,660,327,618,1089,1625,198,1331,113,1172,639,866,427,1152,1411,1260,1293,278,654,1505,1633,386
606,1183,1416,1125,1527,168,1022,922,1578,1197,1287,585,425,661,1326,874,628,184,569,476,179,1611,1519,846
261,1370,1035,1098,137,883,994,1140,336,738,145,520,1626,1631,5,1330,328,1271,397,666,265,38,872,1124
1104,575,1006,467,492,878,35,1451,794,578,39,6,400,162,834,1203,1108,940,1096,1047,230,1620,63,1111
1192,861,1144,82,134,1357,1524,1149,177,295,829,1117,1332,732,499,600,1227,1530,1545,1295,403,1636,1315,670
1173,439,13,1327,684,12,88,718,413,901,1512,441,821,1520,960,1019,466,1093,1422,210,1070,1456,1572,104
1358,1075,1461,1521,1088,792,223,590,1555,1158,1544,1307,692,659,1515,893,1016,1427,187,378,1303,642,683,194
972,804,1243,793,1282,591,235,1592,1148,839,919,769,633,1621,484,1503,1027,699,1415,977,682,199,125,68
1292,313,766,807,280,605,988,446,1119,1065,592,800,1349,1345,733,1284,1061,708,982,1488,752,1221,1176,33
584,1532,175,827,530,1635,108,1037,697,1565,963,1024,888,488,809,1486,483,368,620,714,1256,1245,1159,1496
1086,86,360,1076,1622,873,91,226,1095,171,1113,1440,1351,339,795,1384,1593,408,1194,1015,299,755,745,203
119,900,731,1374,442,1215,1071,602,724,1478,1371,1044,879,658,308,1317,1238,1408,1242,431,1032,1036,340,987
1395,959,55,136,1184,1011,974,1385,1261,1356,490,599,1250,512,1426,248,64,1460,407,325,1501,1051,1618,999
1511,373,389,437,1275,1219,1155,947,1132,746,801,159,1171,691,847,580,929,1066,627,1562,1403,283,622,624
1139,94,814,976,749,415,715,840,142,133,1087,485,541,496,1002,1355,1587,1580,494,1280,543,723,1581,216
84,1448,323,908,83,761,1143,307,1533,24,166,997,1299,127,996,75,410,435,392,46,1405,790,1606,635
561,728,1343,593,188,254,662,1057,67,713,848,876,200,995,783,565,689,1382,937,782,1629,1000,1609,553
895,764,641,737,675,109,100,858,1229,53,1013,1557,131,1112,1423,785,157,1407,61,1436,857,1392,1080,870
1147,912,645,429,719,1400,1605,1009,1262,390,1048,601,989,1085,798,843,1017,1333,760,1420,567,1535,258,371
1202,1508,702,796,771,570,778,372,604,1246,388,1060,348,417,667,559,869,1021,623,346,1294,1258,776,637
1522,706,255,1170,66,1369,1224,315,501,812,304,249,1232,405,1049,1329,955,980,1123,1301,1312,579,1608,497
1347,169,1341,316,498,139,164,447,726,871,849,1472,576,614,1536,820,143,1199,395,1368,1388,1209,358,953
916,519,509,935,253,401,610,341,885,1251,833,932,1079,696,1526,10,338,1373,353,1468,546,1628,754,508
728,1358,200,922,68,997,119,495,1016,660,83,567,1626,509,188,1303,1080,1221,1356,988,790,1293,755,1224
658,395,304,1251,1092,437,764,994,1227,1524,1331,467,1002,248,484,401,1370,1382,1048,576,579,834,708,798
1295,508,1172,417,84,1019,278,1079,162,846,413,1544,696,912,1581,654,169,691,1533,91,683,371,415,254
974,427,1307,1098,1472,372,605,684,1170,1420,795,628,1024,439,734,731,580,177,937,64,796,1407,1219,29
782,358,879,1112,1089,1572,1284,1519,1400,1486,378,771,1456,989,1200,348,675,1593,869,261,919,833,793,108
760,1243,785,1009,814,1108,1326,431,999,1395,602,592,295,1246,1152,346,360,849,94,39,561,840,327,368
1329,1076,1209,857,635,1609,593,1512,82,1328,313,1332,1158,778,127,1184,175,1451,35,1535,1343,699,1405,1461
645,187,600,1148,1521,166,1327,1044,1027,373,442,1013,512,1071,1061,1258,893,1508,1261,1015,109,1555,575,210
1592,33,258,843,1330,641,1403,783,341,1282,1275,1511,1262,1478,1385,1357,1011,172,1633,637,403,1530,1037,1317
1384,137,1113,737,407,1075,1422,888,1620,895,662,530,1245,1347,194,164,1149,1125,1132,216,63,1526,804,1155
226,253,183,1047,230,67,1238,839,584,861,1503,410,1448,223,488,1119,801,435,1423,1140,13,498,338,1124
397,1460,1631,520,24,1532,1440,692,1621,827,184,1232,604,627,972,1139,1242,1392,713,1635,947,104,1093,872
661,1035,1587,316,55,1488,1368,1022,1374,776,485,499,1546,1194,1545,578,848,211,1183,1408,1636,732,1415,847
1272,1629,339,1493,1515,1176,1301,392,746,610,1341,100,1355,1606,1147,1000,168,388,86,142,769,1104,1123,240
1203,136,980,1173,1622,53,1215,1144,1202,1031,405,501,1292,807,1199,1086,1087,606,874,715,1345,340,553,1117
829,1192,900,1557,873,1351,1468,1065,1159,916,1260,706,179,573,689,1333,5,113,299,883,1520,483,1066,476
1605,953,792,871,858,995,1271,134,1088,1426,1505,292,565,6,987,199,1060,599,726,255,441,1438,1608,666
908,1565,976,171,702,591,38,1522,12,1250,1171,315,622,203,143,389,1373,353,1315,425,133,10,642,752
960,878,1229,996,198,283,714,1578,766,308,670,1057,384,749,852,1628,620,569,1625,659,719,1095,1006,1349
1501,88,618,940,125,1436,490,624,1021,61,400,1496,885,977,1049,1287,959,1280,590,763,265,139,800,1414
1017,754,929,935,157,585,794,667,1051,932,1256,159,623,982,598,429,738,446,325,1111,543,1319,812,131
1312,639,323,235,75,249,614,336,494,723,145,963,408,66,46,1388,724,955,901,866,682,1580,1611,718
1143,1369,328,559,1032,1070,390,820,546,697,1562,1197,876,383,1294,821,1036,267,1618,1096,466,343,307,541
386,496,447,497,633,1416,761,745,1299,1411,1085,1371,280,1536,601,809,733,1427,870,519,492,570,707,1527
35,760,1095,494,39,578,431,1085,785,996,713,706,1315,223,346,1501,1373,184,798,575,1625,829,157,691
1422,1197,793,1351,1580,1415,1032,496,723,1272,955,901,1451,807,55,292,820,1019,1382,876,1370,61,995,1618
546,869,1260,908,684,439,325,670,561,972,1088,871,1089,1505,1262,137,1622,484,1620,559,1405,1123,315,1176
697,490,400,953,1108,1493,194,501,1472,579,916,732,1427,360,100,53,1147,847,1403,1606,591,358,801,485
1155,210,1520,689,541,1448,519,963,413,980,1327,728,1358,752,267,1343,1242,1508,1092,707,1229,1024,622,1460
372,661,642,565,171,1258,839,1411,726,386,1426,295,1621,1209,1080,1066,83,1292,86,675,624,68,800,1496
947,827,1631,1119,1075,1117,1608,1478,754,590,1096,737,249,46,692,1125,336,1245,715,340,313,142,1065,446
628,1461,1605,1275,641,343,67,1087,1326,849,602,846,164,1243,1022,778,714,172,620,1511,429,1139,134,1093
1011,702,1144,91,24,976,874,10,508,125,598,580,618,198,497,168,1527,1503,109,437,338,265,666,1070
407,769,447,88,932,1349,341,498,64,476,1407,159,395,1331,1194,1184,783,175,33,299,1016,1392,280,82
1609,1000,255,384,814,654,658,878,1104,683,1626,488,169,1246,940,1400,1202,1293,1148,1369,1535,258,84,627
601,1628,988,383,1368,1408,833,1250,997,1562,183,261,1171,699,1149,1132,637,530,1173,113,776,994,1633,1317
1533,1215,1374,733,211,1282,1048,442,1438,1347,749,1636,307,119,1565,1159,974,166,1384,872,441,731,1312,885
645,543,1440,509,1629,1224,1071,1057,1468,403,13,248,1221,29,1086,959,919,108,1287,1256,857,888,467,719
755,63,200,371,1199,1124,1271,1581,187,254,1524,1388,1015,635,1203,1295,1227,415,1006,1328,1238,929,659,573
12,960,495,1423,1357,614,834,1143,821,792,323,235,600,1232,308,1572,1488,724,763,6,1330,1284,1158,843
410,348,893,999,804,1345,605,1060,408,1002,1036,1420,378,94,104,339,435,1536,1047,599,922,283,1526,1521
1051,1098,1371,858,1037,1532,1307,840,373,852,662,1027,553,188,989,1456,499,935,1140,1416,570,1635,1200,328
734,216,327,1170,1035,1385,139,1557,226,1512,203,745,1112,1009,1332,873,1299,895,179,660,764,1578,1555,1251
682,1076,1183,1486,353,1013,633,388,389,392,75,795,1587,199,425,1341,1356,5,1593,718,569,584,1530,567
794,848,746,1031,1395,1280,127,1219,1192,809,1546,397,1611,1079,900,1522,1152,982,1329,512,879,610,1414,390
1333,1021,1303,230,304,145,771,1436,912,861,623,866,667,131,812,883,1515,585,1172,427,708,1044,240,639
1294,520,483,987,738,492,133,1113,1355,1061,977,1049,278,796,66,143,417,1592,1261,576,136,593,1319,38
761,1017,162,870,401,368,604,1544,177,253,1519,937,766,592,790,405,1545,696,1301,606,782,316,466,1111
339,84,325,1303,373,783,1357,1312,1472,929,1341,1176,187,604,1436,1580,645,876,136,994,113,83,761,606
591,796,900,1515,171,955,995,541,327,1246,874,1096,442,255,847,919,488,1478,497,999,1546,1076,413,584
901,1221,1275,384,1203,873,814,749,100,764,304,771,922,623,1243,1224,1140,336,1416,834,1215,1468,728,1629
807,570,1111,1422,885,912,86,1242,1108,254,368,1061,494,38,908,198,12,1065,637,800,1319,417,1368,1520
127,1622,633,403,408,1605,846,1070,1229,1047,1400,982,199,35,1317,1405,599,1202,960,1620,1545,1171,1015,1326
1635,731,24,169,576,1535,1144,997,1626,1369,446,226,1292,610,313,1155,1544,785,1294,283,708,585,5,67
940,840,1631,1095,618,1284,137,706,1451,1351,670,1152,1522,1123,1347,1527,211,134,1356,1282,1301,184,61,622
230,490,157,1104,392,689,1608,6,1329,1503,795,1194,869,378,248,1032,372,1088,1493,559,1371,253,66,1382
682,389,1374,139,692,1448,963,340,580,1119,734,1343,476,1486,109,988,496,782,1373,1098,166,684,1031,1606
675,1511,1036,798,216,553,1245,425,1438,1262,976,1258,1087,346,348,1315,605,1272,723,718,888,492,820,143
1345,639,642,852,766,1508,1611,1079,707,343,1060,467,278,142,883,10,235,1519,1332,1618,1238,661,1526,696
1385,1488,223,1035,341,1013,1496,162,792,1456,1403,935,763,895,801,578,1423,715,719,1578,1299,1132,55,1392
1159,776,1628,1581,483,1280,697,746,760,1022,752,1075,353,848,1261,575,1530,431,441,714,94,183,561,1000
240,358,627,843,13,1420,839,172,133,1333,1170,794,662,1066,1633,1209,131,745,1593,738,1251,598,119,1184
1037,977,75,996,437,1011,1049,295,108,29,484,299,1557,1355,1460,267,1086,861,1295,1092,713,857,194,1192
68,1349,519,543,1440,702,870,1027,879,1427,546,579,1555,315,1227,1307,1358,1562,1287,1260,1048,602,63,168
1113,520,658,1370,601,858,509,959,1256,989,667,871,654,790,1024,726,159,1199,1139,754,635,872,1009,590
1019,1017,177,383,691,1250,569,1521,1051,755,1147,932,987,1183,769,878,323,1328,179,427,1621,893,699,1587
53,397,338,614,104,620,1533,1044,410,724,258,1271,1609,827,33,1125,371,1415,466,1158,1172,573,1407,641
200,498,501,849,1388,405,388,1426,386,980,400,1143,249,429,1501,1512,1524,600,1085,1331,593,866,1395,732
1124,1006,1327,1148,1173,567,1330,64,1071,947,261,1021,439,328,624,407,1016,1411,210,307,203,812,1093,499
1636,292,1057,82,360,164,1219,1002,512,175,91,683,804,1414,390,1461,485,833,1200,447,508,1592,793,530
1112,628,1089,737,1293,88,415,937,1117,565,953,316,660,733,1080,495,125,592,809,1625,401,46,1565,1232
280,659,1384,265,916,1408,778,145,435,821,308,39,829,972,1572,974,395,188,1532,666,1536,1197,1505,1149
1245,1633,766,175,338,1144,1271,1345,1358,849,1104,601,699,442,1629,876,1347,843,764,210,893,498,278,576
1382,1227,139,829,878,136,706,1611,999,1631,1636,1478,255,1173,1501,1076,1219,179,1229,408,230,187,790,1047
793,172,610,1016,108,82,1021,484,1262,879,1535,429,133,143,1307,1370,1258,63,119,715,33,660,441,987
1403,1089,778,1194,389,1405,12,1295,348,1555,1331,1533,415,1416,1411,1086,327,734,13,1111,137,166,847,1061
88,1626,783,745,1621,833,769,94,937,203,972,1625,1200,1015,494,1532,1124,1006,512,960,1282,384,84,183
211,746,446,1587,570,807,1197,1224,900,1284,1356,1049,908,343,935,1202,846,1526,592,1385,1608,341,1522,162
1203,1158,1496,1149,1152,723,1461,1440,1384,199,1098,667,1299,265,916,325,895,1557,1125,814,1388,35,1580,623
852,280,635,159,771,368,168,974,1426,1060,435,1329,292,1395,1628,1317,593,738,1415,641,1132,1371,1143,1536
654,1251,1609,1349,164,497,508,447,795,1448,980,1292,728,702,1351,1369,761,1071,637,1065,1044,431,530,248
1171,1139,401,1108,749,388,1343,308,580,804,1035,397,1505,1238,821,1066,10,1088,1095,61,940,1232,1472,670
492,1581,691,1155,1260,316,639,427,64,737,1374,1593,157,1503,606,490,261,1635,599,55,1400,1272,400,718
1192,800,1148,1256,1011,295,483,1000,1605,145,1327,1508,633,714,760,407,627,249,605,861,353,659,520,38
675,425,467,113,328,1022,567,624,1328,732,1544,336,600,339,1530,1085,622,1243,109,1159,177,1002,541,684
1176,307,371,827,812,1113,134,253,666,1562,86,733,883,602,323,839,955,1357,1123,1221,1578,1092,386,378
1250,240,395,188,798,543,1512,858,226,585,598,989,1606,689,1019,982,1438,198,258,591,283,1519,1184,959
754,1070,75,872,66,1183,495,776,785,509,901,1303,1048,392,1423,1287,46,1036,1031,947,235,39,578,1199
1112,988,708,801,1422,104,1511,223,963,1460,131,29,68,1024,857,1013,184,569,1436,932,1521,584,1414,1242
683,1326,1546,697,590,1079,299,575,1261,1147,485,724,1009,1319,994,614,1330,340,1392,792,553,1293,1093,499
726,573,496,1592,866,304,1080,1622,719,1301,1312,53,1527,1275,194,628,413,620,794,870,820,618,869,645
127,1515,561,1572,24,922,501,1280,313,346,713,888,315,1341,488,919,873,1618,546,1620,579,692,1427,1027
1373,383,1096,565,169,267,662,977,1408,171,1520,1407,1246,1170,1451,216,125,476,661,1486,254,466,1355,142
5,519,1017,1315,707,1032,929,559,1488,67,1545,1524,437,100,1172,1087,6,642,439,1565,604,1140,996,405
83,840,373,1057,796,417,871,1075,91,1117,834,1333,1456,682,1209,1051,885,1368,848,953,995,410,1037,696
731,403,782,1493,755,1332,809,874,1420,976,372,912,658,390,997,763,1468,1215,1294,358,200,1119,752,360
1024,916,346,1385,1035,1347,795,598,485,972,1209,437,955,807,1202,900,798,431,400,1006,1183,661,776,1461
67,974,1326,872,383,1505,1066,401,963,1215,885,1148,1400,871,1565,63,637,484,1635,131,1423,1093,579,682
1092,1021,325,1521,226,660,1357,691,622,623,724,901,1351,1609,1527,843,541,559,699,1098,809,874,718,766
371,1562,1526,800,10,1192,194,1061,109,834,490,1557,785,708,878,1592,1144,240,929,496,578,429,1415,39
164,633,1312,248,1117,501,1272,171,499,283,1258,1422,1532,848,732,1315,1403,1047,88,912,847,1382,839,719
1057,64,1262,386,999,723,1280,567,1620,348,1113,223,852,601,512,801,737,746,641,392,1536,1089,1493,108
553,1245,994,1427,869,1349,624,1017,415,573,495,1307,373,1555,177,873,895,315,1407,1622,570,569,1194,1051
188,1438,1292,1501,1341,790,755,162,627,316,413,1108,1618,307,833,216,467,1044,403,1436,683,778,1087,659
1369,1124,1227,1331,782,610,1488,1019,1171,1250,1075,1503,168,6,5,1524,1319,866,53,1299,1085,1472,1511,1243
728,1071,1605,794,323,600,1184,1371,1374,1104,55,670,1317,82,1512,258,1535,1633,1032,1176,1203,1327,1356,179
706,620,726,1608,261,605,590,68,1256,1282,707,166,1414,211,1448,793,353,1295,417,184,100,733,235,1328
876,599,1388,368,645,46,372,692,752,172,1261,814,940,546,829,1293,1329,187,883,760,960,1284,1036,804
953,792,84,1260,169,75,1140,1358,1013,435,947,340,715,1002,959,1405,1611,299,267,1301,764,304,1070,1275
1049,893,543,745,1460,1631,1152,870,1395,1373,1345,447,198,1076,1368,378,254,1426,575,1037,210,328,200,1200
654,1478,888,159,635,255,1330,996,1232,1221,1440,592,658,713,1370,1170,38,1294,1143,1416,995,1123,1355,1629
858,86,935,1519,1000,336,24,846,937,1625,497,1508,997,1456,1197,1096,1139,1022,183,602,1621,327,697,731
861,139,714,684,1533,908,476,1392,1112,754,783,508,689,580,1515,1155,763,662,1408,119,827,134,585,1420
488,343,520,1411,1158,1544,593,1119,769,919,407,565,410,1088,618,1065,1060,1486,1027,389,1095,61,280,12
749,1048,1031,989,796,738,1015,1520,1224,33,980,203,113,137,1581,1246,988,199,702,1159,1219,1271,388,125
976,604,339,253,1332,987,91,1343,982,821,561,1229,922,405,591,142,384,341,313,439,1496,734,1333,94
397,145,295,136,879,1242,338,442,1251,1530,133,143,494,820,1125,230,584,157,857,576,1545,849,509,29
265,390,1086,1384,1468,1009,812,358,1606,13,1303,1172,104,666,278,360,249,425,1451,840,675,1079,1238,83
492,1593,1080,1522,1199,1173,761,466,1147,446,519,932,408,175,530,1149,628,1587,127,696,614,642,1626,606
66,483,771,1011,1111,667,977,1636,1628,639,1580,1578,395,35,427,1287,1132,292,1572,1016,441,1546,308,498
987,593,590,715,1015,929,893,168,1184,127,1096,1049,876,1456,691,340,1170,834,995,283,1423,1347,598,734
996,1197,145,378,600,1061,1125,1478,1608,1356,495,509,1461,1357,916,794,804,580,707,1522,840,216,108,790
1080,728,1024,869,446,61,1258,1280,760,1158,1229,1047,610,104,353,654,749,389,1621,1508,1194,1557,84,1176
316,1092,724,1079,1032,5,159,900,499,1275,1155,726,1315,746,1578,1512,827,872,1343,591,494,1035,1385,1051
1242,315,1245,635,857,1002,1144,1605,1203,187,162,35,336,602,427,1140,1294,1519,278,667,1027,1635,177,172
541,702,776,530,604,467,261,866,848,1521,982,584,1232,696,1022,188,1565,1159,684,1260,731,407,1520,508
368,328,807,605,718,972,253,783,1148,6,413,858,1113,1373,254,659,1303,1460,1221,1295,660,55,1287,1088
1256,861,737,1171,798,878,358,785,429,1060,1319,1532,689,1087,1408,1262,937,1388,142,325,1631,573,249,198
888,719,390,1108,341,614,435,821,1119,392,179,871,86,91,280,733,1017,977,1384,833,662,346,307,1011
235,766,1261,846,1328,1587,1048,199,1472,1117,68,713,976,1317,585,1515,137,1493,959,1427,1071,1618,248,829
782,1511,1076,546,641,441,1093,1330,771,955,1243,963,763,75,166,1349,569,497,133,1202,338,442,53,476
1545,360,1326,622,1284,1332,1486,922,1407,1448,1351,1019,1451,1395,1562,371,323,692,752,901,64,1031,490,339
1416,109,1468,1293,194,601,778,606,1636,1016,754,405,501,1036,1112,620,10,1327,388,953,879,255,1526,627
1625,1368,437,755,1227,908,83,1224,203,431,792,1524,397,570,1533,714,1438,628,1333,1331,1341,1355,1037,764
1426,1572,567,599,1192,485,1496,1420,1301,1436,999,200,994,793,1271,1580,82,706,66,313,578,1536,1075,1095
795,183,1152,885,874,1358,425,67,1238,39,1392,308,697,143,410,24,223,675,1173,343,1086,639,579,935
169,383,997,408,1369,839,211,164,327,1422,1200,1345,1089,1329,1611,157,1440,1143,63,1251,492,553,466,100
873,386,1555,1592,1403,847,974,989,292,633,683,1400,623,940,592,801,38,1609,738,1371,809,1209,661,373
1065,1006,624,1070,1299,1620,559,304,519,1085,29,417,226,796,1405,483,912,1132,745,1629,666,1044,265,1382
1581,1628,1272,1250,1021,895,1098,1009,812,1593,1219,820,299,769,1147,618,447,295,1199,642,1626,849,761,852
1111,1488,384,883,439,1282,1123,134,240,184,131,403,1374,1622,1139,1535,645,800,932,1415,125,543,919,488
348,1503,960,1546,947,723,1544,1312,1013,1104,699,1633,575,94,267,415,1149,1527,1530,565,1172,732,1292,637
498,843,46,33,210,12,576,258,980,561,1606,1414,88,870,520,1246,512,1501,230,175,658,1000,13,708
372,1066,136,1124,119,682,496,113,171,988,401,400,670,1370,1411,814,1183,1307,1505,395,1057,1215,139,484
1017,1545,752,388,253,1036,1282,749,1385,199,1520,872,66,1461,171,1358,437,746,829,1633,389,1620,1035,1076
1400,5,407,1245,267,1451,408,1468,1315,996,761,403,1071,876,1369,1013,932,922,714,1519,395,6,175,1628
226,498,1373,145,1080,33,618,12,1460,848,61,1019,378,745,895,439,143,1456,1197,1021,1345,133,614,168
1503,783,492,575,509,508,1368,670,1192,999,980,1521,798,1060,738,1426,697,834,327,292,139,1493,1287,446
476,1301,1000,639,136,559,1384,565,561,635,997,995,1611,1238,1546,188,1117,1047,397,1555,1229,1075,801,599
38,683,947,1108,1112,1307,249,1405,210,499,1512,766,1580,1416,601,1152,142,1215,431,313,839,488,64,541
878,659,857,820,641,1119,1155,258,413,1631,373,328,847,1622,384,900,628,955,901,807,1472,929,295,776
63,908,1044,893,1327,724,1329,1087,592,1356,447,1511,1176,731,580,1144,543,715,633,570,353,1202,1621,726
1292,1104,623,485,755,308,793,1089,1132,1524,495,874,1140,953,852,338,660,134,1299,55,29,1592,916,265
1260,1016,1331,869,1037,125,960,796,307,645,405,763,179,785,1093,1275,606,280,708,576,1227,1242,937,1557
427,84,814,692,1209,627,119,691,723,684,605,1448,675,849,602,1357,1544,1139,754,1403,760,86,1581,1609
809,339,782,1183,255,1098,1143,1395,1618,1246,604,1293,1015,137,1092,666,1562,1011,358,390,976,1488,68,194
567,1002,39,764,1123,598,573,1414,861,172,1355,804,108,127,157,429,1022,546,467,483,1006,1124,1159,169
977,1184,1505,873,988,1027,1371,10,1625,888,989,553,1284,1341,75,1066,1219,620,1079,1086,1262,223,1478,658
667,371,200,1065,1088,1009,183,593,846,316,401,100,1057,1508,858,1317,733,584,870,1095,346,1440,699,13
1295,164,360,579,1515,661,1415,585,496,82,240,689,1536,1606,131,1578,162,827,304,737,1587,383,1501,230
1392,769,1343,591,343,1535,654,442,315,1332,1349,982,1326,840,1200,1420,1565,719,972,1532,336,519,323,702
706,771,963,1232,35,1388,166,1250,198,994,1125,1149,696,104,1312,1049,959,790,1171,590,1173,261,1085,24
1629,1294,441,912,1048,1243,490,109,1096,1170,94,299,83,871,1374,235,520,341,1024,340,919,713,718,211
1527,866,1070,1608,794,1172,372,91,1271,417,1522,494,1256,278,707,1423,1347,600,812,283,1438,778,1572,1427
792,1496,1422,348,425,368,53,662,530,1111,1148,1194,795,987,1272,216,728,1330,410,1411,159,734,184,1061
1593,1530,1258,248,1635,1280,1407,1031,187,1319,935,885,1303,610,940,1436,732,67,1351,203,1224,642,1626,578
113,88,637,1251,833,1526,1328,883,1199,512,46,843,501,1408,177,1370,415,974,1605,622,1533,1051,1333,400
386,466,1158,879,1113,392,569,1032,624,1486,1147,1261,682,1636,800,484,1221,325,1382,821,497,435,1203,254
100,327,199,1515,1606,341,216,982,1546,798,624,304,1139,1246,267,1626,226,947,343,738,278,283,858,1113
38,1293,1533,1143,1066,1108,1493,1512,937,338,576,373,713,1013,509,172,959,1095,1411,6,5,64,372,1329
466,699,1527,590,1478,253,1148,580,1608,1096,1333,869,974,143,1436,561,467,210,230,1440,1144,605,1593,1565
184,223,1037,1327,1173,61,46,1009,812,1307,732,84,543,645,441,814,614,585,1019,1287,994,876,12,1260
442,1006,849,1426,1535,1343,1027,579,1047,88,1261,1555,417,1355,1629,415,1112,1199,137,1301,299,1048,1060,598
821,1087,1508,1532,888,63,490,492,1272,733,1036,1557,1092,1388,874,1294,125,769,1332,1581,1395,346,1580,353
187,1544,1319,622,766,410,1501,972,1159,476,1149,1172,963,1282,783,1592,1024,483,316,339,131,861,1456,83
731,559,599,1049,508,1202,1000,852,55,1221,697,1423,578,1002,1416,82,1098,162,1357,68,1183,755,1071,1035
977,1408,1496,1079,1303,1271,35,1209,134,1215,1468,873,1292,691,707,1194,1057,565,1044,1184,1347,384,211,33
1415,833,776,265,1358,785,1093,91,183,488,996,1295,659,75,846,1587,371,1373,916,1021,358,164,1262,746
127,425,696,1125,139,618,602,1618,1070,847,1371,1197,200,175,575,760,13,1317,1405,323,792,177,1192,315
1299,168,400,447,827,1384,179,392,591,1403,198,1243,249,1152,1351,388,999,878,501,405,684,240,801,1245
573,1427,794,584,1280,714,1382,1460,940,1238,1031,39,683,627,1017,606,654,1275,1232,642,169,737,166,922
637,66,1521,280,307,407,675,900,567,1349,1448,295,871,1326,796,397,953,1117,662,1089,840,386,171,1124
670,1284,254,1158,1486,1522,715,1176,912,764,754,1611,639,726,1200,340,133,893,706,885,1345,1227,883,1015
932,620,235,708,1488,724,258,1132,1076,1075,1438,390,1636,800,325,692,761,804,519,368,641,848,1536,660
569,497,553,1385,989,795,997,935,771,194,908,1080,635,1407,980,1032,520,145,1622,336,667,1451,718,446
1620,395,702,866,261,435,1331,496,610,682,10,592,793,1461,988,807,1621,995,29,628,53,1505,1374,1258
136,1545,313,159,1633,328,1328,763,431,1530,1123,1341,108,1635,1111,1605,1022,1562,109,1392,1155,1414,484,1526
24,987,829,546,666,1315,494,1016,872,1147,809,119,955,820,1140,1628,839,1472,728,248,512,1609,752,1256
86,157,530,1065,601,749,870,401,429,661,1330,1051,1224,1503,1242,834,723,1356,1520,623,1631,1171,203,439
719,879,633,745,188,1578,348,498,734,782,1229,389,1061,600,383,308,960,901,1400,378,408,403,1251,1370
843,541,142,1312,437,360,1119,413,593,604,689,1524,778,919,790,895,857,1170,1011,1572,67,1086,1511,976
104,1104,658,255,929,1625,1368,1250,1369,427,1203,1420,1422,1085,485,499,1219,495,1088,113,94,292,570,1519
1618,683,953,922,883,278,484,1221,64,1261,1415,662,142,1357,719,600,183,476,494,1496,776,1333,441,446
1505,872,68,1284,1521,870,308,496,1592,670,1606,1395,1405,624,5,988,1328,699,546,1149,997,982,226,91
1524,999,879,575,169,1440,605,497,846,1609,1246,633,873,1092,764,1351,935,346,1202,1611,267,1017,1530,1519
388,166,137,1152,164,1526,713,86,541,127,83,159,591,1448,1024,1293,327,198,199,136,1095,61,1155,1587
1287,519,223,395,283,1132,46,94,843,601,1060,1006,559,752,1087,684,55,1620,187,1532,1370,1262,761,771
466,1098,1027,530,1229,543,1535,976,1200,1031,67,240,1562,876,1368,1209,1070,1581,1501,211,1272,847,1488,1416
1089,675,1088,413,66,292,1219,427,666,340,1076,104,963,1330,580,485,833,778,1292,255,1080,1319,447,410
578,1468,569,368,1341,1331,980,1158,573,1451,339,745,834,1460,614,1327,100,599,1035,796,249,1140,849,785
731,800,373,1203,682,782,407,639,755,1085,1557,1022,960,1271,353,328,553,1493,1232,313,33,1411,1123,299
707,1299,401,417,1343,1061,1176,348,1356,1282,384,323,1275,627,1347,706,63,1546,88,1159,1096,258,1037,520
812,338,341,235,635,932,1349,1066,900,1369,1172,431,1392,1511,1420,576,1373,1227,143,691,584,157,248,737
400,769,1608,230,253,908,794,113,1520,1408,172,590,734,1572,378,869,858,689,358,1032,415,1461,1382,766
654,210,814,610,901,131,1307,919,343,1093,827,108,1224,804,1280,1486,1414,1622,829,1011,403,1407,13,1329
38,592,893,661,1250,24,848,1009,1112,179,660,1358,809,392,1456,168,1371,508,763,498,567,1294,929,1472
916,437,1147,265,84,1170,188,839,1019,509,1117,604,878,801,658,1071,295,820,488,1243,203,641,53,696
790,1301,861,171,637,442,316,1143,1242,1013,895,840,1422,602,1605,483,738,1192,1508,1426,994,261,726,1635
1113,1438,732,1215,1139,754,1345,1332,1173,177,109,866,593,1503,974,389,397,1593,1427,336,1303,6,718,145
1148,1051,439,1171,1423,1355,1125,304,1057,987,659,512,1245,1079,888,1533,1633,495,807,1317,1631,216,1086,874
360,715,959,692,1065,937,783,1626,429,1621,1580,133,1260,628,425,35,1048,467,325,642,10,645,1002,723
1388,1144,724,372,1436,1197,995,1527,697,792,386,579,139,1315,1111,307,871,1544,955,490,798,1312,492,606
1016,1256,1258,1384,1075,162,125,702,119,1184,795,184,1047,1108,1238,1625,1119,12,1000,714,254,618,134,1021
1251,200,371,280,1124,1385,1183,1374,667,1578,1636,435,821,1478,852,1628,585,989,499,1403,570,561,620,1036
598,1545,194,1536,760,857,1515,1194,947,1512,622,408,175,82,1555,972,623,1015,708,1104,565,390,1522,315
1565,29,1400,728,733,746,383,996,912,75,885,940,1049,501,793,1326,1199,1044,39,405,977,749,1295,1629
681,812,447,1493,553,18,164,1437,119,453,1413,645,574,1363,1414,1215,623,982,145,130,1123,283,6,660
234,599,71,1620,1423,247,1597,397,837,621,1612,1394,603,740,141,840,959,61,116,43,1352,1059,852,1321
640,1566,1383,1334,5,143,1510,1088,911,855,781,335,185,1631,342,512,1289,1340,820,1230,1263,33,1468,1399
906,970,1636,63,700,1619,412,1521,793,1315,213,364,1475,1618,1216,256,81,299,726,774,239,477,1344,204
442,1626,38,1311,658,1149,215,498,1301,1005,1420,821,1351,1329,1118,1426,1461,1361,691,1357,322,1096,1285,1267
947,519,1203,1110,1297,1299,160,1350,1071,864,1293,1401,1269,547,638,1313,1106,173,443,988,1581,555,57,687
1585,636,311,127,984,1012,1189,1555,1276,1018,1092,223,1091,340,655,1630,91,1084,1469,1547,79,857,1153,754
1608,955,1171,134,689,425,384,807,575,833,1225,21,417,1562,1204,722,585,194,620,810,371,1283,350,404
919,111,1304,493,803,1368,888,901,1022,1011,99,661,1496,93,440,1331,1336,153,1563,1000,776,564,11,67
1042,343,520,597,1086,662,370,1309,398,1102,706,1319,1392,184,1335,3,1122,265,666,374,830,1501,1292,1101
593,191,1117,829,136,86,576,251,22,1248,1052,52,1458,976,718,452,1467,725,1158,313,1513,336,1333,694
1199,808,1083,596,867,989,714,10,39,389,972,909,1185,713,66,1010,240,202,305,1405,1342,887,95,348
895,1183,1324,1419,13,327,1274,885,466,495,942,1272,321,609,814,1016,778,618,1389,124,328,749,113,203
476,1355,692,1384,1232,1472,607,943,1330,226,1416,1393,789,761,1202,1327,1579,1621,614,418,1500,1532,1047,1396
565,233,1558,1162,1027,435,8,1483,1176,1082,1181,1273,315,500,1236,56,719,510,1046,214,179,84,1323,120
1614,1484,772,1139,832,908,685,230,750,1312,1588,626,324,1127,387,780,764,728,557,496,561,1372,1214,326
133,1395,395,1142,1195,997,849,1270,403,858,1057,82,467,1244,1370,1194,1373,1078,813,1144,598,635,1507,572
249,399,1519,187,1060,753,758,859,478,1019,667,592,929,1032,509,696,210,1224,846,697,1517,297,1152,552
1252,1006,861,200,154,1367,800,605,413,285,139,526,570,337,190,1451,1234,1565,415,1044,1124,1508,1515,878
924,1028,1362,1148,1455,1143,546,258,724,163,642,75,1584,766,368,1147,1261,941,562,181,458,1036,608,881
341,237,747,567,1347,138,1625,1388,108,1250,746,35,949,1235,1109,1074,1223,1418,155,1567,827,1326,1448,759
177,796,646,1151,1408,1246,1209,344,281,1341,792,1159,346,390,554,680,632,1065,433,1509,100,1302,480,361
556,1186,588,799,434,490,408,24,1594,174,1627,135,1287,836,1580,801,934,967,1163,1075,514,487,921,485
121,845,372,950,1629,401,277,963,64,1358,591,1085,1482,189,1442,1237,507,1535,1404,253,1104,1359,1090,870
