1096,1331,316,982,782,940,696,1051,1330,1000,46,834,403,131,1200,179,211,488,873,1373,1626,66,1557,1565
346,959,39,578,1405,1341,1261,1572,142,82,235,1199,1625,1407,1048,12,1416,745,1384,1087,75,1371,157,1092
1608,658,870,127,1139,1245,1079,829,565,1496,908,254,429,697,1527,427,1303,699,541,1192,485,821,1456,932
641,1622,1422,10,1148,497,809,184,878,1505,1414,1002,746,995,1628,1426,1125,1461,755,947,24,866,1562,203
1328,794,645,1256,6,5,125,622,1521,999,307,1515,579,417,223,1555,1172,912,820,328,974,1307,1395,546
761,1027,265,1224,1448,483,1173,1349,1427,1183,466,1535,1611,255,1098,1275,68,1415,778,1388,1019,1280,1355,591
439,1512,728,1184,1636,139,1194,1581,1013,397,1635,91,63,706,1411,1203,1358,325,916,1070,395,1104,1287,800
353,1086,869,633,1147,1158,614,425,371,501,100,348,476,1140,1526,807,1621,734,13,1545,162,183,1197,861
937,1530,494,960,104,1258,401,623,1011,373,323,1451,437,1400,1315,1519,490,1501,1522,553,441,1438,848,570
1345,754,134,900,1392,1468,1085,1149,1006,338,1227,988,408,1524,719,760,1037,467,1170,783,670,1176,702,199
1629,1132,994,1088,642,1009,1605,1095,230,575,801,1262,1631,495,1112,283,1536,1111,871,543,1420,1301,360,580
839,620,340,749,1478,1080,164,1312,1260,1374,1580,67,1215,666,610,313,1356,1319,1071,661,171,1633,567,113
600,1076,159,972,879,812,980,137,400,733,1351,1532,1295,659,989,304,166,1124,585,1057,339,874,718,846
776,785,1423,683,1022,723,64,763,512,1508,1032,790,660,499,598,1021,796,1546,1036,315,1385,253,885,1044
1493,752,1333,1326,691,667,1049,624,737,1272,447,1293,795,1332,496,872,492,520,1159,592,1113,1370,1609,929
308,1016,168,61,883,1299,793,602,484,1486,1060,935,654,1472,35,1242,814,216,86,1035,210,108,336,1369
1031,1327,893,175,249,1544,1271,1061,1250,1503,798,606,1152,605,1282,766,1317,1520,358,446,169,576,407,413
1368,1460,415,386,187,708,996,1202,977,599,1294,724,1578,384,38,604,804,84,715,1511,561,827,258,1232
119,692,771,248,383,1209,388,738,639,1533,341,431,1024,240,876,509,508,405,707,55,1436,378,584,435
627,1488,847,392,559,1243,1144,1618,997,635,368,963,1593,1408,1347,145,1017,919,792,618,88,833,662,109
1143,1440,601,1075,1117,590,901,955,389,888,682,530,852,200,1620,1108,194,292,1246,372,732,726,731,1251
1123,188,1382,953,713,1089,1221,267,94,280,675,29,1047,1229,769,498,840,343,1284,1592,1606,1119,172,278
327,573,1329,714,922,1292,843,198,390,1155,764,1065,1587,295,857,858,1093,410,569,53,1343,83,684,1238
628,1357,226,177,1015,33,637,593,987,442,976,1219,689,143,299,136,133,1066,895,261,1171,849,519,1403
1158,820,12,745,400,1592,614,996,75,543,1408,997,569,754,1355,908,313,427,1611,235,137,88,987,570
602,1070,733,1119,1351,104,1370,1089,1071,498,162,1170,100,327,1086,1357,157,1047,833,776,857,1436,618,431
188,1271,639,316,922,849,1192,1545,66,68,1027,467,283,512,829,1117,1546,1382,395,1416,435,125,5,1392
407,1620,131,108,299,955,315,1486,807,1076,660,134,872,675,1631,708,1423,1215,1197,490,183,113,384,662
1260,553,1605,959,168,977,1533,1224,794,495,1044,1328,340,1171,1527,1104,1301,696,82,1176,1112,304,1275,86
476,403,278,1272,216,386,1148,83,723,341,1065,1326,1420,999,390,1384,119,1024,6,339,508,1520,546,338
940,1349,1006,1415,1562,1411,1331,573,1036,610,724,702,1139,425,778,769,199,292,1238,1282,1524,1221,492,429
771,982,821,1536,1140,226,580,858,1426,38,372,1299,980,1108,55,707,893,1016,870,1132,1013,177,1521,661
401,749,1511,1329,1250,295,145,1087,494,641,1440,1051,46,622,989,346,184,1356,988,1628,1200,1395,1143,804
1232,368,760,392,1565,852,1319,1295,814,935,143,871,1049,1580,1184,1530,654,373,496,682,599,1144,258,1229
916,64,1587,67,520,194,846,466,783,240,1075,684,976,94,267,755,1155,885,417,280,307,1508,667,578
1358,1626,127,1017,812,484,929,1472,325,1448,413,1501,509,1246,633,1526,1079,1194,1294,1000,1147,1245,869,715
1060,879,1031,861,874,659,447,253,1242,1460,1261,171,328,1330,265,1468,378,63,1032,601,1505,691,591,1262
33,1422,699,593,575,642,1199,1258,1183,731,1405,1280,35,541,388,1515,605,901,1219,210,1414,211,1388,1209
1633,439,604,164,798,415,530,1461,1493,1373,353,1095,692,718,1608,878,1535,793,410,1227,397,713,248,1512
1061,1315,937,1066,584,590,714,1403,10,1368,848,895,585,1606,1284,1037,179,1438,790,1098,726,13,624,623
1544,1243,1292,139,567,763,1581,1173,39,1015,446,627,1618,1152,1522,565,1085,1374,1088,683,974,1636,1478,1332
738,766,1341,1347,883,358,834,61,1625,761,1096,953,592,866,1488,960,1256,888,576,1251,1451,187,1369,1172
1092,1035,389,169,670,782,223,343,323,1111,600,666,497,1202,900,734,1593,598,1022,843,912,732,658,1503
1385,53,109,249,198,136,579,1333,1149,737,1057,1622,142,360,91,371,847,175,1021,501,706,606,1555,442
1124,795,1002,1125,1080,839,1532,1519,1400,1578,1011,919,1343,408,800,995,336,752,254,308,1203,1287,519,405
255,932,1427,796,809,1048,719,348,441,200,1456,764,1635,645,1123,1371,840,1317,620,1093,785,203,159,1293
1113,972,1621,166,1572,746,876,437,261,637,559,485,230,1609,1327,873,1557,483,947,697,635,994,383,1407
801,133,172,628,29,1303,1307,728,827,1009,499,1496,963,689,1629,1345,1159,561,792,1312,1019,488,24,84
1515,171,1080,1089,315,46,1527,395,1294,833,861,553,1508,699,1017,606,1261,1606,88,1374,346,1440,776,390
435,1521,746,697,1262,1155,792,752,6,591,258,1416,807,749,874,567,1108,1092,83,1194,1242,873,1113,1139
935,879,199,1299,1227,446,1426,604,734,125,1287,378,593,1533,795,1095,1532,410,771,1158,1420,988,1422,801
235,715,689,585,794,1451,1006,343,1117,63,1328,1460,1047,1562,1415,1203,1351,384,718,1621,1438,790,484,624
1555,1448,1636,812,1079,869,1293,1557,316,559,360,1620,707,659,827,959,39,386,492,848,614,682,1592,872
1423,580,91,1009,216,75,1170,1143,565,1061,308,5,785,1358,194,1371,223,230,618,1511,1260,1250,425,278
724,177,579,1333,578,179,1071,1526,1049,401,400,159,188,1086,1176,82,210,814,1221,1461,509,35,1572,1355
738,371,1382,543,1256,1292,600,1315,893,24,1031,372,658,417,183,1085,1000,1578,829,483,662,1282,809,670
866,1093,496,55,1633,108,295,1317,793,901,870,133,627,168,1403,441,778,86,599,666,254,1536,392,313
530,304,187,691,211,999,488,1545,708,732,336,876,495,339,166,953,737,248,1096,1200,1245,633,1183,849
1295,1519,467,1622,33,1232,1057,1192,172,1060,1112,1345,1104,1036,972,407,64,1075,1021,726,145,1015,240,1088
1284,1319,1329,439,325,622,1027,1215,490,261,994,796,1427,974,137,590,1044,1144,131,1505,405,852,1436,895
67,857,987,265,249,684,113,494,783,605,307,1405,323,1251,200,1496,198,13,916,508,1280,1066,1224,1197
940,1123,1357,1611,427,442,109,1312,358,1152,1618,623,1520,1488,1098,667,1373,798,1522,389,541,1400,575,1486
1625,1530,431,353,1002,745,573,1307,61,1013,1111,1048,584,1209,763,706,769,1629,1468,834,912,157,1608,675
754,429,976,142,373,661,1065,989,1472,292,821,1032,1199,947,847,162,1184,963,447,1124,1024,760,637,38
840,1037,1119,413,29,1544,1219,997,955,175,1271,628,127,960,1246,169,654,731,226,10,1275,1535,1132,1512
139,846,84,338,1022,1173,1327,1369,576,104,255,932,1493,1202,134,203,1580,408,66,1016,501,1272,1388,498
499,714,1019,341,1301,1303,1392,1147,728,719,1628,1011,1331,1148,1456,403,1635,980,996,919,839,761,871,328
1546,1384,1626,885,766,327,683,100,520,466,569,497,415,1149,1407,280,184,485,1051,820,660,283,368,1035
1501,755,476,1140,253,692,782,383,723,908,929,119,512,937,702,639,800,1408,267,888,348,1070,900,645
1370,1605,1503,1258,1414,1229,977,696,1565,1631,299,713,1593,1385,641,94,12,733,1347,1172,1341,858,1087,1326
878,136,53,1159,519,68,883,1125,982,437,546,592,602,1524,1609,642,570,1478,598,1395,1349,1238,1243,1171
635,143,1587,388,843,601,561,922,1581,1411,164,1332,995,620,1356,340,1368,610,1330,1076,804,1343,764,397
265,435,543,999,1448,1299,633,1009,578,1371,809,1508,1057,766,980,1192,1527,29,248,879,559,1112,628,304
592,746,1251,605,1411,1275,1349,145,761,1027,292,82,1526,283,1140,1075,620,390,714,1111,565,585,100,1355
1385,1557,706,1620,338,895,618,989,1319,1089,929,916,847,576,755,691,1294,24,495,66,1357,86,249,872
1048,1295,1631,1515,858,623,876,10,198,683,1511,1622,771,1232,963,1243,1123,200,1312,1609,878,575,982,659
499,12,512,307,1633,108,211,509,137,188,719,255,1284,1272,1076,1096,134,1171,682,1440,1317,1183,795,614
415,159,35,343,431,622,1061,1256,68,1530,492,1544,960,1227,715,373,1015,1093,1095,1098,1460,368,1079,1478
1194,177,976,1108,447,1250,166,1512,1611,1524,1245,843,1519,91,932,483,46,785,1536,427,1628,1592,168,1405
699,340,1260,645,67,169,974,403,498,1618,857,812,425,1011,760,1343,386,1051,935,814,175,1427,778,33
372,1456,658,666,1303,737,1532,1420,1159,1117,1327,442,769,1219,6,235,83,1472,1522,488,804,1388,792,1436
55,1373,476,1621,1119,389,254,278,261,113,413,1202,1345,308,38,1006,1242,1392,1070,796,383,763,327,1330
183,718,561,360,833,1125,713,1022,1152,119,1501,1331,1017,732,598,1593,1468,1292,662,637,157,1488,1403,1086
407,348,39,1170,172,1085,1333,1545,893,593,223,1124,392,1505,1071,745,1407,1356,328,400,341,1416,210,1395
1044,1147,1031,313,1347,724,953,1155,1173,734,395,1307,520,63,497,972,1113,417,1626,13,466,164,1625,1535
580,1246,216,184,1332,728,541,131,834,1606,384,849,1426,869,139,1636,280,670,738,371,783,1438,1358,846
1016,1258,1197,764,901,1555,955,600,1315,793,1224,1562,579,226,339,660,1139,315,959,127,1200,496,820,794
604,667,88,1414,240,61,1019,870,1423,1565,1149,1461,641,53,731,977,1049,358,5,1229,1148,1400,1271,1144
553,1493,1203,162,133,490,1104,627,1092,171,519,1199,573,1172,584,821,1176,323,570,199,346,606,885,1261
661,852,230,143,848,684,1132,437,1013,1024,1301,1002,798,696,1221,839,919,1143,569,840,179,1521,1158,1605
708,1520,591,401,1066,702,378,484,1369,75,1021,726,1328,1629,1287,567,546,790,733,501,749,601,707,1374
1280,807,692,1578,1341,1065,467,508,874,1088,136,1533,610,871,408,1451,1382,104,1370,1384,829,530,94,947
295,439,861,397,1408,1238,866,1587,988,142,388,253,64,203,441,494,446,782,940,801,1326,1293,642,336
776,994,109,675,258,1262,1215,723,1580,883,485,325,1032,1496,1282,267,194,1486,697,1036,888,1000,827,995
1060,1546,1503,800,353,429,754,1035,410,912,639,187,689,590,873,1581,908,900,1572,996,1368,1608,922,84
987,1635,1184,405,299,1415,1422,752,997,635,1037,1080,1087,316,602,1209,654,937,125,1047,624,599,1329,1351
530,137,1403,1192,1065,1209,55,46,435,1123,177,947,1143,1460,1292,313,1488,1557,606,1303,763,576,104,866
980,1060,280,605,1532,792,401,249,1140,1593,187,1066,1070,1203,604,1159,1087,699,223,746,1044,1197,1415,1565
1508,343,1092,188,1315,75,328,1400,520,764,1327,893,667,1468,666,922,601,1501,1530,494,353,392,1333,304
776,977,1520,683,659,278,839,919,446,1472,307,959,662,447,497,417,684,689,1147,642,654,415,437,1061
1526,873,397,809,1349,1448,1486,339,912,1330,1224,561,1420,737,820,1051,1202,1371,771,935,169,1332,1275,620
1057,585,1608,386,731,1048,895,323,870,879,1307,637,261,761,1606,692,995,159,807,467,778,1620,1527,1370
254,203,498,1251,295,466,1158,628,1592,410,1155,1535,253,641,5,1536,83,1478,1171,691,53,66,718,1440
1427,1512,316,707,752,578,431,388,843,829,1075,175,1015,660,734,1496,1295,821,1215,265,1076,1079,624,697
1629,1436,395,38,64,1317,1633,183,157,1388,327,590,24,1294,982,715,953,988,199,325,580,955,496,793
724,346,405,1262,476,1369,728,12,858,670,1414,708,1545,1098,1326,1416,1355,360,639,1384,1544,633,1331,755
800,785,1261,1572,696,1408,1407,1250,1287,1242,622,900,972,871,403,994,134,164,439,315,1351,932,131,1635
299,798,861,441,1395,591,1006,29,916,1024,1246,592,1229,1047,869,512,713,495,483,109,248,1170,883,1125
373,1587,383,1002,782,783,1104,368,1611,378,1368,1238,1149,267,1013,1243,963,794,94,408,179,13,888,1312
874,63,878,501,1096,719,1461,543,1022,1148,1021,1258,490,682,39,553,846,559,908,255,1515,82,230,623
754,872,1524,1293,1343,198,714,1581,119,1176,1423,1503,1152,1628,749,1049,1382,1093,1609,171,661,429,1139,1329
1000,1546,1438,1426,999,847,407,1631,1113,1221,1117,857,1578,1373,1271,1282,760,1374,258,584,1037,565,292,840
341,1027,240,599,769,766,1284,488,1356,1031,125,702,658,1622,68,358,1172,814,1016,338,226,645,10,235
1319,1035,389,390,1555,1111,1011,33,200,1080,573,35,336,827,812,91,1256,1636,139,1144,113,541,400,801
1618,627,1019,1132,216,600,675,1036,1625,88,1232,987,732,1580,996,1493,1089,1085,136,162,1017,1032,974,508
989,127,852,1519,937,283,833,579,1522,901,166,61,1272,1183,519,1341,340,1511,1358,618,1086,546,876,885
1112,1009,849,1301,194,1505,1357,108,635,997,143,804,745,929,1199,133,598,795,602,1088,726,1245,1184,427
570,1411,86,569,1095,960,184,499,1071,1605,308,575,211,168,492,1345,6,567,614,442,706,1385,1219,738
1621,1173,848,1456,723,1521,834,733,172,372,1392,100,1533,145,1422,1260,1227,425,1194,1108,348,796,509,84
790,371,940,1299,484,1328,485,1562,142,210,1200,1280,976,67,593,1119,413,1451,1347,1626,1124,384,1405,610
427,963,929,1057,137,401,131,484,397,764,584,575,1512,1625,253,940,1066,315,820,67,976,429,932,1448
512,1356,441,119,1147,579,833,46,388,1262,159,1065,490,997,328,1503,1587,737,508,308,955,1319,1087,1246
1440,1508,1176,893,497,689,614,766,313,447,622,378,995,809,38,1572,1048,935,1411,299,417,133,1242,804
1635,383,878,336,483,580,999,792,1158,194,496,1149,88,602,900,183,708,728,801,1328,405,1238,86,1519
866,858,661,1414,1527,1272,258,1113,485,1496,598,1382,431,1370,641,1092,35,1472,1562,55,1260,1051,12,179
1565,1200,1592,1299,494,143,684,1349,624,340,848,1622,852,870,39,795,994,261,569,1112,724,108,1629,1125
467,437,1229,1420,980,734,637,216,1000,1294,24,895,798,230,353,1203,1022,1403,384,346,885,466,1060,1331
520,1521,1173,738,498,576,1423,821,1633,754,1139,670,1526,1071,5,1593,1049,1493,692,1460,439,360,1209,368
585,304,125,1468,1606,82,1184,492,1557,1524,94,746,1416,211,861,691,829,1415,371,874,1295,325,561,164
1351,339,1369,400,1271,697,699,435,1251,1605,1486,977,696,796,1197,570,29,265,1215,1024,732,1221,593,1124
1555,541,778,972,794,749,175,761,769,1578,1172,605,987,1618,1532,908,254,1384,1326,1408,604,782,200,162
408,403,1388,1250,184,248,172,1282,713,715,292,109,1581,1170,1123,372,639,707,659,718,1032,683,745,255
392,1140,869,919,104,1261,840,1037,1199,199,278,136,395,989,267,113,883,702,1535,1307,1144,410,1488,591
876,177,249,1530,519,1219,763,1044,606,1301,134,1243,358,1224,1293,573,553,682,1621,675,307,733,386,1426
1132,559,84,327,499,1400,1332,1355,1461,871,849,389,988,169,1148,1232,1636,752,839,953,316,660,1088,1317
1333,373,1505,1108,1152,198,1436,847,1031,171,1098,1035,1202,1159,1422,662,834,618,63,1017,1407,843,1085,667
1303,1451,187,10,1089,1395,139,1192,1096,1009,937,723,1292,1478,947,127,1371,1628,1284,1075,390,627,501,348
719,565,476,1546,793,610,1111,1520,295,633,1345,922,1076,1327,666,1373,1501,1341,203,1171,1047,338,1544,1392
714,1358,488,1533,1245,578,446,64,1095,495,142,283,100,1545,1002,1609,623,982,760,226,91,658,1608,223
1329,240,1104,6,1405,1368,635,442,654,916,509,846,13,1280,873,1385,1347,755,1013,1522,1258,407,188,1515
996,1016,546,731,879,210,1021,800,1631,706,1155,1343,590,1315,1611,790,1079,1027,1061,1374,415,1006,1256,592
1287,1011,1427,323,974,642,814,166,1357,785,425,341,1086,280,1183,530,1626,628,599,66,1330,68,872,413
1511,1019,960,959,1312,1536,1194,1227,1438,567,783,1117,600,33,726,620,645,601,1093,543,1456,812,827,1275
168,157,235,1620,807,1015,1580,1036,83,343,1119,901,1143,75,145,912,857,888,1070,771,61,53,1080,776
919,839,752,495,1049,413,792,1420,639,171,1520,1460,1426,623,1294,912,466,675,1416,1021,1221,763,24,427
1032,922,169,338,1260,1076,610,573,226,1000,397,1197,339,100,1113,267,849,593,1002,869,520,702,1170,188
1533,119,429,1438,1382,53,870,1486,885,384,601,541,395,940,249,1544,1332,1124,248,1605,63,987,94,746
315,255,1280,1112,1009,323,194,183,1215,127,692,378,543,1369,994,699,425,1086,1535,1373,749,431,1527,1096
1088,590,731,1250,1243,1006,1496,1355,33,633,368,1468,691,1194,569,796,389,642,683,598,1148,265,327,591
1080,1219,348,340,932,974,895,1511,446,177,1227,1461,1405,996,134,341,858,1262,1275,1143,1395,1349,61,1093
689,726,1065,871,6,995,1147,561,1224,168,198,35,1618,715,874,1392,1408,565,142,1158,210,1242,546,876
371,599,624,1075,1631,1123,5,66,1545,1440,1192,723,1329,75,328,1530,1557,1371,893,1358,1292,614,1351,187
846,1024,280,733,997,1519,848,1048,645,1261,1299,1368,1327,567,307,1625,738,1171,1357,512,405,1524,437,1284
706,576,1436,1132,1505,1256,1301,501,498,1036,1592,1536,392,1152,801,447,618,662,325,1087,55,299,88,1245
600,253,1037,1176,667,1027,1456,696,1515,360,580,403,1159,1333,415,834,814,861,1326,235,164,1061,821,483
670,585,666,496,714,661,1047,1011,175,908,1139,283,1422,1271,1611,1312,230,386,771,641,125,1183,1317,467
1565,179,1258,1626,684,989,1016,843,494,1580,840,401,579,635,1532,1546,184,627,766,559,199,1315,39,388
509,1356,172,1282,12,488,782,592,1621,658,353,316,972,605,441,313,1098,10,84,719,1031,707,1620,1609
1108,1199,1079,1238,1407,1172,794,901,358,873,46,847,682,827,878,754,499,929,91,807,1581,492,1202,1512
553,484,490,159,829,240,1319,1629,530,216,1572,1085,1089,1287,131,442,372,497,211,1173,1155,1330,435,982
1608,778,373,654,980,1478,1119,1370,1051,734,1384,584,888,1385,1374,1071,866,1388,67,761,872,1472,602,1493
1144,1092,38,724,713,86,1060,937,916,1593,1293,1562,1415,1622,628,29,1578,959,697,136,790,1522,308,200
1521,960,278,1251,1331,139,68,785,764,1125,1149,637,570,1066,760,606,1403,728,1636,346,783,343,223,900
879,988,476,1400,660,737,203,1140,1111,1508,1232,1411,1347,1229,1606,755,800,955,1555,1307,999,1209,953,1019
304,439,145,1633,1057,604,804,1488,708,795,83,852,1200,798,963,947,575,718,745,1343,1526,336,113,833
407,508,133,1635,1328,1070,1345,137,400,1587,383,1423,82,1117,1104,410,935,1295,883,166,157,1628,1303,1503
820,254,1246,776,104,769,1013,258,732,977,13,261,162,793,1272,1022,64,578,408,1451,857,292,485,976
1341,1414,519,1448,809,108,1501,143,417,659,812,1203,1015,1044,1017,295,620,1095,109,622,1035,1184,1427,390
724,1144,839,1555,1438,125,999,292,1423,1194,1119,1070,338,684,497,734,113,1519,1515,1176,267,235,852,691
715,1203,1621,199,429,177,157,1006,389,988,1351,1331,546,1044,912,1089,1625,258,591,83,1071,1636,1227,1261
1355,1002,639,1155,754,1635,373,1132,435,628,1079,325,763,203,584,53,637,1557,485,833,6,1620,441,400
1271,814,1158,1415,874,1420,530,1488,223,989,820,336,947,1593,127,769,1229,1328,766,341,935,104,328,29
200,339,410,901,937,1172,1422,343,295,179,812,439,358,1333,1060,188,601,1184,67,976,1408,1522,392,1011
1117,1192,1581,1587,64,793,682,1592,1170,323,1545,1501,1047,977,1293,1411,1527,1095,1436,1048,1250,1243,567,1111
1511,346,1057,143,1368,348,39,315,261,38,484,870,1140,1416,1544,1246,1009,401,794,1065,1209,24,1356,749
1407,501,575,230,1215,265,1609,599,1370,879,602,996,159,1440,1024,1486,378,849,1238,46,1086,963,980,1329
726,386,718,543,1533,1448,801,1611,872,68,667,308,559,782,368,1104,1327,893,313,1384,565,397,496,1426
1076,61,139,661,883,719,666,1258,307,495,1536,713,1019,1199,437,240,1622,641,1287,304,168,1373,1524,982
198,35,226,1493,654,610,211,1022,10,1123,579,1580,66,1496,778,1061,1312,1013,737,873,1085,1148,1173,929
1092,573,254,84,888,390,614,1016,1197,413,1251,1015,1245,585,697,1631,553,761,1456,696,216,175,776,1451
1532,1000,908,706,1294,498,578,821,248,1369,895,88,187,1319,972,1113,840,1478,417,169,576,1405,384,866
809,1143,1414,119,407,1526,593,1221,142,94,1535,137,707,876,1299,1503,699,848,590,1282,1345,353,598,940
388,618,987,745,1260,843,1088,1349,755,580,1292,732,1049,483,642,635,1124,728,1358,442,1301,1572,280,804
1317,1357,519,633,847,1520,395,1505,959,446,752,1307,425,1628,974,1562,1051,171,1272,1565,541,1232,1633,466
1087,997,790,499,492,1461,75,1508,764,1341,731,604,1159,100,622,131,134,431,1578,1066,569,932,13,63
1400,1171,1374,857,785,800,827,994,1147,834,960,494,1460,627,689,360,796,1629,869,1343,733,1037,1152,1080
1224,427,1035,829,520,467,1075,194,620,592,1332,995,1385,858,1315,807,1031,871,1200,1256,760,1242,145,164
476,1032,662,86,299,1027,955,283,953,675,885,922,1280,133,1618,919,1546,1295,659,1098,1284,660,166,605
746,1125,1521,623,645,403,1347,1303,795,1326,900,415,692,512,278,12,1139,253,408,1202,1021,708,723,561
1108,55,255,1392,771,798,1183,172,878,1371,683,1608,1096,658,570,916,1626,670,82,1403,783,383,316,508
606,162,340,210,1149,184,1036,738,1093,1512,509,1606,249,714,371,91,1427,1388,372,136,624,327,792,1275
861,1262,447,5,1017,1395,1112,109,702,183,1468,108,1472,1382,600,488,1330,1605,490,1530,33,1219,846,405
1557,1092,929,972,834,1587,1215,1472,143,1292,778,348,869,766,446,327,346,1427,488,576,1633,1388,386,1096
955,1061,1403,847,932,1370,601,1546,1184,977,697,935,439,119,1319,602,1111,846,559,1385,172,175,1341,1371
358,501,974,1422,793,133,1395,714,1049,1200,304,1369,1456,1618,599,1124,821,976,1355,1420,1328,654,1006,1221
1144,383,988,1104,1139,145,498,546,1250,980,100,378,1295,1256,604,666,1199,752,403,313,316,520,1496,485
46,466,661,199,878,1093,689,922,283,496,807,1071,1327,1384,1581,761,1486,684,39,900,1423,989,371,164
410,901,553,569,1545,392,179,1113,858,1013,1143,792,1351,585,109,1527,142,211,308,584,168,873,38,1245
543,893,776,833,734,755,645,912,1258,733,1057,610,63,1440,1357,490,53,267,620,1262,1460,885,1572,1171
1611,340,1593,373,1173,476,1148,801,593,848,171,919,849,108,1112,982,1411,723,1488,1580,1125,839,157,731
325,1349,1408,1407,760,292,483,987,999,1132,1095,64,5,658,1608,1544,230,125,1242,183,1416,223,1037,1605
1522,1307,1628,307,1635,682,1592,254,248,425,530,796,1002,1501,598,261,113,749,280,1524,1532,1468,295,408
623,1521,1329,573,1260,1287,1087,84,1197,338,1503,1275,1358,706,641,388,795,413,1636,1108,1238,861,871,1621
397,177,696,1331,512,1086,1520,852,35,771,662,278,1330,567,843,541,1272,1436,908,258,1578,1246,1565,343
1088,1027,667,1016,497,240,1347,1147,194,1629,1609,1293,614,622,794,226,68,139,1451,1333,1512,940,1076,1493
1530,431,131,592,6,565,1119,484,738,997,1149,67,1021,166,635,395,699,715,315,1332,1159,876,435,561
1060,618,769,872,639,427,1080,390,1312,137,953,519,1426,203,1505,1011,959,883,1284,389,659,732,1515,800
29,628,1022,1229,417,809,804,575,702,1280,1382,790,746,1478,384,508,136,1089,1526,737,1085,255,299,783
1192,323,1368,1606,1232,1294,210,1317,814,1224,1301,785,937,1405,24,1035,1374,341,627,1019,61,1117,134,1203
1209,1065,1031,763,188,1000,683,1202,127,1414,198,1152,580,1345,1620,888,429,726,692,1625,642,1626,1155,1535
994,724,827,798,866,895,1009,1511,66,1044,265,1392,745,874,1140,336,1536,159,1024,1261,870,1326,1227,754
1017,606,1415,442,200,83,12,13,437,713,879,960,1047,1533,495,187,339,368,249,995,1070,1562,718,660
1194,184,996,353,916,1075,590,494,728,499,1079,75,1219,405,328,719,1508,1176,509,578,633,88,782,492
1158,1251,1271,407,600,169,857,401,579,94,840,162,1400,447,764,1123,33,1315,1051,1448,441,1048,637,1555
1098,10,1015,1356,605,86,1519,1631,963,1170,1303,707,1373,253,820,829,400,1183,104,1036,947,82,624,372
360,1622,216,670,1172,1032,1243,675,591,1343,812,55,1282,1461,415,691,1299,235,91,708,467,570,1066,1438
1544,1282,1580,746,1159,1293,66,754,987,325,795,1262,1048,692,874,346,400,484,955,1505,1246,1125,378,476
1047,1229,1199,508,1405,1036,1292,567,1123,397,785,1414,708,1456,731,1508,210,1031,1011,1258,1501,1171,1197,1415
1411,127,715,1275,1203,1512,125,441,519,834,372,175,1021,980,467,1022,261,1243,849,565,33,697,1301,994
624,431,171,235,483,861,1374,977,267,94,1242,675,776,1209,109,771,164,323,143,1017,1609,916,55,1633
492,1347,796,591,1284,512,699,168,570,136,216,604,782,1119,179,627,63,392,119,10,1280,373,29,340
707,343,75,1349,166,137,38,1065,734,872,113,368,1224,857,888,1521,783,1626,871,490,1294,199,338,188
724,1332,1329,642,488,839,963,1593,812,1085,840,230,1202,157,1468,1024,1522,1503,900,546,769,645,752,879
341,878,575,425,1051,576,1086,1096,1562,766,389,541,307,413,807,1572,501,641,658,1317,159,706,989,509
628,1144,68,1287,793,258,1422,1173,1546,702,1636,922,660,1147,327,316,995,901,1620,139,794,764,1089,598
328,1345,940,177,691,1140,211,172,240,1488,384,763,682,683,401,579,988,1545,847,919,5,1384,1260,1108
1088,388,429,1238,1124,1227,427,590,1423,134,869,601,1493,614,1158,1392,633,313,1095,1530,1536,39,226,1019
278,169,1215,801,415,223,67,446,745,1611,1407,447,496,383,866,1251,622,1194,1461,728,846,162,606,1256
1535,1368,91,1000,194,1333,439,295,1087,1016,1451,53,1049,1170,1032,88,620,520,809,654,1006,1532,1057,1438
732,932,585,637,1621,1524,996,559,1312,35,1388,895,976,561,280,499,1219,1035,6,1373,972,733,1155,1533
858,1319,1478,1618,600,602,353,1622,1486,829,553,738,718,1075,1013,442,1192,610,1080,1436,1408,929,873,1557
1565,1183,254,410,339,1628,662,723,1066,100,1371,639,804,1403,814,893,1002,755,104,1369,248,1581,1635,304
405,1519,1460,714,1625,661,1343,408,623,187,667,1511,1113,1448,605,1605,827,935,960,61,848,83,1027,584
908,1092,800,883,1176,360,336,64,1496,1232,876,543,1395,1420,1416,24,1295,959,798,1592,1355,203,618,592
1098,255,1356,417,999,1555,133,726,145,1631,947,1117,530,792,1440,1351,308,1330,86,790,778,1015,1307,1093
485,821,183,1357,1271,1370,249,833,1061,407,937,1578,1076,200,684,1060,283,1382,1606,82,1515,198,1303,573
1331,1272,265,670,1520,386,1426,1250,358,666,885,761,1200,599,953,1143,390,1044,749,852,1172,569,108,253
1327,1152,1245,578,1299,437,1111,494,1315,870,348,580,184,974,1526,696,1427,843,497,1149,1400,1629,142,13
593,1527,1009,1184,760,1385,498,371,659,466,403,912,1070,12,1037,1148,1608,1139,1341,1472,131,1358,1112,1104
46,1328,1079,1326,1221,719,820,635,982,435,689,292,997,713,1071,1132,395,1261,737,299,495,1587,84,315
431,901,373,1215,732,1633,1035,1385,1060,593,1176,1382,1209,5,1330,407,989,1395,346,230,1328,1299,871,573
591,249,761,793,670,1606,858,633,88,323,737,1422,1011,1545,1405,1194,1307,1555,1016,1200,498,1358,696,64
660,441,1343,1535,66,53,706,476,1392,1148,1172,1536,343,1622,1448,1108,1411,1373,519,1155,1527,383,368,908
982,1611,267,61,839,794,371,1562,1271,1505,1173,166,1341,137,734,1197,1438,1132,947,879,1095,254,258,600
38,699,223,1202,1260,1048,1076,439,1371,127,809,1171,804,401,1144,932,188,659,769,1368,820,870,821,623
795,39,1089,1349,878,1629,1565,1066,1351,413,733,1609,1251,1002,490,1000,1625,183,1440,497,719,488,610,1357
10,29,1605,278,959,602,1456,876,919,726,1037,1631,125,988,1515,658,1478,994,395,169,133,408,598,108
576,292,728,1426,980,614,798,1256,509,916,866,661,1027,143,888,168,1243,667,1526,389,1327,499,325,1608
255,386,792,1301,1242,1071,763,496,1370,483,1098,1272,723,1414,987,1415,599,145,776,1275,1581,1520,697,857
84,198,226,1423,134,338,216,248,484,1572,83,642,1315,1024,1057,1111,546,1294,316,1287,467,749,702,508
1461,662,119,592,955,1503,520,1356,63,624,900,1488,1403,812,895,1006,171,1246,1618,1229,1087,584,1521,240
1224,446,253,1036,86,392,1022,435,6,1238,752,397,1227,1088,327,872,1017,1158,829,1407,601,1065,883,833
1512,1319,1199,1347,94,1620,200,1333,605,575,1519,714,1245,580,1262,713,755,764,622,718,1092,873,1047,1261
604,1626,199,814,390,177,567,834,782,353,1345,999,543,1044,131,996,75,1293,637,790,840,1468,541,953
1221,1303,885,1593,1511,501,1292,340,336,1019,972,1184,940,1493,675,1355,1329,109,1147,1015,1408,974,1427,645
265,1369,922,1496,579,360,299,1117,384,731,846,654,1522,194,280,1119,1546,559,1021,1451,796,1079,1140,738
1388,1501,570,1282,682,1587,1080,1152,1192,1331,1436,358,427,1104,339,1295,142,1009,55,1096,261,1530,495,1203
1125,1149,313,1183,800,179,893,184,785,307,400,977,33,1250,1093,849,691,304,1112,1312,67,466,963,157
12,997,175,1061,590,1124,1280,627,1051,683,211,1232,843,494,1628,1578,847,1317,1284,68,1400,417,24,746
1031,1070,807,348,869,1524,530,852,415,771,328,639,341,754,874,512,692,708,1621,378,1472,437,707,35
1219,1420,766,1086,1139,485,388,46,283,410,1159,684,783,203,405,1123,429,912,628,801,1580,778,937,159
425,976,172,666,606,162,91,403,618,447,164,745,848,1636,315,1486,1049,104,1592,139,1332,1544,827,715
578,620,1113,235,760,960,1635,641,995,1533,561,1532,136,1508,635,442,1013,1384,585,1460,372,187,100,1557
1170,1258,935,210,308,569,82,689,13,1085,929,1032,1374,1416,1326,565,553,295,113,724,1075,492,1143,861
194,997,1625,895,972,1511,1303,763,1009,873,1155,1275,1148,955,133,143,1581,1440,707,659,878,216,446,988
131,6,567,1626,848,425,292,240,383,175,801,1080,113,1331,614,1173,1317,849,183,1515,360,1326,793,410
1284,1140,1095,919,1048,645,869,108,109,857,728,1385,776,1158,66,33,1219,814,959,5,1143,339,872,1628
476,1262,874,1527,1123,666,708,1328,987,261,389,172,498,348,602,1125,691,994,1395,346,435,866,429,1545
304,746,75,1608,1287,1293,1011,323,390,1478,1345,559,989,1562,338,885,68,1618,839,1461,764,1044,1536,1184
1024,963,343,829,184,1238,39,1544,1172,1209,1592,405,1079,1493,553,871,820,785,1370,1112,1411,1113,1104,660
441,1611,579,901,1299,327,834,623,1183,1250,1243,1088,858,935,1438,230,490,731,1087,754,1139,1572,235,1496
893,1327,83,1258,1111,24,1221,641,1358,1400,755,1251,912,403,809,1546,307,10,1382,737,1357,846,1622,642
696,400,1002,1295,599,1049,667,561,373,1593,706,368,1451,1416,578,386,1456,86,431,483,1415,1061,1176,1098
484,1086,467,336,200,1555,1587,199,159,1089,187,1035,1524,610,1636,576,1260,139,508,719,795,883,340,12
783,724,258,1330,496,682,1092,1405,541,1373,1368,922,1403,769,840,1144,598,1369,843,1292,248,1132,125,833
1505,395,1347,683,1070,861,580,1261,546,1436,142,1246,94,1408,313,929,210,295,1032,1060,821,328,732,573
188,499,82,1508,661,388,982,804,164,606,392,585,692,255,940,61,226,766,325,1006,932,519,1520,283
794,1472,372,1294,916,977,53,46,417,601,1282,1633,1199,1620,119,179,575,203,900,1192,633,1629,1159,1349
223,1171,976,654,960,1215,807,1621,675,384,211,1307,1423,593,723,1027,1147,637,38,590,67,996,84,466
494,280,999,1426,413,371,1197,1200,852,543,29,137,1075,488,738,168,1606,315,699,1119,1486,278,509,745
1392,177,624,171,771,1356,485,1332,749,1526,1280,760,565,1503,752,1414,1605,408,1047,1374,1351,937,798,1519
145,162,570,980,697,908,1017,1578,1521,1312,1202,501,628,1388,1301,427,1533,1580,1271,1000,1384,1066,401,1501
497,1609,442,1057,1420,1422,1343,622,1124,1535,1021,447,353,1096,658,1530,995,1242,1512,1015,662,1522,1565,1149
267,1631,127,604,800,1031,358,812,827,299,64,714,1085,1051,1272,512,55,592,439,947,1557,600,407,1019
790,761,620,169,1341,249,1036,253,1488,1256,1315,591,1037,796,104,1245,530,1371,1203,689,888,702,847,308
100,953,265,1468,1224,713,1065,879,726,870,378,1448,341,635,670,733,1232,91,1013,35,734,1427,974,1229
397,88,639,1532,492,1329,1071,718,1319,437,136,134,782,415,1016,1635,520,1076,166,792,1170,1333,778,569
1460,584,684,1093,715,316,495,1355,1108,63,1117,13,254,1227,1194,1022,627,618,876,198,1152,1407,157,605
714,1047,1388,46,441,600,1328,795,248,778,442,410,339,1472,871,1527,908,84,299,888,849,1565,1158,1066
1088,1347,605,295,133,1197,1382,999,1555,1515,1176,439,1104,1000,912,901,413,1065,64,809,145,840,1092,172
5,959,346,565,745,307,620,559,341,1301,1013,104,407,1562,371,292,994,519,846,726,1524,86,373,746
599,1049,1096,1295,1117,713,878,429,724,200,1349,1580,1374,861,304,1229,1331,283,1037,1036,575,553,1051,253
1625,1526,1411,483,580,137,1545,800,1147,576,763,446,937,467,109,388,585,216,667,1593,1451,495,893,873
1609,159,1002,734,782,136,1060,403,661,348,1546,567,541,783,1184,869,997,1572,1508,827,812,584,400,1159
1209,1522,66,6,1618,766,175,618,895,604,760,1085,1332,1086,1635,706,392,1327,372,1089,188,499,179,885
168,1478,226,203,1022,699,1408,662,1532,1326,1250,1021,1262,684,368,183,1044,870,1048,343,1009,1605,821,435
1173,83,578,987,1557,1076,496,660,1132,820,976,1011,935,390,1219,922,142,125,771,1438,1027,929,623,127
401,1075,1192,1587,1282,55,995,872,415,1125,654,1521,953,33,858,187,383,715,879,1155,1079,1292,67,1535
1351,940,852,1608,162,1299,29,255,408,769,1275,1143,1440,405,1628,1592,199,194,353,1519,143,866,1258,737
1203,1245,801,211,1422,642,63,573,1307,798,258,543,731,1636,670,977,624,1170,692,12,1139,754,1057,360
119,1385,1035,689,637,1626,1530,328,1224,874,972,1061,1017,169,139,627,606,1194,683,1416,1633,1468,88,1016
601,843,171,738,989,847,1488,793,1243,1148,1423,134,1032,35,1405,389,1426,1024,1095,1019,1403,785,1031,1544
82,1071,1303,707,198,1496,659,790,308,883,1108,223,386,100,628,1370,732,561,1512,340,397,166,1606,1330
592,113,75,261,814,427,1511,1123,764,1124,131,1246,974,1215,916,919,1414,164,761,1415,501,796,602,1341
733,960,280,492,570,53,1242,378,1461,1293,794,900,91,447,749,848,963,323,1280,1503,490,1493,839,278
1384,1319,1369,1345,1373,1272,702,497,1392,476,1015,313,1356,316,24,1371,633,955,437,1436,1183,417,980,38
1355,1093,327,1271,1312,315,1202,358,1284,579,697,932,691,1111,1287,1357,1260,1227,485,1448,988,494,425,1317
1232,1395,177,807,325,982,1087,1200,639,1368,1486,184,249,610,752,1400,1501,230,696,1171,569,1533,1505,1329
512,1315,645,546,1098,68,1199,1520,240,1581,1238,1631,718,530,265,1261,61,509,508,658,723,157,876,1256
10,254,728,1112,1456,996,94,267,1427,108,591,1407,1294,431,1006,1149,857,622,1333,834,635,1358,1343,1251
1221,484,614,590,1622,641,1080,1578,520,1113,792,833,829,1119,1144,235,1536,466,598,338,666,1629,776,1172
675,1152,210,13,1460,488,1611,39,395,719,755,384,593,498,804,1070,336,1620,1140,1420,682,1621,708,947
1060,1158,737,125,1411,804,809,963,1246,405,400,843,1037,1172,403,812,900,546,131,994,1243,299,230,814
1628,543,38,821,1250,1251,794,119,661,1633,752,498,1111,639,1368,431,1530,360,1315,1260,995,1460,240,338
733,248,895,1608,935,1631,1319,764,1436,1022,728,592,602,353,127,258,1415,492,476,386,1238,1280,175,1271
561,1132,724,714,1521,559,1284,982,485,776,499,1065,1382,1242,600,1620,1092,1511,919,953,1512,1209,171,1440
339,392,731,782,575,798,1478,604,408,1515,388,696,413,1347,1626,987,184,1080,1578,1343,1108,46,590,585
846,1024,645,88,1519,162,874,249,1229,68,29,1143,1327,1144,754,628,203,1089,336,371,1098,1388,35,718
39,667,1079,666,1215,847,1403,833,840,1049,1527,1373,325,599,55,848,1329,1044,827,593,1488,1355,1123,1221
1557,1112,974,1427,1000,1493,1407,713,1021,1408,1356,1451,495,199,633,689,113,893,573,785,496,861,1159,1392
198,1232,501,1070,1333,1426,999,662,1468,801,1192,12,1015,929,746,179,1184,1011,1395,916,1171,168,75,1472
723,467,1532,435,283,10,1606,1085,1096,1414,1119,605,584,67,1224,223,885,940,1370,977,1002,1027,635,579
1140,660,1197,235,553,164,912,580,183,1593,1374,576,989,1124,1006,1176,6,820,1057,134,343,200,1456,401
980,618,415,187,373,1587,1326,1125,1400,988,384,226,745,1341,1194,807,1621,53,1611,427,901,194,447,578
866,1009,292,622,261,340,64,1066,800,1148,1351,883,1087,1486,1332,139,614,108,1580,852,972,959,1256,675
1438,641,755,654,395,1349,719,627,976,1173,1152,368,308,1505,997,1330,1013,341,484,1369,323,708,706,1622
1086,738,61,1095,1035,169,267,109,304,1520,1503,1200,1385,508,1416,569,760,216,1202,316,796,86,1501,378
295,188,908,1258,100,732,1295,490,466,1048,66,829,1199,1147,637,1625,1104,1609,726,955,145,601,519,509
1565,439,313,157,699,922,346,328,137,932,734,280,598,1293,446,307,793,1423,769,1282,1303,348,1384,1357
1526,624,442,5,136,83,1535,591,63,1019,1522,437,1592,996,254,1203,1036,1245,91,1420,623,858,1113,960
82,210,1071,879,792,512,429,1139,702,1545,1405,1031,766,104,425,1317,642,389,1307,1533,265,761,888,871
620,1546,1345,790,133,143,1076,1636,177,166,407,1117,441,1075,937,1149,849,878,1555,390,1061,358,715,778
783,684,565,567,255,658,1219,570,1461,1275,410,795,692,253,142,1508,1261,876,530,1635,1016,1032,211,24
1422,13,697,1496,749,1536,1562,870,94,1051,372,610,1272,1331,1581,497,1448,1328,520,541,1299,691,483,1292
1605,670,494,1262,1358,1227,315,1183,763,683,1618,84,278,1544,417,1294,682,397,1524,383,771,606,1017,1572
857,327,1287,159,707,1047,1629,869,1088,1301,1371,834,1170,1312,873,839,33,947,872,172,659,1155,488,1093
38,520,1456,1199,1245,874,1329,804,1555,916,1215,187,1031,622,1468,561,785,691,1451,989,439,840,371,1622
1048,1060,164,715,580,994,104,1636,446,1119,88,429,230,1414,168,1209,384,754,707,660,254,866,1016,766
1140,795,1176,1315,1478,308,397,378,995,852,1415,338,177,1493,255,315,1006,955,100,136,1258,1282,798,809
134,1423,307,733,645,912,782,849,400,248,783,1620,1125,719,389,771,745,1087,627,1132,937,1015,1093,64
467,86,1416,846,1572,821,1422,734,1147,1170,200,878,1096,441,869,801,1197,641,996,55,1608,1192,1626,683
1544,388,1295,327,175,857,179,427,947,1271,1144,728,1581,519,997,159,1536,1411,408,959,386,604,1246,724
684,67,1238,982,437,1440,216,1392,1143,714,490,1625,1112,1405,265,1148,584,1272,706,278,1526,667,1287,139
843,871,91,659,1027,407,1331,1284,1358,1172,94,267,476,484,1327,1522,184,1002,340,662,1224,723,210,46
258,497,1251,576,1593,1070,870,1061,642,901,794,447,417,1505,872,718,1139,760,879,166,188,1307,1104,1587
593,1511,483,847,82,1086,313,1395,346,675,1519,1357,1403,546,325,119,1194,796,1152,876,1066,689,731,590
198,501,68,573,749,1158,1123,13,746,1533,492,1629,1496,292,1085,591,1535,764,1202,578,39,53,601,405
261,883,1088,633,1221,172,776,1037,1326,1341,372,1420,974,235,336,1262,1035,738,240,661,752,1293,1369,353
755,1438,1578,1609,1407,885,113,203,1371,530,1461,820,66,940,403,211,1000,658,1011,415,1351,682,1032,131
425,1349,1436,1022,1242,1621,1345,328,873,1229,249,35,1633,1332,1111,1092,1557,834,1427,1472,1071,929,1317,976
1635,761,1159,618,410,1013,1173,908,1521,839,316,1089,1113,888,133,343,358,413,392,565,599,83,488,1330
1232,1347,1631,485,1057,109,895,623,435,431,1606,1044,666,373,466,1501,1200,1488,1512,1219,1370,900,732,1592
162,1524,1303,790,61,29,670,1275,602,1408,980,1184,127,1108,610,606,1328,1545,654,137,1017,12,988,223
1515,1373,5,1426,1260,1382,570,348,304,108,1051,1486,401,1527,1448,360,339,699,953,368,1280,1019,1024,1388
1256,1117,708,692,1250,1299,1530,6,848,1124,1065,829,1080,569,1183,226,1355,827,1611,639,512,1605,769,792
800,575,1171,696,1261,1076,1095,960,1294,1319,585,496,812,1009,1079,499,922,1301,1227,157,143,63,858,567
299,1368,1385,635,1562,194,553,1628,495,605,600,1565,24,494,778,1356,280,509,508,807,142,1036,253,713
145,614,323,1155,814,1580,1520,559,383,598,543,1546,620,1075,1384,1503,726,893,390,1343,935,637,1292,33
1149,579,1333,697,183,1203,1508,1312,442,833,541,932,1618,963,919,395,1098,10,999,702,125,628,1243,861
84,1021,1049,977,199,972,1532,1460,763,498,283,1400,1047,987,75,624,1374,341,793,737,169,592,295,171
602,67,199,1345,1202,162,1478,1066,870,1505,749,1351,900,1192,605,1451,13,995,814,292,175,1071,323,724
1436,488,346,403,1629,143,1260,573,1015,226,100,1275,1331,670,1606,796,316,1183,771,1440,1493,133,1407,1357
1021,980,1392,1139,1287,495,429,86,1159,235,783,702,1037,848,1521,827,1512,1468,1170,697,1565,988,932,610
125,1049,624,1395,1448,675,798,1519,1229,88,390,599,1503,1349,937,1152,198,494,618,1148,1271,760,1405,483
340,1488,682,879,840,852,691,1343,1085,1438,1508,999,763,1200,754,1143,872,145,397,338,807,869,874,953
800,579,1132,553,1076,839,295,1124,1057,1176,1284,498,658,994,139,578,878,119,1384,131,1184,960,559,1158
501,873,804,240,922,987,576,1036,1546,885,1536,392,499,755,707,1251,912,108,415,113,373,812,358,33
68,395,659,1592,496,622,1256,585,378,223,308,738,1144,667,1032,1272,1532,253,929,1104,1581,484,187,258
61,437,1087,1326,283,230,1246,696,216,976,1075,1572,425,1117,348,1095,1113,857,341,492,1280,940,1089,91
211,570,666,405,977,955,661,441,843,389,1587,1011,809,731,530,726,715,1626,265,388,604,1370,858,136
1317,1415,1242,561,699,593,1328,888,1047,485,793,732,1292,776,435,1347,400,439,947,849,35,38,371,1245
1295,159,512,408,166,137,635,1044,249,1051,1368,778,591,569,1403,565,1203,169,497,1416,177,1555,1238,728
794,1215,509,746,1620,1628,313,1408,447,916,764,1123,1243,325,883,833,1330,641,935,996,1341,1282,39,1356
1112,1312,1016,5,1022,467,592,1293,908,490,1027,1371,1219,628,29,792,829,1385,846,261,194,179,714,662
255,1557,53,315,1636,12,1422,1332,847,718,1520,1232,1388,407,64,1299,745,1472,353,183,989,1522,1000,1070
1611,639,785,66,706,1501,442,1147,642,683,278,171,1307,790,1423,866,1524,1171,752,1319,427,654,590,164
1580,109,821,982,1544,46,1633,466,766,1149,1329,1411,761,188,1140,723,383,1605,1009,1358,1017,1172,600,413
1031,248,689,1209,157,1024,368,1609,1065,327,401,1080,1155,692,1199,307,737,1301,280,63,1635,1119,734,782
1006,384,972,203,1515,168,637,1545,127,1079,1608,1621,1533,895,94,267,959,75,719,620,1427,1096,1333,901
1227,1224,1197,343,1426,386,1002,336,142,1086,660,339,55,104,1061,1173,1013,1098,10,172,601,1373,1048,210
519,963,1382,1527,575,614,733,1622,184,1625,1631,598,893,1303,200,1456,1562,304,82,24,1374,1258,801,606
1092,299,997,1327,1060,1035,1496,508,1461,520,871,1369,1221,623,134,476,567,1420,372,1400,1578,360,1535,1355
1315,431,633,546,417,584,254,645,1414,1125,1530,1618,1088,328,820,713,1593,876,1294,769,1111,919,1019,543
541,1261,1511,795,1194,580,1262,861,708,84,1093,1486,1108,1526,1250,974,6,1460,684,834,410,83,446,627
963,660,183,373,1060,1209,1633,1530,689,559,1451,628,168,172,447,1024,1496,336,1085,29,13,211,976,1438
378,795,1629,162,1250,1369,658,519,1423,670,1245,960,610,1002,1416,869,184,295,1427,1319,1392,645,1355,177
654,1472,1183,1203,929,699,145,441,707,769,494,600,467,1086,1527,953,187,171,499,136,935,846,188,696
283,1557,1411,794,1087,737,567,24,403,1147,1037,1232,1224,1158,573,1219,708,417,94,1065,38,1535,1625,691
726,1275,1148,1113,642,1626,235,1440,46,390,1368,1057,848,425,1545,395,164,814,1505,1021,1022,732,766,801
113,1414,843,388,230,200,405,1345,6,821,912,371,1202,203,996,893,1172,606,1017,1395,1415,618,861,575
1533,546,476,386,999,598,959,407,340,316,315,682,879,840,63,602,389,1478,400,323,995,1526,368,1079
876,501,839,1501,1098,1035,1385,1044,100,134,1243,637,1215,490,919,1341,325,1284,771,1031,715,75,1565,1149
733,1448,223,179,1171,561,1606,713,857,1238,947,1092,308,159,86,661,635,997,12,1262,1508,61,360,858
485,1592,1076,1524,437,746,543,793,488,343,724,641,1139,1144,761,1140,1019,127,1282,1330,752,1093,553,1143
1048,1051,484,908,782,604,580,1628,1123,431,1009,994,1227,372,623,852,1200,980,33,1456,873,585,778,142
776,900,1176,888,932,240,738,593,109,1388,1108,1621,541,1258,1315,254,1631,427,496,982,895,1095,82,199
792,157,1358,1384,833,878,667,1609,1587,790,760,866,1519,1303,1089,1522,392,870,1293,125,702,988,346,1299
916,509,809,66,1111,397,67,1317,1605,1356,745,1032,1327,307,1036,248,442,620,605,584,1016,849,820,328
1170,358,139,1503,1608,1546,922,68,10,755,1027,1292,1636,1066,1420,1287,35,1096,249,265,1192,1374,1242,763
601,749,348,1221,1251,987,1112,384,1117,64,622,1373,353,1515,764,639,728,1295,1468,578,439,253,659,498
972,137,1301,666,683,1260,1511,874,1347,1280,872,1294,754,512,977,1512,194,785,847,175,1357,692,258,55
1555,530,798,1422,1351,108,1426,492,570,590,614,39,1328,1246,1307,327,1333,267,1405,829,495,83,697,1104
1152,592,1572,1184,1326,497,569,1611,1382,706,901,1194,731,1532,1119,1197,989,1011,1173,1132,1061,280,341,413
1013,834,216,812,827,435,800,1536,1593,483,871,1000,675,299,662,1071,1088,338,885,1075,734,1581,401,579
169,408,119,940,1329,1486,714,1256,591,1271,1635,576,1407,429,466,304,1493,783,719,1578,1047,1229,1159,1332
53,1349,624,599,718,633,1080,255,1562,1460,415,104,292,446,84,339,226,1620,1199,1436,1622,1544,1124,1006
955,807,804,133,1343,1155,1521,313,937,627,1618,974,1488,261,723,5,520,1400,1408,383,1461,1580,131,1272
1331,1125,1403,143,565,1371,508,1070,198,1049,166,88,210,1370,883,1261,1015,1520,1312,91,278,684,410,796
731,749,389,240,1194,610,738,1345,184,723,304,1515,633,353,1202,171,383,1408,579,801,575,1032,1512,179
670,1488,137,265,872,1019,960,691,188,248,1246,495,1173,1143,1392,809,55,346,565,1250,1159,1329,168,1629
1368,1317,1535,1330,628,1021,795,1530,1200,446,83,338,1002,1388,1357,1171,755,570,569,852,1152,341,541,1158
1440,1371,405,348,1355,869,199,849,108,1112,308,255,932,1123,959,1331,578,1536,408,667,378,413,1036,388
483,827,745,498,1108,295,800,1282,1456,1197,1144,1096,658,580,1104,1546,719,386,1520,339,561,737,485,895
492,223,210,642,1011,400,559,988,876,131,442,769,814,166,1251,1527,29,1071,172,134,1423,1395,261,175
1006,573,441,371,200,641,1149,66,1486,1420,203,1326,1087,785,947,336,1262,1027,100,620,1301,1625,1089,689
94,1098,1407,732,1209,718,5,6,1312,267,929,1508,1176,1199,67,1092,1581,606,976,839,484,476,258,1155
1219,1076,605,397,861,497,278,136,1303,792,84,908,183,466,778,878,316,675,724,88,1460,1242,715,1438
1496,1024,1468,916,848,590,697,425,754,1183,1049,162,1132,974,1232,1373,1070,1307,1555,39,1628,1332,159,618
1287,1636,327,307,139,530,1044,666,1341,1405,857,1065,249,1385,1035,1503,372,706,1272,1411,699,1215,1015,746
1606,782,1066,870,794,1293,761,1618,1080,53,776,1532,645,211,1139,1358,280,1609,912,1245,1347,125,1295,760
900,1620,980,833,1124,328,177,64,407,1016,325,313,490,584,1461,437,113,283,10,820,660,1047,415,1125
728,315,592,157,360,13,989,63,254,1260,1275,662,86,194,576,1057,1009,1349,953,879,1522,1172,972,164
1088,604,1113,798,1422,692,1370,858,145,987,104,996,726,994,783,1521,1572,1501,1271,684,871,494,1299,1327
1511,1280,427,1203,1426,622,1382,771,1184,127,639,714,995,1578,888,447,109,935,235,323,1414,1611,1343,1451
977,919,623,1037,1448,901,637,1400,659,299,512,1147,1221,198,1256,1557,82,1238,1519,999,840,499,1119,75
1565,893,226,1544,1369,708,793,1593,1605,1000,1315,1061,866,1079,1111,1526,1258,635,601,1085,390,496,1478,1493
520,187,1351,654,35,1472,997,682,1031,1427,1022,1608,624,431,501,1416,1635,1524,488,12,874,713,519,1374
33,1415,1384,763,230,1436,1533,368,340,119,46,553,467,1592,843,429,1227,1562,1224,546,829,1086,1051,1117
395,133,661,410,439,435,143,807,922,373,883,509,508,38,1587,1017,821,766,627,1292,1294,683,68,873
1192,790,1631,1356,292,834,401,598,403,733,142,1319,1505,1075,384,752,963,734,846,1170,955,169,91,585
707,940,885,593,1243,764,812,1048,1229,1626,1095,1622,1148,696,1093,61,343,602,804,1261,614,847,1403,1333
1140,417,1013,392,1060,1284,24,216,1580,600,1633,253,543,567,1545,1328,1621,591,702,358,937,796,982,599
240,702,425,371,1199,340,1096,614,1125,108,793,1149,1400,86,88,466,908,1032,929,338,328,620,1173,325
1172,1027,1049,696,10,794,901,559,1143,226,1578,441,1546,798,386,1496,119,1098,1284,1294,1089,29,1087,645
143,133,410,253,265,1426,1011,660,1438,1256,821,1197,484,1036,91,1261,745,1246,760,1407,1625,769,1635,248
579,519,1448,1535,431,1486,1332,922,872,987,593,591,1070,1609,127,1611,1123,5,1219,261,38,1280,1519,492
159,1015,997,858,846,1192,1388,125,389,1521,982,341,639,718,383,955,1545,483,1287,708,713,1405,633,1330
172,1119,94,871,1229,1532,1371,935,1633,67,1238,972,995,635,267,360,670,1581,963,977,1016,390,1456,1327
1057,1468,485,415,24,323,235,746,895,1176,1414,1035,592,427,1203,307,1251,368,1140,1194,1171,1232,413,1184
1392,1158,1512,254,1608,1358,1275,1472,989,1370,1620,499,932,1349,84,373,814,35,999,1307,1593,1533,1170,691
766,439,919,1618,885,501,1440,223,1416,874,980,249,1086,1636,53,659,785,940,1242,134,1250,407,706,292
388,1436,113,1626,46,1124,771,783,435,749,565,100,1183,849,1411,1520,654,82,183,520,417,1415,184,1000
1605,1009,131,280,1227,509,211,512,683,447,61,1368,584,1355,403,795,796,1451,561,1587,68,405,733,408
641,1341,476,807,578,1315,600,707,662,139,1503,605,75,496,994,494,177,1159,1002,541,353,873,1066,776
637,1331,1139,13,573,1071,602,1478,1112,1351,715,145,1060,384,1356,1631,1580,1108,553,39,628,754,1303,1493
348,667,755,1522,1152,1420,1271,1565,358,912,137,166,1111,782,230,1147,442,1117,734,1621,1382,1505,870,692
792,1221,1333,834,1460,714,446,809,1092,346,719,1301,1006,530,1080,395,1557,1262,188,827,164,1104,339,198
1524,1628,1343,1526,666,372,778,33,1293,1200,869,378,728,392,1511,866,848,258,627,488,610,1051,1345,852
546,623,888,210,1224,313,1385,1422,1622,737,1295,508,1395,996,64,732,66,916,1044,1328,682,618,498,1292
1384,1202,857,1536,194,1113,1019,624,12,937,199,169,278,1629,764,675,883,833,63,295,1515,1606,1021,1374
804,738,976,400,752,1403,876,829,283,1555,1215,800,723,1272,1427,168,763,1544,1317,847,959,175,200,1461
1562,142,1282,900,1088,1079,1047,1017,947,1022,1530,397,1312,179,761,55,315,1329,1592,490,1488,1076,580,590
585,893,599,495,203,1037,157,336,401,1357,1243,83,171,1209,543,1326,1369,843,327,1408,622,689,1031,1508
974,878,684,697,661,724,1144,604,1572,1260,840,699,1527,308,820,953,343,1319,879,960,316,467,136,1373
861,6,1048,1347,1093,1065,606,162,812,1061,1423,1501,598,299,216,1258,1132,576,1245,1013,839,429,658,104
1024,988,1095,790,437,601,575,1075,726,1155,255,187,569,497,570,642,567,1085,304,801,731,109,1299,1148
172,771,783,869,94,719,1369,713,429,734,732,1229,639,769,1493,1407,1021,1565,1152,1224,935,35,425,840
1159,372,870,1388,995,1194,447,1075,1066,706,368,1332,570,697,1496,1456,328,1330,1382,760,1238,1123,1438,401
403,1261,590,24,1047,959,267,1036,820,604,1246,108,530,1006,397,1357,325,400,1520,731,175,602,1070,541
1048,1440,390,1625,1626,159,997,1051,670,798,498,435,134,1085,360,1015,1284,1111,346,1395,509,559,567,1044
858,661,1227,733,593,33,888,1037,75,254,1508,343,1532,972,1019,960,1275,166,994,724,512,796,113,12
188,763,675,240,989,1143,427,1203,519,1061,353,874,226,1295,1293,1171,738,1503,1117,1315,1250,143,1546,592
1140,177,1148,1333,431,1139,1022,1403,1096,1636,255,1245,833,1079,895,145,872,1080,223,804,492,591,1343,795
1088,1349,1057,1580,373,1555,164,1633,976,1172,157,484,1200,292,119,1501,1035,407,754,1329,1522,573,579,1384
912,194,64,1013,963,752,876,1622,1385,249,1486,1524,1024,142,987,580,1093,1374,1095,1411,378,623,1521,1606
61,485,620,878,575,68,745,1608,561,1170,834,635,1092,1415,1112,1370,794,127,216,812,1358,1317,1251,10
726,437,1526,258,1347,1448,1319,1011,1184,1086,1232,908,183,1049,821,1515,248,410,1530,1414,483,932,599,316
699,1299,1519,871,184,1416,1527,1488,728,1176,496,63,136,764,446,696,1587,494,1089,1451,497,1629,13,600
900,86,901,996,778,1478,171,211,1242,203,785,919,953,839,809,585,336,371,55,807,139,1557,873,800
776,501,1436,230,84,1408,253,667,1294,442,576,1628,1219,1423,1243,1272,1098,1536,689,405,628,827,1420,392
1356,1032,1400,1461,198,1505,1192,1578,1631,82,388,1331,605,413,955,1572,384,235,1328,67,1422,782,1113,660
654,1355,610,265,1215,1545,790,857,386,999,1262,1209,801,940,323,707,38,1611,718,1104,1147,1260,852,980
598,937,885,395,1221,1132,104,565,1307,46,1460,947,883,749,308,746,922,977,109,662,210,642,683,1392
866,849,1071,893,1327,1280,307,1271,1009,168,691,1345,622,578,476,1326,313,1609,1124,684,341,1341,1031,466
714,1620,843,299,83,1511,1593,755,339,137,584,441,1173,389,348,715,861,1592,295,624,499,283,338,1149
1427,91,261,553,702,169,974,1000,1202,1472,658,645,1282,988,682,792,327,66,490,508,495,1351,708,793
199,1426,1144,1544,1183,1312,1060,162,846,439,1002,100,1027,637,1581,1287,278,929,601,633,641,1301,1303,1405
766,1087,916,666,133,1618,520,358,53,847,569,1125,606,723,383,88,1533,417,1108,415,737,1076,1512,1371
1605,179,200,829,1155,1535,692,304,131,659,982,1635,125,340,546,1199,187,408,39,627,467,29,315,1258
1373,6,1017,1621,1468,1197,848,1368,280,761,614,1119,543,1562,1065,1292,618,1158,814,488,879,5,1016,1256
872,267,1037,1200,413,871,1341,827,417,1524,1345,1036,1032,1086,578,869,386,184,749,1331,1139,796,439,696
1148,368,1329,569,878,1522,543,1293,431,734,1519,1301,10,425,35,187,1515,870,509,666,972,782,1606,994
738,1535,706,442,591,265,959,912,403,1202,1581,691,1184,793,94,639,682,1536,492,1022,383,316,255,658
1075,1312,179,800,1065,104,790,1158,1117,258,637,602,1411,1636,1203,292,1271,580,795,188,159,635,982,732
893,1092,1427,579,63,839,211,485,1229,834,929,718,1408,1009,974,1533,1047,1066,861,1011,614,415,1149,1611
199,384,590,1089,814,1224,726,109,1530,940,313,1258,1071,490,692,895,142,599,55,618,1405,1328,1197,1426
1496,935,1472,1295,1035,340,248,1578,1006,1521,216,1070,295,401,1461,39,576,299,1622,169,1347,1261,963,1508
33,360,307,947,389,280,857,724,1227,68,64,977,1572,203,134,1488,1620,1027,1332,1382,1520,997,1592,327
776,684,575,801,561,809,1609,388,223,166,883,254,879,755,873,1546,1031,833,1238,210,1373,714,441,405
1124,754,584,1232,541,605,429,1299,1284,667,348,1400,1021,1147,1155,763,702,283,922,82,494,858,75,1098
395,719,343,88,1113,1468,46,960,843,484,1209,620,1605,1119,24,1019,919,1403,641,1085,908,495,1319,483
1388,501,1478,1608,807,988,1526,1631,866,849,427,737,83,84,1317,168,955,1087,1199,261,601,1633,1629,496
1493,645,127,715,435,821,953,1095,200,1415,13,476,235,1219,371,1048,137,1152,1512,226,308,1330,198,66
847,1292,136,987,840,728,1358,812,1333,1171,519,1448,133,1256,143,1108,240,1385,1562,1093,336,769,1327,1243
1172,1486,1625,1544,1260,996,1456,530,707,660,1060,1275,164,467,1557,1183,771,598,804,338,175,783,1501,1565
1370,888,1272,407,1505,752,1369,390,1580,1343,661,976,67,131,339,108,91,1621,400,999,113,570,1407,670
1057,697,1096,766,346,1436,1262,1132,323,61,760,761,1414,139,446,125,194,1194,1356,980,1170,604,447,916
341,358,397,12,437,86,372,785,1051,278,1511,410,466,593,662,1192,328,408,623,1384,119,183,1423,592
29,499,6,1416,1076,353,1587,745,1000,792,1618,1395,1159,1002,553,1245,520,900,585,177,1140,157,162,932
628,852,1357,1242,315,1451,145,683,1626,1628,1079,675,885,1112,627,1294,1438,512,249,1460,1013,1250,1351,392
1545,846,1176,689,1593,559,325,713,1287,53,1215,610,654,1282,497,1392,546,1349,1221,1061,1144,624,1173,1371
1532,1143,1503,5,1111,1049,38,1280,820,253,1104,565,1440,633,989,1017,606,172,622,1635,1080,764,304,488
746,1123,1125,1307,1024,733,1016,1303,573,171,1315,567,642,600,230,699,1527,1555,731,659,378,708,829,901
876,794,937,1015,1246,373,508,1420,778,995,848,874,1368,1374,723,1355,1326,1088,1422,798,1044,100,1251,498
658,1294,683,1024,883,684,499,1333,184,1002,718,295,133,726,755,1330,1140,893,989,240,413,187,660,713
763,670,1123,1284,682,383,249,857,1159,995,546,980,1331,1117,1371,1027,203,580,1508,230,959,1011,849,633
919,796,1271,39,171,1209,143,1388,874,483,395,188,715,1327,1629,1373,1092,157,829,879,1057,340,766,929
1385,1172,573,1061,590,407,1572,278,654,325,1261,10,211,24,861,1070,13,248,1124,1132,734,745,696,1608
1422,384,142,1493,1295,623,315,1260,610,1275,131,637,159,1250,1293,600,1620,1303,388,771,397,1621,585,994
953,1351,561,88,35,372,194,1370,1125,216,267,94,1192,624,1451,1593,265,1006,1065,801,731,1113,1501,1625
900,1183,1533,1202,1628,1524,258,1017,1609,1460,1488,737,1343,847,1194,1420,496,64,1511,1536,1592,1369,1578,1086
707,659,1503,569,1104,783,635,878,1545,1392,360,429,1022,313,1031,1021,793,873,400,1215,1307,210,1032,177
373,53,794,901,1562,1415,1155,641,1427,908,1468,1227,937,82,662,108,1546,1047,1384,666,353,827,137,447
935,439,1349,922,1347,1456,200,1496,888,876,1526,1147,1089,1243,415,91,61,1095,1280,1448,38,338,308,1035
1622,403,728,997,738,1557,136,1044,1358,46,1374,492,1329,1486,1368,661,1144,724,782,714,1426,501,843,987
55,1262,809,1256,494,565,304,323,339,895,618,1326,485,255,972,1357,408,1060,134,691,530,1478,1423,870
1184,812,1403,1341,292,963,299,1400,719,1051,814,1272,723,697,371,1197,166,1108,327,484,947,1158,1581,467
1111,598,261,1075,543,761,642,6,1544,401,593,848,1176,119,667,68,67,785,1093,1170,336,1440,1148,1098
113,833,1332,431,316,346,578,1521,620,139,253,1199,145,1036,33,1636,1200,852,1049,1246,807,584,769,627
592,435,1037,497,1618,417,541,498,508,699,168,1087,792,1143,733,1076,977,798,602,179,512,599,1611,639
427,1414,1013,1071,576,104,75,1080,800,442,1219,446,821,169,689,752,1139,996,675,83,1301,940,746,1173
1605,476,1292,1238,1079,1535,1461,575,328,754,175,749,869,795,1088,254,591,127,441,1532,872,1149,341,559
495,614,1633,1416,66,1606,976,358,706,488,437,283,1512,628,1317,885,1245,553,988,520,390,466,1527,1112
776,100,410,1530,1522,1232,109,858,1299,866,1395,1203,86,604,389,1251,29,605,280,1411,1355,183,425,1438
172,1282,764,348,519,368,509,1015,1520,960,1019,1048,834,778,1000,1242,932,162,916,1315,1626,1382,1519,1258
1319,1287,974,235,1515,392,606,601,579,567,1171,1405,1580,226,622,63,702,1096,839,790,12,912,645,846
5,405,1119,955,1505,1312,490,343,307,378,708,1328,125,164,223,1221,692,1066,1555,84,871,760,1436,199
1152,1631,1356,386,198,1565,1016,1085,999,840,1224,1587,1345,820,1229,570,1472,1407,1009,1635,1408,732,982,804
1436,230,164,1532,1271,1036,1149,1580,343,1275,1032,488,1468,1087,64,1357,706,1280,1256,1486,691,66,872,1238
83,871,175,467,1636,1333,55,804,499,168,1111,702,157,1329,1317,295,908,1148,249,485,776,1592,834,807
1066,339,341,576,1555,1327,127,1184,338,496,682,1587,134,1408,633,1572,1347,358,857,972,734,715,1147,614
386,790,1426,916,1411,713,1022,1400,1199,1581,10,1076,1546,1060,327,1374,1312,999,912,1085,519,1448,1511,492
733,900,1202,901,368,1292,642,760,960,1024,1331,353,755,1503,86,171,159,833,1086,895,520,622,592,1526
388,708,1282,1545,139,1051,166,732,849,783,84,1522,812,254,565,313,33,1631,1006,530,1414,6,188,654
194,1192,670,707,1171,1243,442,1013,1403,659,1472,584,567,466,1544,198,1415,873,1622,792,392,1035,697,1388
1606,1578,1047,641,579,348,869,1158,793,308,1155,255,1369,373,1113,235,323,1152,893,427,91,922,1608,1635
752,839,1098,1260,1209,1422,429,1536,645,1093,974,403,484,580,1451,1027,994,390,346,1284,63,1440,1395,200
82,666,1002,1407,1621,1262,866,1319,446,1515,145,1096,684,1625,1089,265,187,820,662,1294,38,718,667,325
1527,749,1423,778,569,559,935,39,541,1200,852,1065,1048,498,794,785,328,1330,307,210,929,1258,1385,746
1016,724,796,226,336,1194,1232,1219,88,397,798,216,628,304,604,1373,253,1197,283,1351,977,618,1456,1144
829,46,179,606,512,723,1524,437,661,1009,1092,1416,508,211,1368,278,605,1611,699,1384,848,620,1557,1119
1565,29,953,840,1628,1061,53,728,827,383,1299,573,570,878,795,1251,1358,1170,546,136,639,1108,1159,1172
447,980,1095,683,1626,769,108,131,169,1341,610,68,814,543,660,731,360,888,61,1031,1512,267,1460,821
1530,1355,5,125,714,1221,982,1345,400,177,1521,976,1117,800,601,600,509,133,955,658,494,1315,109,395
435,932,861,1183,771,847,1382,35,1488,292,1370,371,1533,203,624,439,696,483,1261,183,13,12,372,1229
1224,75,996,627,561,172,240,623,1203,883,1478,1070,384,1176,113,801,1501,1173,261,846,1307,879,763,675
1071,575,1593,431,1349,1015,1132,593,602,1405,1328,1427,378,415,843,1356,67,1080,495,1293,1609,1301,1287,1227
590,1562,1633,316,1618,1420,476,100,408,995,1242,1343,766,876,1140,988,692,1245,726,1057,1326,24,1246,782
1124,490,940,885,223,637,635,1438,441,407,405,737,745,1295,1620,578,858,1044,1496,963,501,997,1104,1519
199,425,248,809,585,689,1332,1605,1461,417,1125,553,143,919,1075,1371,1493,1250,315,119,937,1088,1021,1139
1123,1520,1505,1303,1037,1000,870,413,280,989,1079,1017,162,1272,401,987,1143,94,142,1508,299,184,1535,738
340,137,410,764,258,591,389,497,1049,599,598,1112,761,1629,104,947,754,959,1019,1392,1011,719,1215,874
895,885,1372,1546,1585,934,1184,1203,500,1243,526,1118,1563,1509,1393,949,316,789,1042,1230,1594,1005,43,295
56,1426,1614,637,659,341,700,553,1396,1469,859,440,1362,1626,81,685,941,1046,1052,1419,994,610,1334,1418
392,782,997,285,1313,760,987,1536,510,1256,845,1437,1104,618,836,344,1483,929,160,1517,1083,1486,372,1274
546,1618,772,1297,1078,247,738,166,559,1620,579,1527,1609,1442,174,1235,1612,1484,843,601,189,415,364,837
1027,1315,91,737,410,626,1250,1423,696,1294,1248,871,597,1359,130,942,1367,1413,1088,417,1186,124,646,1267
1511,397,1407,808,866,159,1006,1048,645,759,636,570,569,202,1236,1289,1630,1567,190,183,572,1227,1588,399
501,1189,1113,52,1051,1044,22,1024,79,370,498,350,830,256,1329,311,1084,1482,906,1309,277,1404,1394,752
1260,977,1503,21,418,427,995,405,1016,1605,1000,1194,198,249,412,297,154,239,1237,1566,281,387,337,680
924,327,383,483,400,655,1635,1350,1143,413,248,639,1185,754,1331,1629,1082,490,1109,715,1455,1149,1461,1018
1163,967,804,386,1102,607,556,1287,1283,725,119,434,912,214,153,1510,574,1324,1162,1399,1535,761,1144,480
1216,235,1328,1302,593,1448,848,879,204,1333,173,953,988,1311,1341,169,1093,446,1270,699,1080,855,493,280
88,1219,687,1101,1015,1501,1036,1199,832,1147,322,135,1363,18,1108,1238,870,326,1037,125,1436,684,1280,304
547,584,215,1223,171,1520,10,799,1321,342,834,496,1022,216,11,1076,83,343,682,1342,999,1611,1284,64
900,1028,858,1631,1269,1344,943,1513,847,1584,3,603,116,1276,361,1092,191,633,732,1225,950,1195,305,1303
398,955,552,881,210,982,901,1371,1011,29,658,1608,514,864,810,1009,368,407,188,324,111,1293,1158,403
719,1496,980,141,562,168,1049,1475,1606,390,588,1467,780,99,181,867,1214,1572,1304,1627,747,638,609,1010
520,642,360,1335,1389,745,1209,622,1035,776,728,512,758,1151,1420,185,1508,1173,254,1347,887,1271,335,8
755,384,1232,145,911,1153,1087,1332,654,1110,443,813,431,726,138,803,1507,1530,1012,155,714,800,1619,321
1119,1526,1292,1275,722,1323,1047,1229,541,1065,233,1074,605,632,1282,1122,1382,230,621,389,1252,769,809,24
557,781,1142,226,820,1192,1246,95,121,753,251,46,606,707,989,478,1547,1090,1059,869,796,1383,338,592
157,492,1295,1370,39,404,697,1234,1558,477,1519,798,127,608,485,93,374,1500,1330,328,1340,1597,750,1244
6,1373,1351,213,1361,530,833,1197,1106,487,453,1415,433,1416,1263,1066,401,874,1299,1176,1580,467,564,1095
1070,1401,1352,984,348,71,681,1343,1458,1181,596,1345,774,57,452,1578,713,458,163,694,1319,1636,1127,507
12,1262,555,970,1579,1285,234,909,1204,846,1183,740,1273,640,120,484,1336,1091,223,932,237,82,554,921
