1119,307,1347,1501,53,1019,713,1104,299,1215,425,410,12,1117,134,495,793,1636,139,1388,1287,637,829,795
1232,328,980,1572,55,1238,1580,872,999,858,431,1426,900,559,162,959,1184,188,922,997,846,368,585,584
408,1343,1472,1533,1070,1562,133,1036,1144,407,143,1299,1080,388,766,258,512,1015,1605,1021,874,159,635,866
633,553,996,75,1451,760,1468,606,1456,1515,1140,1436,1524,1526,937,1351,490,628,136,696,1061,1085,100,1355
639,1271,315,1049,731,1628,1293,873,697,1496,977,137,211,198,561,1332,304,179,442,108,827,223,1319,1197
6,5,1330,1229,1448,733,1227,960,893,177,1535,785,953,834,1096,1245,1349,413,916,691,1374,1519,280,1385
1075,1076,1422,570,1303,541,1520,848,592,660,1368,46,843,1051,567,386,1011,1371,602,1250,1000,405,1095,1132
415,1125,919,778,1345,1511,732,1384,325,226,869,1411,820,590,1071,1327,1147,782,604,1047,1022,580,702,746
1530,814,1035,723,1503,1312,1272,1284,852,796,169,348,175,605,1392,576,764,1123,1328,249,659,261,1202,353
771,749,1478,1545,618,492,194,446,1093,947,1060,295,371,1415,1395,29,1079,569,104,417,974,982,1088,871
131,1486,494,230,622,1098,316,726,327,1592,145,1315,809,1521,769,166,1438,1219,776,10,308,496,13,847
248,929,127,1629,439,88,498,1565,1557,1092,1356,336,1203,64,1242,715,1460,1149,157,783,389,1192,1006,401
1536,1258,849,172,488,168,1331,341,1606,1087,1280,278,338,1292,684,447,63,1631,466,976,392,1307,1260,24
1221,1635,658,1176,988,1159,995,1057,812,1608,1194,839,384,61,1002,1341,435,483,1199,82,565,708,1405,879
199,35,1065,164,1488,754,1112,235,323,240,792,1108,790,642,1048,1512,714,699,1124,1301,1626,1148,755,1009
86,821,724,598,91,519,546,83,591,1016,1522,1420,1111,1017,1581,840,253,1329,125,1546,1633,1317,1251,728
509,1037,67,372,1013,719,1369,1152,1403,183,427,614,1620,623,94,265,1621,738,1243,1423,267,987,1611,1246
113,397,1532,654,1618,1294,520,1295,203,292,707,313,804,400,989,692,901,763,373,508,38,683,1400,883
33,807,601,761,627,171,878,600,1044,1370,940,255,932,1139,1032,752,1555,476,360,1382,579,857,888,1209
737,84,1172,1143,972,346,870,1066,734,641,620,1358,1357,484,216,1086,1171,1622,109,467,670,662,610,119
343,254,339,935,1024,706,1609,1544,184,1508,530,187,1625,358,578,1407,963,1440,1282,383,682,390,1027,499
1527,1262,1200,200,876,800,1578,1256,66,675,1113,501,1427,1275,340,1089,794,1461,378,1493,1031,593,1414,745
798,645,718,68,1183,1408,1158,1224,861,1505,142,39,955,485,912,599,624,573,801,1593,1155,885,395,1373
1261,689,1333,1173,833,543,1170,908,210,895,994,667,437,575,283,441,661,1416,403,666,497,1326,1587,429
498,439,696,75,763,339,39,488,169,1533,1312,576,1572,509,1522,1486,1341,346,570,5,861,870,569,143
1388,1349,1448,216,338,771,935,846,1159,600,955,1546,1508,869,1132,1199,1015,689,1629,1203,697,162,713,1295
1227,1331,1113,635,1303,659,1426,1407,1086,67,1633,83,684,876,368,397,1238,901,1152,807,559,976,392,1536
1229,874,999,1555,66,872,1635,1047,483,745,1414,292,839,812,341,1171,295,139,614,893,501,1024,1330,1112
283,499,1061,1343,1155,1183,699,654,598,1117,1192,1405,778,194,1095,1051,1219,994,1592,1527,308,1000,267,1355
325,1075,441,585,667,599,866,1593,561,726,833,495,988,235,1503,624,755,492,937,403,109,405,1280,1392
1292,1351,1460,1468,1085,871,1625,960,1108,226,61,1048,327,407,1170,776,1326,1521,749,388,719,127,390,827
1438,662,1620,1284,6,410,800,1092,1557,1328,248,980,1037,1076,1636,12,166,1197,198,1609,323,1631,435,873
1224,447,159,637,383,210,995,728,179,601,1512,641,183,1347,125,384,184,916,820,328,1215,1587,1384,119
982,1006,1147,386,1581,929,1371,1299,88,578,852,764,304,373,1251,137,258,172,1057,108,131,1124,1096,623
177,1395,1423,316,660,10,134,592,1021,718,602,104,953,1035,1472,606,133,1294,24,829,519,932,792,446
847,175,977,584,157,670,922,683,1065,1611,168,1356,809,947,766,642,1088,761,343,848,567,1022,732,1382
895,315,1144,171,1519,591,1565,1232,849,1422,53,485,1496,497,746,666,187,64,466,912,1019,737,1608,1520
1173,1333,253,1416,1093,1478,658,33,798,541,857,997,1408,415,1345,1505,1358,796,1456,371,29,46,1511,734
1515,1605,546,1526,1194,100,1036,13,883,203,972,1246,1009,987,593,760,82,1622,692,580,724,431,858,1618
706,733,579,38,1427,490,1016,427,508,417,1287,35,573,230,804,1368,1451,408,1202,878,996,1301,633,1293
879,963,360,1176,1606,1461,1420,378,1578,1032,496,1079,372,530,543,1315,142,199,494,639,425,1319,620,707
1149,278,1002,919,1031,336,715,1535,340,769,1357,691,610,645,1317,1221,91,1327,1119,605,1111,1400,1562,834
211,1080,1530,1250,348,843,1200,1403,1370,682,959,1524,793,1329,1332,1307,888,1544,794,840,1184,1493,553,1258
908,1373,1374,702,353,1385,1209,714,1140,255,738,1271,1532,1621,1098,627,1089,661,1087,413,618,1066,68,1027
1488,752,1060,484,1148,1411,1256,1011,900,164,1275,467,313,1070,240,1104,565,429,1172,389,622,249,1545,604
974,358,1272,1071,200,1415,1158,94,814,723,1245,1262,940,1626,1580,1628,1139,754,400,782,254,442,731,437
575,1049,590,1125,1243,1242,136,1044,476,401,1261,520,145,1436,223,801,1501,299,1013,1260,307,280,795,785
708,989,1123,63,188,261,113,885,1369,790,783,1440,1143,512,1282,55,628,395,821,265,86,84,675,1017
184,714,675,763,840,429,790,373,400,754,974,895,733,1508,1245,1456,1415,713,866,1258,1501,261,328,872
386,667,637,512,519,953,641,46,55,1629,752,1423,976,1317,372,67,580,1036,578,1229,1047,343,1488,1093
1520,919,994,605,794,1124,1565,299,166,706,821,1199,466,972,139,901,1388,559,441,1530,431,769,389,388
248,5,602,435,916,509,68,1333,267,1170,1618,501,876,10,384,211,873,223,601,1096,745,1440,390,1535
1373,255,1015,1272,1271,833,230,1436,908,696,439,592,1299,395,707,413,624,108,1526,982,1140,1546,1123,353
1061,1080,861,766,313,960,1095,1261,1511,203,778,935,145,199,1347,91,573,809,569,1292,1197,989,1370,483
1578,157,1407,1408,689,932,575,1284,1611,900,1631,755,1544,798,593,1606,737,171,1088,848,699,1117,553,1246
807,1448,39,1356,1625,1357,849,893,610,846,82,606,546,871,834,1515,1176,800,1287,1104,6,1017,1460,168
1519,874,633,761,627,177,1048,119,383,131,661,1572,1032,929,392,801,1013,1294,590,495,403,378,308,1202
654,1035,485,1400,125,442,1112,682,585,295,467,1374,1019,1158,1037,776,283,660,258,642,235,1328,843,738
708,977,240,1486,1545,249,1155,937,782,338,764,1051,198,1609,1608,997,702,670,1461,878,570,1011,959,1382
33,401,565,410,1392,1592,600,885,1426,1111,1108,732,1282,254,940,726,579,1066,1221,1416,1295,1044,1505,1621
1351,339,200,783,1049,804,1349,1562,13,719,1422,1330,996,792,760,599,494,1315,1414,24,796,175,1403,323
1358,728,1371,497,1512,188,278,883,1016,408,724,1451,684,360,358,584,86,1172,194,172,793,1132,187,912
639,541,127,1184,955,325,75,1251,852,1532,1319,576,292,1472,658,1113,857,1173,567,104,1326,1085,628,38
315,84,327,407,64,1159,1256,870,1260,1275,995,1057,226,446,63,498,561,1536,66,1148,100,814,988,340
1293,1152,645,162,371,635,1331,1238,109,697,620,879,1171,1139,1496,1192,1075,1527,159,1092,1089,1636,1635,304
1522,1242,623,1521,137,1002,858,1262,1581,1022,839,425,134,598,169,1341,1503,35,1060,543,113,1493,346,723
1031,1580,1087,1125,1065,1557,499,1219,1143,1405,265,1395,1006,1468,1622,397,771,666,604,731,253,1227,1147,83
963,847,1070,1243,341,94,1024,785,1079,1478,336,29,820,1307,1369,746,1312,1301,1000,415,718,1021,1420,999
1628,1343,618,1071,1345,827,1009,1633,1098,947,1626,1200,591,307,1203,1149,1194,715,183,1119,488,88,437,1524
143,1329,980,530,1593,1280,61,316,1250,662,1183,348,1384,1533,1411,136,734,280,922,1385,691,888,1224,133
405,1427,164,508,622,749,492,490,1209,1086,496,1587,1605,1215,484,1303,659,447,1332,1144,1027,53,1232,1327
12,692,1368,216,829,179,520,142,683,1555,368,812,1438,1076,795,427,210,417,476,1620,614,869,1355,987
546,1478,1400,947,1227,35,1618,559,1403,783,1061,172,1357,248,1170,814,94,1371,1011,602,785,1536,1066,861
761,1051,258,1343,427,734,782,328,662,888,66,1388,1530,809,1535,88,691,520,1245,997,198,1224,1089,316
935,1405,1629,869,870,403,12,1328,1048,1408,466,39,1581,628,593,360,82,5,1060,1199,1272,980,726,635
200,1532,1326,1592,697,1533,249,1356,1124,1294,183,358,1330,1307,1555,807,1620,622,1456,1292,732,715,199,415
86,1219,1202,1331,666,713,1293,1287,1370,605,790,1587,447,1155,763,604,1472,413,437,670,929,940,963,164
1562,912,645,1139,1572,637,846,1416,494,1238,1355,168,1448,1096,1333,226,1092,1557,584,1035,883,439,834,1144
1373,731,1496,654,989,684,371,408,1085,253,265,304,580,661,171,339,1284,68,776,1527,1382,315,313,13
368,1021,922,157,599,1488,488,1075,994,100,953,24,417,384,1079,778,620,1438,995,1143,600,1111,829,843
175,1015,1171,346,104,397,509,1000,184,1200,283,499,267,977,766,390,1261,1358,988,383,1123,848,1580,618
733,64,696,769,278,576,134,203,1384,1347,623,1076,737,1232,142,627,858,699,1519,179,1112,1520,497,1203
1626,38,1022,573,519,1282,46,230,1132,388,812,1414,1057,1152,127,895,1385,689,792,91,1229,353,1113,1262
1486,1140,916,1065,1332,131,336,718,1593,1427,660,55,1194,496,793,804,541,1374,508,1006,1125,338,1426,1036
1209,866,585,1032,852,1621,1271,1628,6,1104,1088,1149,429,724,512,692,119,1260,702,900,754,794,295,1440
1148,1183,1049,624,484,395,1173,113,771,1019,1037,125,1095,29,145,211,1633,1256,53,760,143,299,1420,1280
1315,446,606,1524,1119,592,348,187,575,67,728,801,1451,1329,1369,308,223,1345,400,1605,1493,1511,1080,982
1192,872,873,683,972,871,373,840,1295,1512,1024,1299,1016,839,919,879,1242,976,591,340,292,485,1422,987
255,878,682,327,723,1258,108,932,885,240,745,188,1070,738,1013,442,1411,325,1087,1017,1327,570,908,1461
543,407,341,847,800,614,893,833,498,492,764,1009,706,1415,389,194,1609,996,210,1159,796,1251,1319,1117
1301,1098,565,410,598,386,1047,136,1317,1147,216,1515,1505,901,425,849,955,1565,1312,1243,1368,675,33,857
261,1093,707,1303,999,755,1071,84,610,159,1503,431,752,401,579,1341,795,553,1349,1031,827,10,1002,378
1086,959,1395,1246,495,937,1611,1172,1625,1526,659,1184,1460,1508,61,960,75,798,490,133,590,1176,1407,467
483,1546,166,1275,601,1606,1578,137,820,1636,578,642,392,343,139,749,567,476,746,876,1108,280,307,1215
1392,177,63,235,323,1521,1027,667,1044,1631,372,1522,169,639,874,974,641,821,1250,162,405,1468,435,530
254,1501,1545,633,1544,708,1221,109,1436,83,441,569,1608,658,714,1197,1622,561,1351,1423,1158,1635,719,501
578,707,1303,827,692,1636,348,706,900,343,519,1326,1227,338,812,869,1427,1422,726,1284,959,1315,1580,86
240,283,543,1532,1371,1076,1536,1312,1044,719,1080,1438,1357,1572,849,778,1405,570,492,614,749,437,1545,383
1232,143,316,737,1143,879,299,599,1173,559,1093,466,1096,1333,490,1382,1111,358,1440,1478,919,488,1119,1555
618,157,994,94,1246,1416,127,390,441,1057,401,839,1370,1066,1294,84,83,1113,666,659,1369,267,1456,874
733,1626,171,1625,368,397,1197,1355,226,738,187,783,325,200,1505,353,1593,1327,645,763,5,1524,1461,1125
339,691,216,442,1238,1051,1183,313,476,940,1341,908,254,935,883,403,82,1176,255,977,782,1172,1021,1608
1349,1392,389,168,378,230,873,495,340,1017,963,1184,792,408,1245,429,1139,1092,175,372,295,1592,888,1351
932,483,843,912,1628,861,1486,795,1159,1148,235,1295,1149,769,1170,600,494,1448,580,75,194,496,1049,166
1622,497,467,315,46,1451,620,1520,360,136,746,871,1060,386,501,840,999,1611,1152,1522,1260,675,278,576
684,64,1384,1104,6,265,1468,996,427,1501,1022,1027,1088,661,499,1123,723,199,1317,183,1013,639,764,561
635,1426,960,371,1095,1330,328,987,593,1562,1140,1618,1016,1328,623,801,575,980,766,793,100,484,734,1112
662,109,1200,771,798,878,1565,785,1048,1275,280,728,1358,790,895,852,1544,976,24,177,1374,91,261,392
1075,1329,1605,1117,989,598,53,1332,1503,579,12,1108,755,1079,1024,1527,641,1194,745,415,307,724,258,1535
67,670,1515,1368,336,602,715,1272,922,384,622,33,1219,10,972,68,1631,1546,752,1293,697,1581,1243,1256
1019,820,1203,1533,327,346,1411,633,1460,323,1530,1356,682,431,184,796,249,210,439,660,1493,937,119,1345
1065,834,410,565,407,1047,1606,172,1511,417,38,1271,162,1171,974,794,846,804,1209,1395,373,1242,1085,754
809,866,304,1423,145,137,425,104,1301,683,814,1224,1031,400,1331,1299,696,1629,689,667,1098,1262,446,520
848,1287,628,530,947,988,541,388,1496,592,248,188,13,893,131,1144,198,858,1385,395,88,1070,658,654
1158,702,847,61,39,125,1373,1215,829,995,1089,1526,133,341,573,610,55,569,211,1508,1488,916,509,624
139,953,833,876,699,1061,1147,142,1086,731,604,63,113,1258,1388,776,1071,997,857,1229,1633,66,485,203
1307,1472,292,1000,169,1251,584,1037,732,1292,1557,601,1280,223,1087,1635,1132,308,708,885,108,642,1578,1420
159,1512,553,1347,1414,1011,1343,1282,1250,1009,35,253,134,605,761,447,1155,546,1015,1407,1408,1261,955,901
1436,637,1620,606,1400,1192,627,164,498,1415,1519,179,870,435,807,872,1621,821,405,1002,713,718,1032,929
1202,590,567,982,29,1319,1035,760,585,591,714,1124,1006,1521,1587,1036,1609,413,1221,1403,800,1199,512,508
82,591,1104,6,876,188,852,1022,605,559,879,1015,429,776,1282,172,38,888,1327,732,1144,955,316,1521
61,593,1527,569,442,145,1246,988,1440,1242,622,769,1611,639,265,659,119,999,353,230,1215,1345,1227,766
953,159,1526,792,683,512,997,425,1370,820,1203,1197,783,1388,210,614,1319,570,1355,530,88,689,1515,1071
1460,590,1111,494,972,1176,604,509,1438,878,1533,403,1522,883,662,1592,1512,1219,441,707,1332,1385,508,731
1307,1076,912,108,100,223,1605,871,718,495,937,308,1555,1139,800,446,696,437,1209,171,1486,1351,520,585
1478,1580,1200,1199,623,435,389,1488,390,255,1080,1293,1520,1536,1280,397,567,1503,1271,392,642,1626,900,658
821,760,691,749,610,1511,427,895,600,599,1411,133,33,1140,1238,553,53,641,814,249,1117,829,719,1158
386,1426,1343,580,1631,1620,1089,497,637,340,258,1037,1405,368,1456,834,1299,1258,1061,1468,63,1088,976,175
1373,1371,343,1149,235,1065,1245,833,358,1530,84,1422,575,858,384,1192,738,254,1524,83,1173,485,873,5
492,372,893,439,1159,1496,785,203,315,866,849,1317,413,602,240,1608,794,901,573,982,1123,778,697,338
1312,947,1009,598,987,336,415,1006,606,576,702,1508,1013,55,292,807,801,307,328,1606,327,1295,874,168
733,579,1224,408,708,401,339,565,226,1051,216,795,1331,843,199,1635,467,771,661,1329,715,1260,109,1031
1229,142,1250,1171,1565,1024,1341,184,499,1287,139,1472,922,346,75,1420,1315,248,1079,373,1183,169,490,546
24,1587,869,1629,1501,684,12,1436,1044,68,839,1423,714,675,1358,728,706,295,692,200,763,1011,143,1544
1086,1347,341,183,29,1519,162,1035,360,46,628,1546,745,1021,1000,1152,198,1049,283,790,476,35,1369,916
1416,932,1032,1400,1330,1392,1461,1125,410,86,726,578,1451,1060,447,164,1194,1382,627,253,796,654,501,1356
940,541,1349,1098,620,136,601,179,378,1262,304,1535,885,1048,1251,388,1096,166,137,498,1581,1374,793,1328
667,995,1148,1333,1017,348,134,1292,127,1184,131,1505,10,313,929,194,1075,261,1357,848,125,1085,798,809
840,1407,1155,66,519,645,746,1132,1628,935,764,484,846,1147,713,1448,1625,1618,761,1093,908,267,94,1593
91,1019,870,1124,618,1572,1622,752,974,39,543,584,699,278,592,989,1143,1395,1415,1172,1047,1016,1621,1261
1170,325,1066,417,994,1493,64,827,1272,1221,323,1403,1633,466,1301,624,977,670,1284,1027,400,723,1609,660
1108,1384,724,1636,1557,395,734,782,1562,371,67,1243,1092,488,861,483,1414,847,211,754,1408,383,996,666
812,633,1256,1002,113,1232,431,960,1095,157,561,1036,496,104,1070,13,635,963,1057,857,1112,804,1202,299
1368,177,959,682,1326,1087,919,280,872,737,407,1427,755,1303,405,1119,1294,187,1275,1545,1578,1532,1113,980
1349,530,1250,1066,1546,125,86,1448,932,794,1358,1609,1031,437,1104,508,1092,373,1287,1416,599,1533,313,724
996,1113,1262,1368,223,793,919,203,731,604,1124,940,179,446,1388,1611,295,1524,1111,1301,75,1184,441,1027
804,620,1009,1555,476,576,372,723,383,738,1426,1075,492,812,1152,1158,187,1633,1317,1373,325,852,1345,1629
922,1194,848,488,401,1519,346,1140,1395,169,183,989,1415,88,579,605,1461,1565,829,1117,177,1355,39,1197
496,1215,113,447,467,216,1478,307,1488,955,696,976,1520,1079,1530,308,108,912,13,878,427,1343,199,316
1427,368,139,988,495,659,1209,171,254,198,1636,689,754,1087,999,708,1608,796,1203,484,46,1515,172,413
1024,974,1061,278,567,623,1440,1592,327,858,1051,1411,559,498,764,200,261,1108,1238,168,1382,1626,1521,519
100,1047,1330,143,133,1095,61,5,662,1144,1508,175,1392,707,1292,871,553,610,91,570,339,1076,1374,1347
1155,1085,127,1385,164,1258,1505,395,821,435,1622,820,1192,561,763,606,283,995,230,1147,584,157,732,494
1037,53,1580,1581,541,749,1312,1011,1200,593,1503,702,1159,1544,800,67,660,795,840,384,769,642,1628,697
1468,1199,235,1006,211,1284,1261,1333,1572,1093,783,1002,358,1245,442,666,916,639,1172,1332,439,341,1119,280
1017,1022,499,778,84,771,1408,1407,873,343,895,633,1271,543,1493,645,726,145,980,699,162,1303,1557,1403
573,1183,1272,953,12,1086,1243,1562,340,737,400,900,1635,1578,265,1139,429,1423,1414,82,879,861,33,960
1527,654,872,1357,785,1371,752,670,713,792,982,1123,1176,734,782,683,1299,1295,1319,1620,1605,675,405,876
1369,994,1606,104,63,10,55,1132,885,1512,410,627,520,1229,1016,1405,1035,136,947,378,408,963,512,1587
706,119,857,997,776,415,565,715,353,1232,1125,888,483,323,501,1080,240,1149,658,255,397,258,598,591
814,869,682,1456,935,390,1438,692,83,1227,580,1280,292,1460,66,315,833,760,389,809,38,1260,1224,1242
1422,1049,1351,1327,407,1486,210,667,987,29,866,1293,839,1251,338,194,226,94,267,1098,893,733,801,1532
1000,959,166,1535,1246,592,618,624,1013,159,184,1420,635,870,846,1328,746,1173,977,299,137,1526,807,1370
1593,755,575,1070,1501,1170,1202,371,1341,661,847,901,142,1315,798,249,745,64,761,719,248,109,1112,131
68,490,348,431,1089,546,328,790,485,714,1275,1015,1065,497,417,1294,1329,937,578,883,1021,403,728,388
569,641,304,590,1451,1436,392,1356,718,1621,1057,1036,628,843,360,585,1060,24,1044,834,1096,1496,1219,1536
1282,1032,336,1088,1631,1511,637,1221,509,601,1326,188,1472,1331,1256,386,972,134,1171,1019,1545,253,35,425
1148,827,1400,600,691,622,1384,1307,684,908,614,6,1618,766,849,1048,874,1522,602,1071,466,1143,929,1625
400,429,847,1535,793,1262,994,405,323,235,1587,820,1147,1368,684,488,1460,304,1224,327,988,295,164,782
415,866,383,726,1358,708,627,162,157,1037,33,895,601,325,1578,466,168,699,308,1085,1173,240,989,654
873,278,82,1546,1124,691,1303,935,947,1079,1609,783,980,61,1019,996,771,1219,746,230,1047,1089,1625,1562
804,987,1555,390,752,216,1581,883,1414,623,254,1629,1144,258,125,833,368,796,38,520,1148,494,1580,1536
328,1330,591,280,960,1093,879,1011,1519,628,1392,919,1036,1066,401,169,188,1284,46,1171,29,1622,733,1250
977,1049,199,738,1132,104,1246,888,1373,501,1238,1524,1096,336,10,1200,1229,972,1307,546,785,1411,371,584
39,578,183,670,1606,559,718,53,792,1426,283,592,137,1565,495,447,1526,509,1215,490,666,353,1202,497
84,143,340,827,1317,1370,622,1331,292,576,1015,13,800,1209,778,203,113,870,139,714,569,496,1060,159
916,1468,1328,901,1633,1628,1088,492,848,937,145,1282,211,715,315,1319,1071,570,253,1545,658,1184,1356,1608
1520,675,1098,519,1057,1176,1415,1369,1385,553,467,697,372,1403,953,776,932,1080,1293,439,339,446,645,719
1256,959,1407,1557,410,754,431,498,343,171,1436,1022,1139,1125,134,1593,1635,248,1405,610,1140,1461,1123,91
874,109,908,579,812,131,83,1384,119,1592,1299,590,1000,1104,198,723,585,1087,1280,1427,476,852,1326,179
605,1327,397,1251,567,1199,849,731,267,1294,1408,68,706,794,1620,1013,226,871,600,1315,307,338,75,659
1002,1355,1301,407,1416,1312,1345,1347,1095,1245,929,861,1371,876,67,1456,1117,1503,1295,599,1400,1544,1275,893
734,1512,1508,360,955,1621,1488,922,403,210,1016,1532,1515,1374,963,1351,86,417,974,1533,604,499,1423,348
1027,667,508,641,24,683,834,223,1438,1009,766,441,66,1192,1501,707,1448,598,341,801,1112,12,187,1451
1070,1203,1292,1631,1021,749,88,829,940,662,1031,1227,1155,702,395,1051,1382,1242,999,840,389,512,1261,602
814,127,175,620,790,1496,614,696,5,6,1024,1243,94,1636,713,1119,624,1158,1626,1388,1183,1035,1357,809
166,64,982,1618,1522,821,1194,1260,1108,764,1092,1170,795,100,261,839,485,843,763,425,1152,249,1493,1343
798,413,1113,1605,1422,635,35,1472,580,606,1075,1076,885,63,1287,437,976,1511,637,172,1341,872,1065,384
1440,346,408,1143,1048,194,724,108,900,755,1271,912,541,561,1149,1006,1221,1530,1572,1505,484,761,1349,1395
184,55,142,642,265,177,618,1333,1258,1086,1329,1611,427,136,1159,435,997,373,1521,575,1486,530,869,745
692,593,846,728,995,565,1061,1111,737,483,760,1044,1272,660,386,1527,633,316,1232,661,1332,299,133,858
255,857,313,1017,732,807,682,442,1420,378,878,689,392,388,358,573,1172,200,1197,543,769,639,1478,1032
857,1503,447,575,866,764,873,1019,769,635,861,591,1066,495,733,573,1149,1461,580,796,1293,1341,1368,570
1002,1200,1592,1384,746,358,1197,1357,1209,947,55,38,373,661,498,1580,315,637,137,278,940,1071,1526,1125
88,389,1087,168,843,127,1060,996,852,501,408,410,6,1545,960,83,1092,1557,848,346,1184,999,1385,400
1048,1395,955,1250,916,1006,641,795,604,982,1037,600,494,692,1065,1562,304,435,602,267,1508,670,166,829
1427,578,1478,255,1245,715,1021,490,849,1301,1016,1011,33,820,876,1460,66,295,327,199,1317,508,1194,1275
307,840,131,874,567,1626,908,734,1303,620,328,699,660,827,812,1015,963,793,1111,731,203,691,1183,1330
872,1229,439,198,689,179,937,466,1488,1408,782,675,1532,1451,339,1294,405,763,1076,785,627,761,1621,1093
164,109,1608,371,1370,666,162,846,1061,84,1392,1143,353,696,1511,1242,708,1009,226,1152,1287,249,1315,1486
1422,200,1415,1328,145,1148,1079,1349,1374,1013,211,1448,1119,718,509,858,798,476,1423,667,1546,1519,801,1438
417,766,343,1243,86,1319,91,706,1104,1312,360,1515,585,1080,336,1524,1356,1024,283,316,561,1117,407,24
1219,737,64,569,839,1238,821,726,833,1345,1108,94,1625,976,413,171,912,1032,929,265,1158,1620,530,67
1144,258,749,1355,1414,308,1057,39,223,1047,592,895,618,624,1036,1420,1633,776,1605,142,1284,1140,1262,378
235,888,974,599,1147,415,1388,1535,1520,628,1436,1022,63,1173,1124,1044,1347,610,61,1343,1280,1565,108,783
53,1622,10,184,869,104,639,341,713,46,372,1000,579,442,1017,994,1132,1282,1251,261,755,1496,1326,403
1329,565,253,1221,1521,584,559,738,1215,1555,606,254,732,553,684,188,325,183,100,13,728,1351,1618,1522
682,622,1331,1227,745,1631,1373,1371,598,1123,1295,485,1468,697,1403,654,980,1075,724,1098,5,752,1636,1587
935,870,1224,885,1332,1440,340,723,972,1536,392,388,1530,792,1307,1544,633,68,1609,1258,431,313,1085,397
807,169,446,800,1203,878,119,386,1333,1176,492,175,248,484,384,1426,1095,1593,1199,1533,1606,230,1501,187
977,299,1170,794,901,12,1070,1051,1628,292,1611,959,997,75,441,1096,159,1202,1256,760,427,1049,1400,1139
425,1027,240,702,125,814,1493,809,157,1089,483,323,593,879,401,989,919,497,754,368,988,383,520,642
172,1088,714,177,1405,576,338,541,1416,1155,1407,623,922,893,871,467,601,1271,139,1292,1031,1272,778,847
707,659,804,1382,133,395,488,134,499,683,719,1635,590,429,1358,1369,194,348,216,1246,543,143,1572,614
662,1112,1629,1159,1472,605,437,953,1505,280,1261,1172,82,987,1232,29,519,790,35,645,512,995,1260,658
1411,1192,900,210,113,932,771,496,1035,1512,1578,1171,1527,1299,1581,136,883,546,834,1456,1113,1327,390,1086
1271,661,820,861,1460,893,683,590,1194,1140,159,997,782,447,389,328,1317,858,1036,46,1088,373,1631,1629
1076,734,628,1536,200,283,1282,104,737,64,441,413,1448,336,807,1368,614,1382,849,883,343,873,216,570
488,390,576,292,1245,1065,1411,1312,1301,1407,839,553,675,870,1524,723,13,1392,1581,1501,1345,1112,401,1275
1373,39,578,833,708,255,871,960,86,348,988,707,1303,543,697,1035,876,798,1027,714,1295,874,1332,790
1246,127,1152,1622,987,940,313,1408,1199,1331,682,715,53,1171,1079,1092,1557,641,1011,166,702,495,1293,1087
1031,431,1505,955,84,1061,1287,360,1343,1521,623,1139,1037,485,136,1075,792,1385,804,1292,579,1019,1148,1349
1545,1522,67,353,1328,307,1119,1520,501,508,1132,1329,512,561,1176,1143,55,1327,667,223,1405,639,278,1125
439,1215,172,125,1098,211,843,1426,308,916,1032,304,599,1261,766,761,187,728,627,699,848,1633,726,230
852,258,1620,901,1047,1203,1085,1468,1496,1155,1224,1232,1493,995,719,338,1149,776,749,610,1260,1414,746,847
1527,866,1608,989,1086,1284,386,1060,341,1172,1000,1192,912,407,604,157,1488,778,666,1183,771,68,265,1369
378,733,937,405,724,108,494,1532,706,100,226,1605,1508,755,869,982,1221,795,184,408,1070,417,1294,846
1209,171,168,1184,1546,235,593,1371,1009,1111,83,316,483,340,1416,796,624,1049,592,145,977,299,1351,834
1422,1319,383,1478,188,1358,91,642,177,1440,785,253,346,872,1580,1272,38,1420,745,137,10,1374,82,248
637,142,919,427,1280,1587,585,1606,1611,1519,1159,1355,1635,801,530,1089,139,800,1333,959,1227,12,696,691
972,692,546,764,947,1307,840,598,1147,602,280,325,1071,35,1123,388,1006,415,1158,249,1626,963,658,497
1219,1512,620,1555,760,66,134,974,498,1144,783,814,1096,194,210,1048,240,368,1461,1238,935,435,821,769
752,490,857,410,519,932,1593,1400,953,1315,999,1051,1544,1093,1347,400,1002,1535,633,662,1044,1330,61,1095
1173,1242,569,179,442,731,793,1258,315,573,732,1022,976,199,1436,1511,900,1636,1251,175,397,1080,446,1403
384,133,466,484,162,1472,929,509,606,980,164,713,1117,763,33,996,75,371,908,6,654,575,24,567
812,467,670,1024,88,169,323,1200,1618,392,1016,1229,1415,1243,1384,119,1013,1250,1057,794,94,1533,372,1515
327,1197,425,689,437,659,827,143,1562,403,1427,261,994,131,1438,1609,1066,1388,660,1017,1625,1526,1326,622
1370,888,1113,635,591,1565,605,1578,559,565,5,1423,885,63,618,1108,1356,1456,29,1572,895,395,203,879
429,358,1124,1299,754,113,109,1628,1104,922,499,878,1202,1262,1015,1357,1503,580,254,295,1592,492,1170,1530
267,198,1486,829,496,645,600,1341,339,1021,809,520,541,684,1256,1451,183,738,1395,476,584,718,1621,601
584,53,1183,1232,497,916,61,783,932,299,134,1521,368,659,1423,785,726,707,1349,1200,1317,373,1215,1526
955,745,509,708,1508,1456,1415,127,1341,162,315,1032,253,869,675,1280,885,793,1017,670,388,1144,1460,360
35,1628,1369,1194,1002,235,997,164,1426,749,108,248,400,782,1544,1070,1085,908,1147,1370,1414,292,341,425
1251,1633,1209,697,1345,168,1243,295,183,633,104,591,407,610,1202,702,1261,1422,371,1096,336,546,1618,100
188,635,198,1079,766,764,413,1000,1420,339,857,348,63,492,125,1411,1011,937,912,223,308,1355,307,1478
618,1405,415,82,1572,1343,408,137,1622,249,496,682,980,843,46,706,166,1303,1408,1486,278,874,12,187
530,947,1620,10,1532,852,1027,654,1328,724,258,1580,760,1327,1605,1545,1403,847,439,1224,1301,719,316,718
1593,713,1373,1368,900,1108,501,812,194,1075,119,1371,827,1331,689,1044,520,872,1284,211,397,1392,1416,29
1555,1611,593,585,598,109,833,1260,1511,1468,172,570,796,1229,1047,67,763,498,1287,265,1307,723,1608,848
1076,499,1407,467,267,417,627,573,1347,1258,1172,86,1315,599,569,1159,1119,929,1143,157,960,1351,1625,691
133,94,1326,441,84,605,313,1019,601,1292,210,699,1184,203,935,996,75,972,814,1332,1522,738,143,692
131,870,628,199,580,1093,410,658,175,714,1066,1132,431,1530,1493,1035,447,1024,1282,403,1104,1536,752,1293
1621,1581,1299,575,879,820,328,807,66,1242,255,1427,1051,1272,142,959,792,541,389,1524,145,384,1358,1609
343,858,1006,604,559,38,1395,1448,1095,179,606,261,442,769,1080,1149,846,390,1275,519,895,746,24,590
567,683,834,466,977,800,226,987,1238,171,1330,883,1092,592,873,1199,1245,484,639,840,999,734,1333,1170
737,1087,1088,809,1294,395,878,1592,963,1086,1256,600,1071,602,1113,1578,1016,829,641,1155,216,579,919,1009
940,325,849,1148,733,1527,1111,1319,88,696,1123,1158,1546,1512,1061,1197,1562,715,1246,731,1382,624,637,159
1098,68,1021,1626,240,821,405,386,1060,1219,790,1635,662,1636,113,994,661,642,754,1438,1221,666,578,1173
561,13,483,490,1472,1388,358,327,861,392,1013,435,1049,1631,323,1057,553,1227,1022,6,476,378,1503,1112
1606,1271,1587,139,1037,91,953,1152,1036,1031,922,1250,64,383,876,1520,485,893,1117,976,989,200,614,684
1496,429,1139,1451,1505,1519,1015,1065,1533,340,1048,645,667,776,1400,1089,5,1515,508,83,495,988,732,283
1440,795,1124,620,1384,761,1374,1192,1312,39,494,184,1488,1565,177,1140,346,1461,1125,982,55,771,33,1436
623,1262,1356,254,1203,660,901,338,576,427,565,1176,1501,230,446,304,136,794,888,401,280,437,871,995
728,1557,866,1295,755,974,1329,169,1629,1385,804,372,778,839,798,1535,488,622,543,801,512,353,1357,1171
353,858,162,821,1572,960,916,509,1636,1280,1085,834,1349,131,601,1282,1392,1148,635,1047,1472,1333,1200,1592
792,499,734,1104,1080,53,1580,1272,338,782,1111,1256,605,336,922,829,1526,1319,820,253,1416,1295,108,1635
579,372,1095,360,848,1345,1373,814,1158,994,1357,210,315,1622,1051,1370,1294,839,283,1408,1388,598,24,496
559,1317,66,804,1227,476,901,614,171,1209,216,164,1522,778,879,295,1486,714,713,1172,492,497,999,466
1440,988,175,874,895,980,299,642,1159,177,708,1405,1371,400,1132,292,620,1448,610,1123,963,520,684,405
553,194,1343,1626,947,793,996,86,1022,425,872,223,1112,1192,1508,641,878,1422,1171,136,187,1250,675,763
280,1414,142,33,1076,623,584,1261,467,442,1065,974,1258,1631,211,871,1411,764,726,1262,1048,662,982,929
397,591,846,997,1011,1330,1618,1511,12,371,1031,1515,494,600,304,1351,313,378,1374,1438,127,1002,932,519
976,1066,592,1605,83,38,827,1224,645,1488,1147,1347,1009,1382,401,870,796,569,900,798,1555,847,1044,61
1215,1403,1183,1536,1037,1420,585,1301,578,1606,1326,633,843,46,771,935,561,919,1562,255,137,1176,1049,658
1221,188,488,109,308,654,755,995,794,769,1260,384,593,1060,373,1356,125,169,145,852,702,1303,389,157
857,1544,1593,1061,809,1113,691,1578,441,1633,737,1087,278,1197,1415,1407,1203,91,1331,258,1535,1299,139,955
733,706,1000,75,1088,876,659,1275,368,697,63,6,707,873,1557,745,437,1629,501,1456,1108,55,35,661
580,1124,1565,159,1312,732,249,1152,413,1144,1384,183,1017,267,1071,1451,100,94,483,637,447,1035,776,1423
692,738,639,723,683,546,606,627,766,1581,567,1251,431,1468,1436,1341,718,893,1016,599,261,230,833,1611
618,1194,392,888,1246,696,1503,143,133,565,1202,1292,840,1093,13,731,410,1293,1493,64,427,869,39,1530
1524,168,1271,959,783,1332,885,134,29,1328,940,761,67,343,1173,1242,1245,807,1621,446,495,358,119,628
184,1533,575,325,754,429,383,667,1092,417,573,1501,235,490,226,508,68,724,113,1238,327,1098,1355,1019
861,1036,1532,912,1427,1032,1149,530,1608,977,1139,1155,728,602,1117,746,570,1546,104,749,388,1199,1478,1315
1426,307,1119,1184,1170,248,1385,1086,849,760,972,987,82,435,198,265,348,689,386,1505,908,1545,1368,1096
484,512,1015,1587,179,801,10,172,316,1089,1013,1327,407,199,1125,790,866,1527,1079,624,1021,84,1287,1625
1496,485,1461,1329,953,800,1229,88,166,1070,1307,1512,1609,604,752,660,254,1143,1460,1358,622,543,937,390
666,1006,1027,1284,1519,439,408,203,989,1024,1243,328,1400,200,1075,498,795,5,785,541,341,682,415,323
1628,346,715,1140,1057,240,1232,590,1620,1521,699,339,883,1520,1219,1395,719,1369,395,340,576,812,403,670
1368,1508,5,1521,584,1519,1093,795,439,88,401,466,1113,10,684,601,1057,216,573,211,1184,1035,847,1488
999,386,937,1293,1287,570,1086,86,661,553,265,733,598,778,1215,1155,1468,565,569,707,1461,1326,1262,916
488,1526,143,133,203,833,947,1071,313,732,1065,592,627,1089,602,883,561,388,1427,861,171,1022,353,1202
1629,776,119,1388,691,1009,1299,1451,223,1147,1047,1227,874,873,1557,1415,200,908,543,308,1411,869,1440,848
75,812,1294,38,1633,1221,1260,879,1636,857,1395,1250,210,604,1246,13,635,1044,249,1533,794,955,315,397
997,980,1243,1358,1152,814,1013,932,1079,783,1301,447,1478,417,809,846,1555,579,585,1426,872,1414,963,1535
1611,718,610,1060,530,1472,1520,100,852,1312,179,1144,1284,541,654,1400,1282,840,1200,1512,188,1108,734,578
1327,261,620,1021,1224,33,278,800,139,567,1251,338,576,1232,383,299,485,1562,605,1370,427,1292,1503,248
996,670,392,255,267,343,358,405,94,692,512,501,1096,1606,559,1392,1416,804,39,1123,134,199,84,1070
307,63,624,746,1015,1027,235,1194,1565,373,1546,1405,142,137,166,871,476,113,994,68,1373,1527,1088,490
702,442,187,1076,689,328,348,796,599,1049,184,340,715,508,145,292,24,520,590,1275,820,834,1031,639
258,168,675,1536,1048,633,1139,754,1037,172,1125,1621,728,371,1456,46,843,1532,697,389,125,1075,749,1183
1357,1258,127,760,378,1423,849,1341,1436,1085,1036,429,1626,55,254,1061,230,415,483,484,719,763,1011,683
1522,738,1119,1087,437,339,413,1080,1229,1329,793,1420,91,53,731,782,183,1545,341,1331,642,1245,29,628
972,546,974,935,1501,1628,1149,177,829,1124,1203,995,410,1317,1256,959,1006,771,1407,441,499,1608,1351,1620
64,435,395,509,1592,1095,346,280,1385,1460,662,1371,912,1271,1382,407,157,1176,1111,641,61,580,982,821
1609,1092,253,1140,987,593,1438,660,766,1307,792,755,591,467,1355,724,1343,1017,606,1002,1272,976,723,1171
1330,988,623,960,1219,1581,497,316,622,495,400,1572,1024,496,240,1580,764,304,1199,1261,637,1098,761,1524
494,714,1530,866,1356,1631,360,1422,752,1319,1618,390,900,696,618,1132,1032,929,82,785,575,919,1104,6
706,431,492,922,1403,109,726,164,226,1544,1374,1505,1303,659,175,519,446,895,1635,901,104,1369,372,35
682,384,769,1197,1051,136,885,940,67,801,1000,1347,83,1515,1159,1496,870,876,162,1345,893,614,798,1066
1578,194,295,1209,1158,12,1408,1019,1280,790,658,1172,1192,1622,600,1238,1384,1493,1333,336,888,1625,953,368
66,1148,1112,989,667,327,1117,839,1315,1605,878,745,108,645,198,1486,169,498,737,827,1349,708,159,325
699,1242,131,1295,666,1448,425,1332,1511,1328,977,1016,807,323,1143,1173,403,1587,858,1170,1593,713,283,408
752,1093,1119,782,1158,483,157,605,689,360,858,13,1148,1176,737,1224,308,627,1625,1593,164,1333,561,188
1368,1536,373,972,1626,1294,1256,199,618,171,955,240,1108,1382,1095,1403,1405,1545,198,1629,1272,392,184,1505
937,327,496,1355,796,929,307,29,833,947,1140,108,1184,137,919,1245,104,900,814,893,1622,989,1472,1293
874,559,283,166,1284,179,714,1000,1456,200,1427,916,666,988,570,109,861,417,959,1194,809,299,1521,466
827,1113,1011,580,131,839,211,476,637,745,635,872,1123,764,1605,325,1051,1526,210,732,1414,812,5,1357
390,346,358,1027,1098,1358,139,1621,427,728,713,12,726,994,495,718,410,1631,408,255,960,338,800,755
183,584,932,749,6,940,885,795,873,1202,1327,1592,63,1016,821,982,1075,1635,1385,1349,1104,683,1287,829
1132,1032,401,389,697,1370,159,667,1415,1351,68,783,143,55,624,1392,754,1461,53,723,383,1620,794,642
935,691,94,684,84,86,1006,699,606,1395,1143,405,490,575,1488,292,415,1172,162,35,1587,1451,134,1535
1326,1581,75,441,1438,1087,1407,857,1260,295,848,267,888,1002,175,1035,579,1246,520,1511,1139,1049,977,64
395,1227,1524,766,353,431,1503,1171,1343,1022,348,39,798,530,1086,328,776,203,878,492,230,1173,304,437
1024,1199,66,494,1060,1508,715,372,1330,425,963,1448,733,1147,1085,1440,922,1328,235,1331,1238,1112,413,569
1292,996,614,249,313,61,127,1501,485,1271,1436,1628,1048,33,497,1295,1017,592,1496,278,1299,541,388,1124
1232,546,771,1183,843,46,670,1315,1070,1159,82,598,1262,567,1192,1468,1057,1565,593,316,1125,790,1572,1606
1047,1229,1149,870,1066,661,1371,1426,763,565,1609,1578,88,876,1275,1155,488,1203,1092,1251,1065,1015,1280,1557
1522,1341,1036,498,1373,1307,576,1243,1215,1089,1329,119,145,10,708,323,591,702,601,1031,265,620,1319,974
1533,879,1408,999,172,113,1608,1519,1400,846,1044,1347,341,1520,847,912,834,1170,501,499,1282,1303,840,578
1312,1618,585,1013,610,248,1345,1332,484,1527,168,1422,1530,622,24,38,1301,1384,801,1486,553,987,760,746
1258,869,125,641,187,997,467,429,792,1096,793,1219,1512,602,1144,1250,820,403,336,675,1200,852,604,339
439,696,1611,1111,1544,901,706,785,1076,261,447,1019,590,194,1411,543,654,895,386,1532,1369,719,849,731
573,1080,724,807,509,639,508,682,442,769,600,1580,871,1061,1493,253,1152,883,1423,435,623,169,258,519
980,368,1388,645,738,280,83,1071,804,1009,340,662,397,371,226,1416,446,1636,1242,254,976,400,734,343
100,1261,407,177,67,142,384,1460,1356,761,216,133,995,866,1088,908,1209,707,91,1221,1562,1633,315,1037
1546,1117,378,1420,1555,1317,1515,223,599,628,1021,778,660,659,953,692,1079,136,658,1478,1374,633,512,1197
718,635,857,280,1275,715,1173,1581,662,413,1015,267,200,1357,1271,94,104,1415,1016,253,682,199,1209,216
994,509,1520,870,261,900,959,726,1079,874,437,1242,1183,373,368,175,846,1427,1176,689,605,769,1282,734
1076,692,1369,1044,1395,804,400,442,876,441,82,401,1024,622,159,618,1329,495,792,1125,737,1170,834,1578
683,745,139,569,1532,972,771,1262,654,576,561,1392,61,1423,675,395,812,598,1194,667,33,872,66,610
1408,541,1280,392,46,1139,490,754,1331,1414,878,1312,628,1017,606,798,1049,661,1060,1184,1011,1533,1200,307
408,10,922,1117,997,1047,624,829,565,410,1326,1332,327,137,760,790,1505,659,187,134,53,338,427,75
1243,1287,1451,403,1557,1512,713,417,999,953,397,336,1250,1086,384,1108,1238,1593,467,1493,24,590,1345,1087
1511,1416,512,861,389,947,223,1343,12,1587,602,1272,1580,1148,995,1522,1132,1006,1317,39,869,592,1002,895
1555,292,658,1636,1080,508,315,820,937,496,627,1618,157,1349,425,1472,1232,383,1371,1307,1292,127,955,255
1508,429,543,84,776,697,476,843,299,691,670,1521,982,1440,1219,1203,1057,499,707,466,388,254,83,109
13,1229,91,1368,1293,800,1319,55,1224,1093,623,483,580,1436,530,1048,1085,1519,492,1070,591,1303,1544,1535
1400,348,1355,778,940,358,932,1388,1096,1333,684,604,578,1158,168,390,908,793,6,1104,849,919,1536,1448
977,782,1075,1019,484,719,113,1113,980,313,328,194,1468,29,1021,696,346,125,708,1572,1341,1199,1123,1405
295,1301,1628,1633,166,119,143,133,415,5,763,1227,840,145,833,666,278,633,752,1562,987,1149,839,371
1611,639,579,702,519,873,584,353,706,1159,1009,1032,226,1526,308,1144,1605,1626,38,1328,601,1385,1215,1140
976,1330,1515,1606,131,807,88,1294,809,1407,1496,1373,847,637,67,1620,559,733,258,1403,372,235,1260,546
188,136,171,1631,1092,343,731,1246,1609,642,1356,724,761,1456,989,162,988,1119,1460,641,935,210,1031,283
764,304,1384,1545,1152,852,888,1143,1315,858,699,1251,100,1299,883,1061,183,265,86,407,64,360,164,614
172,240,1635,1066,1013,1112,916,1347,783,660,1065,1245,570,1261,1147,248,142,498,1192,620,325,901,794,1202
1501,974,1411,963,1124,821,714,323,1098,1051,520,567,435,871,1037,1420,827,108,796,378,1035,728,1358,230
1524,1426,912,766,1171,785,795,431,179,1111,386,755,249,1351,1486,198,645,1503,446,1382,1221,893,599,929
1527,1438,738,960,169,1256,1088,1461,1565,63,1488,746,439,1071,68,723,1095,593,1621,1374,1258,1592,184,177
996,1608,732,1172,1089,1625,1370,340,749,553,1622,211,1022,341,405,1530,447,497,339,848,573,866,203,1155
316,585,801,1000,1629,879,35,1197,485,1546,1036,885,501,494,1295,1027,1327,600,488,814,1478,1284,575,1422
1140,869,807,360,761,1152,1158,353,1411,849,1486,1522,567,24,1011,696,328,1275,737,1260,1345,792,299,995
569,585,1111,1258,1403,1609,1358,1199,1192,713,1299,1343,1124,1006,13,878,793,315,1328,1246,624,166,1405,408
622,435,1125,1149,249,1312,1060,307,605,947,157,982,442,618,384,1438,338,1272,368,1251,530,1066,1488,261
959,996,75,292,642,1087,104,133,1024,1117,1356,953,378,131,834,1170,304,675,258,682,1293,12,932,1508
1460,874,407,188,771,937,578,769,1032,929,661,861,476,94,1183,108,593,654,637,63,623,29,628,316
691,1478,483,976,67,1530,6,1515,908,1209,253,175,1533,999,1215,1371,972,935,1015,1250,431,1416,1076,1578
974,1493,53,1436,390,987,495,383,726,801,1203,1620,1408,1407,68,546,620,697,1622,405,1022,134,790,1592
1049,1294,764,1173,1017,162,1143,240,1317,645,1357,1501,912,794,683,895,498,857,1123,200,1587,1557,606,846
38,559,707,766,1282,100,1262,198,119,718,1593,598,145,1256,179,699,172,872,1085,1368,1057,1176,437,728
659,267,1159,745,795,1194,1341,508,1242,1315,561,1148,1065,1245,590,177,1184,783,1000,1202,579,833,752,427
325,778,389,1451,1351,871,1426,870,1232,1243,848,847,386,610,746,467,843,576,88,415,265,203,591,1535
541,601,754,570,5,719,484,1415,159,1330,492,989,1271,723,814,143,211,1332,994,1093,660,763,1461,732
1098,963,866,839,1071,1144,441,327,199,734,1009,1031,1472,614,1562,1633,1331,1572,919,1519,1422,1385,1035,667
280,1112,1618,127,1284,10,1147,496,64,1013,879,371,1027,604,1104,1511,715,977,658,785,940,1224,731,1096
346,46,749,689,1139,796,1197,873,565,1113,1287,485,1075,827,1395,633,706,425,373,708,1303,235,885,858
254,509,1384,343,1628,142,341,1061,35,809,446,714,512,283,499,417,520,1626,501,1051,139,1565,922,635
216,602,829,1019,1546,1505,1347,876,497,1326,339,223,278,1605,1636,1047,400,91,1307,1555,1292,86,308,169
575,798,800,1392,255,980,313,372,1608,33,1420,388,1086,1521,1536,666,1088,724,1221,395,955,295,1044,1070
187,1155,960,61,109,1388,519,840,488,1227,812,137,662,888,1200,39,988,340,1581,358,1172,1329,852,1119
1079,82,584,1635,916,1468,1238,66,1503,403,1021,83,821,755,804,580,125,702,1527,171,113,1611,1382,1095
1327,1414,820,1496,210,392,1400,543,447,164,1002,1295,670,1606,1319,1423,1171,1301,348,397,1080,592,1580,738
136,410,733,55,1048,776,1440,1427,760,1373,230,1036,194,184,1219,1108,599,1349,1448,183,1132,1625,1089,1374
168,1520,1369,900,226,1355,553,997,1370,901,573,1333,692,494,1629,248,401,600,336,413,1037,1512,490,883
1092,1456,782,684,1532,1621,1016,1280,1631,1261,429,893,639,627,1545,1526,439,1544,1524,641,84,466,1229,323
1565,1533,1562,1478,912,861,982,501,1426,935,1416,874,109,1016,1192,1000,1104,343,1605,188,1578,590,1512,963
327,988,1508,752,1326,1371,937,1535,216,235,1328,255,1027,821,1096,187,1329,689,1060,1009,1066,1611,1088,401
183,127,497,900,164,699,13,223,1035,1238,871,328,760,1587,876,697,485,1011,169,308,1299,567,1626,848
388,1021,543,316,955,200,1022,580,565,620,1075,885,63,578,1440,64,553,1593,1625,1456,1272,796,1260,541
591,133,883,441,1580,575,908,254,1609,1608,829,1262,598,1496,1472,857,601,1420,1635,1349,1448,846,248,922
125,1355,177,353,46,843,666,827,1436,368,1330,1546,987,417,1488,801,508,593,338,870,585,1032,304,809
492,175,240,1423,1184,1079,439,1287,143,888,622,1215,916,1293,1243,776,1147,403,413,960,1144,718,713,604
573,623,313,400,1347,1400,561,1176,1209,171,1385,737,33,1080,670,1219,1317,996,1202,1292,447,142,490,1633
1427,1357,1521,1086,1200,778,373,1526,415,1125,12,292,1405,1460,261,134,1505,1047,576,145,1071,104,974,1051
1581,766,1351,91,278,1132,1140,795,378,348,667,1245,761,834,88,1620,108,715,639,435,162,1606,833,425
1414,383,1085,265,1037,68,1511,1275,660,1572,702,1108,1232,872,1044,86,211,1522,1015,714,793,1368,738,5
840,953,1143,168,172,488,602,1280,645,1049,1006,792,113,66,258,61,1124,764,131,1024,1327,1149,1031,1295
1622,498,1301,1527,847,1403,203,570,1358,1229,1369,1112,1331,1221,624,977,692,389,94,1111,307,733,1356,397
771,929,755,1087,1388,994,1246,467,661,1159,1194,1224,199,159,519,1629,895,1089,731,1183,1501,641,226,267
323,708,893,1048,592,1152,1493,873,437,1199,1636,1545,295,1384,683,1061,723,384,1503,410,642,210,614,6
75,1392,1258,431,1530,29,798,1519,10,1395,1332,299,1013,53,407,1251,546,606,628,1284,749,605,136,390
184,530,866,745,1242,1415,408,839,1203,253,1036,1438,1544,1227,496,940,633,707,1555,919,495,800,1294,24
1520,1373,1303,1117,1065,1092,1345,198,569,901,442,84,610,794,1113,1370,325,724,427,997,858,1002,509,1486
483,1618,559,999,1271,157,959,579,1095,1019,1256,1407,879,878,627,466,35,249,1139,852,1592,1333,814,1158
346,512,675,662,812,1098,340,1411,746,706,599,637,372,1451,39,869,763,283,658,339,280,1119,972,371
1197,484,1422,446,600,336,732,194,1076,1093,719,166,137,139,618,83,783,684,392,1631,395,1536,386,1261
1319,1382,804,1621,691,976,1017,728,315,1155,1343,405,790,1408,1341,67,820,696,1532,584,659,682,179,1312
1171,932,1461,230,726,100,520,494,782,734,38,807,1123,476,55,947,341,358,1307,1172,82,499,1170,635
1148,1374,1282,769,980,989,1524,1628,119,1315,1070,1173,849,429,1557,1468,995,785,1250,654,360,1515,754,1057
425,1086,988,68,666,834,1096,1032,908,639,1049,1287,1261,731,184,1215,999,1132,1438,187,1544,53,83,953
485,579,401,935,578,667,249,1400,852,1292,1536,861,171,541,46,1496,392,749,339,1628,501,1184,872,1019
353,1355,814,614,713,732,745,437,407,766,1221,1578,340,794,1620,253,1199,104,1326,893,1621,484,188,1013
771,1245,134,39,143,133,1113,1183,442,593,1271,1272,1358,846,689,982,792,553,559,24,348,1357,1016,223
1002,801,798,172,66,839,1037,519,827,1009,940,746,384,389,901,874,142,483,1408,618,400,660,328,496
1349,764,1123,796,870,1345,61,1075,1373,1176,561,1368,829,804,1330,708,683,1280,1027,530,386,1098,684,1328
157,1303,622,1557,895,994,168,1622,641,929,714,879,707,1299,1172,833,580,628,755,1158,584,800,1317,1170
1301,1521,447,1488,682,360,1508,378,383,602,91,137,435,417,38,821,1024,974,1633,623,963,278,1422,778
878,1284,1173,265,488,883,88,576,980,1486,1332,1440,1370,997,127,12,323,637,466,1501,1426,783,1000,169
35,1478,1238,1351,1522,1468,1405,1329,1031,325,733,706,947,1125,226,869,1515,1108,1472,659,258,1282,1140,1139
1618,570,1006,654,371,216,543,405,490,1448,976,67,492,1307,194,429,413,1147,1275,476,6,1048,199,33
847,1403,601,1194,1227,499,599,313,255,702,606,1092,843,1608,809,307,1149,1060,610,1493,590,1384,1200,1592
1051,346,179,467,1022,1414,1411,624,585,1423,1593,1572,203,415,763,598,159,635,1080,139,1395,738,1562,718
1545,299,64,13,1580,1232,754,113,1333,1258,1143,1070,267,977,793,1524,292,1071,1520,358,1416,1374,1229,1047
235,431,1505,1250,84,912,1420,573,388,495,327,633,295,1203,1243,662,403,177,1587,1089,1625,254,726,1293
1385,1532,1606,1044,1294,316,1260,995,315,1535,1343,848,627,1530,692,1085,1427,86,520,699,1415,283,131,336
1356,1605,697,248,724,1087,723,1581,849,1104,1256,1369,1388,280,932,885,166,1295,1315,1546,145,240,989,1461
658,795,109,1112,696,812,1631,1460,591,776,1511,866,1527,512,1526,82,987,820,1533,719,919,119,972,1065
752,565,410,546,1093,1209,600,728,1035,1159,1111,1382,1152,368,446,1061,1565,304,1262,1512,888,175,790,94
55,162,494,1347,857,1519,1015,1611,1636,1392,769,397,1242,996,75,715,873,1319,937,645,876,785,211,1119
960,1095,1011,592,164,1609,343,1148,1341,198,508,1327,575,341,900,1371,1066,1224,569,1202,1629,1076,390,1079
1197,63,1192,136,372,1124,5,782,183,100,1017,1503,498,1251,858,230,807,620,210,10,261,1144,1312,200
604,642,427,734,1456,871,1626,1436,916,509,1635,395,1021,125,1171,761,1331,737,439,1555,1088,1246,1117,840
661,29,108,959,760,408,338,1407,675,955,1219,1155,1057,670,1036,497,922,373,605,691,1451,308,441,567
203,1071,429,1605,177,1262,633,373,1086,543,1197,1317,378,908,1572,325,785,1581,1411,623,1199,1628,1521,1024
200,796,1328,561,1032,108,1087,782,1203,715,1374,959,1501,1436,1312,447,1415,1448,307,1420,403,29,790,994
916,627,737,801,75,661,660,104,996,645,358,84,843,847,1414,1629,407,763,1422,798,492,162,1049,599
439,1261,1580,1272,1472,1149,919,1113,713,210,1331,580,872,1019,610,654,1293,323,1280,1245,1287,1530,1496,283
912,304,46,602,172,852,1592,388,689,512,265,467,1282,211,508,133,389,1329,1111,714,384,253,901,995
501,1345,1202,1403,390,1015,684,1147,858,829,1319,1587,1520,24,485,1349,1076,1578,667,997,1620,573,598,590
726,1238,682,1524,490,1384,91,584,134,35,397,1243,1427,1176,1144,1022,1368,618,895,496,591,230,371,1562
484,893,579,1371,6,1327,937,1486,488,614,1158,1155,198,1526,360,734,498,169,1065,94,605,795,776,466
1192,1347,639,1035,683,248,1117,1013,1626,171,1183,1565,764,1631,1460,1075,408,1170,64,769,1315,1209,316,386
1143,1515,988,1173,395,175,960,1095,723,857,1171,86,216,792,142,13,249,530,745,1405,88,1408,980,1070
553,624,1407,159,849,509,1468,437,982,1246,495,131,125,1080,313,1292,691,628,1123,876,1355,226,1478,278
499,383,592,1382,353,935,1200,870,1016,637,187,1351,1373,883,833,1388,1232,53,179,1299,807,348,1066,1356
113,261,223,869,184,1096,976,1250,1438,604,1048,1256,519,760,61,752,139,308,771,1011,1002,692,1511,953
821,1488,235,1618,1532,1536,987,1140,766,1006,1125,1545,812,1343,675,885,1112,1088,871,1061,800,168,546,972
1047,1036,874,1416,699,1508,707,33,804,1215,1031,658,341,338,5,346,1440,1555,659,1051,601,415,292,1057
1522,755,696,575,1098,1284,1152,1027,10,827,706,435,1079,1333,1357,405,1260,974,336,1148,1606,1423,947,1535
280,834,888,199,1251,254,1275,708,642,1341,1219,565,1104,442,1221,866,1242,697,749,392,1227,38,417,1369
372,778,1461,166,977,1229,1609,136,570,315,339,1493,955,1505,848,299,929,1295,55,1021,567,410,1132,1451
1503,861,109,1330,520,809,1527,400,559,401,963,1139,873,1294,569,839,1557,932,327,1089,585,1608,255,1385
1593,718,164,1000,295,641,1194,840,143,731,497,1625,754,783,879,846,66,431,1093,1392,541,1533,137,1044
1635,922,188,340,620,746,446,1636,1611,761,12,1621,427,635,194,1456,670,1395,1271,1633,793,1184,1622,666
1037,1159,1326,240,183,476,413,719,1426,738,1307,999,578,39,1092,662,441,900,940,1060,593,483,702,733
814,425,1085,328,145,1303,343,83,622,127,576,267,82,878,1301,157,820,1400,1519,119,1009,1332,1258,1224
100,368,63,1119,1108,67,794,600,1017,728,1544,1358,989,68,732,606,1370,1172,724,258,494,1124,1512,1546
976,734,82,1606,1328,184,1284,467,760,316,708,1044,425,1535,323,1319,1287,61,604,1611,1088,995,606,162
1536,142,198,249,578,38,1400,820,171,442,692,900,1256,1006,119,490,1294,348,1385,776,1147,384,389,580
635,737,1095,1593,999,1280,794,576,1123,267,94,1061,494,689,1085,388,483,997,1587,1636,530,1426,935,1508
86,383,1183,675,761,211,240,1515,400,639,912,405,346,988,829,248,1170,492,1555,1307,1580,216,1057,485
1152,573,579,1533,488,1113,427,258,833,1019,960,230,435,280,602,697,1343,179,1013,5,6,989,1605,292
1461,1197,1545,1194,466,1282,139,169,358,1440,919,839,1395,446,403,1369,982,724,386,1143,1173,782,731,1519
1149,1629,1371,1631,843,1245,732,590,315,1242,1021,1368,848,1144,1075,1125,980,13,1202,553,1011,1092,733,1199
10,1250,1070,1048,1098,749,1000,1565,754,1015,667,858,702,1079,24,598,1486,795,1416,127,1512,55,908,12
1625,484,1037,1578,33,1060,1232,1633,520,852,360,125,1096,798,766,1408,947,327,1456,1478,1330,658,718,713
1104,1024,1117,67,1238,666,790,1111,922,261,1356,265,1172,1027,660,764,1472,431,1333,627,870,199,496,1530
1468,1086,183,100,519,601,1215,194,622,567,1148,371,738,91,1374,785,200,1405,569,1051,1382,691,847,719
145,203,1327,476,343,1407,745,133,143,1140,746,654,893,1620,415,84,1243,1022,372,769,723,599,874,987
546,1621,1076,1546,637,885,940,353,1345,585,1002,1496,1293,1618,1089,682,972,226,134,1080,1066,1532,871,1159
1251,1562,187,408,373,642,397,390,341,1392,308,1415,35,1317,584,1176,407,662,1200,1493,623,339,1275,83
618,1524,1260,827,188,495,895,592,401,1608,778,1224,255,1384,1411,1427,1388,783,916,1119,605,108,994,633
413,1299,1572,879,340,1527,1423,1373,543,447,53,1357,1221,872,1581,801,1303,137,796,541,46,807,1331,661
1315,1258,696,498,136,1047,610,1438,755,1488,1219,1503,591,1635,1124,1049,963,955,501,395,1262,1036,253,1229
1032,66,1227,1520,439,441,410,1341,1403,175,1349,164,575,593,113,883,1312,392,1511,849,932,295,793,307
328,1261,1522,157,869,670,88,570,336,1436,1501,771,814,1347,561,429,1301,792,39,683,1017,846,68,437
254,338,600,996,75,1628,509,876,565,1557,873,1592,278,1370,63,959,707,812,861,888,1203,659,1112,645
699,752,977,901,1209,1184,159,512,1065,726,417,706,223,64,299,1329,1108,878,620,809,1414,368,1420,1192
499,166,834,235,1332,1609,1271,283,1448,1295,1451,614,168,1521,628,29,1505,325,1351,1158,497,131,840,857
866,1031,714,937,1155,1626,1009,1292,1355,1139,821,172,313,378,715,1035,763,641,1622,804,684,1093,1071,559
177,624,1422,1526,1171,1544,929,109,1016,508,974,304,1132,104,1358,728,800,1272,1246,953,1087,1326,1460,210
492,559,1620,820,1158,724,1113,543,858,427,1144,752,1636,188,900,1199,1307,187,1329,702,1440,390,1486,384
1002,1357,134,127,1565,1219,1229,624,10,5,437,33,371,869,873,1508,292,1275,623,769,1295,1524,24,1328
683,338,431,1243,1246,1555,75,840,483,405,223,1282,1047,922,567,883,203,996,1079,1503,714,1203,982,1369
1000,1519,1438,1209,575,1341,1024,267,1593,340,1075,1371,764,166,1009,108,466,254,1633,1374,1618,1415,1112,1326
682,1532,164,691,1580,1140,184,417,988,295,604,895,261,834,1527,142,1621,341,807,1015,1511,734,955,1609
1037,570,1368,1521,908,1260,580,809,125,1017,857,628,658,1294,696,1478,1358,576,639,131,1027,1407,1408,1044
494,353,1373,159,635,1403,1315,755,599,980,346,348,1544,620,64,1087,972,1448,738,792,1349,429,667,569
230,610,1635,403,790,1022,211,861,1271,1436,1108,68,1086,1125,1626,1066,793,172,1224,1085,1258,86,1272,1581
546,1370,485,313,1095,1578,801,1496,953,258,1327,579,415,1149,849,733,1011,760,561,82,1606,1080,689,316
248,1493,13,299,119,885,63,637,407,1505,591,627,100,29,1183,901,360,1384,999,1535,1356,283,541,388
726,1317,35,1546,1227,715,798,800,1461,508,139,194,1070,1049,1345,1422,1048,707,137,1261,1173,645,240,989
746,1456,386,1426,1200,745,255,796,175,1057,520,1124,1006,584,593,1215,509,1032,661,1197,600,378,929,1427
308,183,1076,1533,1071,66,343,846,499,878,38,605,778,553,872,684,783,1545,323,1414,1194,829,592,446
1293,179,1557,383,1089,852,723,1382,565,1611,994,573,94,1111,46,843,1171,785,618,1301,1287,662,794,977
812,1512,441,893,1159,1312,39,761,776,235,732,1292,61,12,578,1451,1061,1119,358,488,1245,1172,104,339
389,1347,373,88,1284,1238,960,84,1488,763,654,1256,1622,1392,719,1093,280,307,530,874,1280,447,497,109
278,490,1132,476,216,795,614,1088,145,1192,91,162,1251,590,1092,782,1051,1343,1060,871,606,169,1184,959
392,1155,1388,1351,699,848,198,83,1331,1605,659,1629,210,425,847,1242,935,1472,932,519,1202,602,1035,749
265,1016,737,484,666,143,888,67,976,937,253,1098,1628,1123,1332,1400,1036,633,804,1152,1522,622,916,1019
641,53,400,1385,1587,336,821,963,697,498,940,866,168,199,1572,1515,1065,501,876,670,947,368,157,912
1147,706,1625,315,442,1013,1021,827,1139,754,1299,325,1526,974,660,995,408,495,692,1520,1536,675,55,766
1232,814,200,401,1608,839,731,1221,177,1420,171,328,467,113,6,410,1117,395,870,512,133,1592,1423,728
1562,598,1096,496,327,1031,249,1104,1468,642,439,372,1411,713,601,771,1170,1631,1319,718,1333,1250,1530,1330
304,879,397,585,1176,1460,435,1395,226,919,1262,1143,708,1405,1416,1355,997,987,1501,413,1303,833,1148,136
1635,1438,846,734,499,1076,67,895,1044,766,1260,1388,1317,796,497,1415,1242,1275,1565,1416,1392,61,53,177
573,1159,159,635,1347,1420,280,878,1555,1232,1341,876,1132,109,1112,1183,873,976,833,1405,75,476,1251,1022
666,565,814,1423,1400,6,771,692,763,134,1104,1060,1262,410,415,1633,1488,847,848,1035,1385,807,1621,1032
137,883,937,1478,139,1065,1245,395,1368,689,670,988,1319,764,821,66,760,86,1580,131,994,935,1407,1011
64,1147,1229,570,1027,1051,183,1047,667,614,893,699,1527,733,400,104,1202,325,431,872,248,724,407,977
466,869,1578,341,1606,441,922,371,125,639,133,1221,188,1609,888,1331,1250,483,1088,1593,580,569,427,1526
512,1307,576,313,145,1625,200,172,498,618,982,383,1170,1329,1199,737,508,659,1562,683,749,1592,1312,179
1261,702,1294,467,849,1343,1532,697,33,1017,1271,900,39,446,1093,1061,1215,1197,494,633,24,175,682,307
327,267,955,1486,484,1280,592,1258,1330,1006,1461,230,1511,397,738,348,628,591,675,1501,304,198,1172,386
46,843,1219,645,1292,929,963,353,782,278,575,1557,171,485,1496,1422,1024,403,1351,1572,1620,442,793,136
253,84,12,13,1031,378,857,1079,392,1184,157,606,1370,745,530,490,405,495,792,761,1013,684,162,858
1124,1295,871,1448,1636,408,1451,642,908,605,593,1371,1155,143,997,783,1301,752,658,1533,610,654,235,812
1227,194,203,292,1176,82,561,585,600,1503,1075,1373,1021,795,916,265,254,1287,776,63,83,1456,1403,829
1546,283,1299,226,731,108,1203,1173,210,1098,1327,1349,1436,980,1192,620,168,10,439,1209,1224,1408,315,295
1374,519,1618,501,323,1608,240,627,299,1096,492,1536,541,708,29,1108,546,425,726,1152,249,372,1440,346
584,567,879,308,804,1071,1581,258,1144,769,790,1048,1087,211,1284,1515,1426,496,142,953,1626,785,1357,164
1057,723,1272,794,316,166,839,1066,1080,1246,820,328,199,91,901,852,5,604,1628,1149,1530,919,1629,1282
579,996,169,338,1384,223,1512,553,999,1493,1125,1171,691,598,623,660,732,119,755,1070,413,707,390,388
429,1148,1293,100,1326,798,801,960,1256,662,599,622,1332,1315,1111,718,88,94,1049,959,1303,1520,343,509
261,719,987,940,885,974,1139,437,827,1089,1117,1605,1524,55,947,1092,1123,1036,809,601,1243,1037,1009,1085
1358,754,1095,1158,728,1622,1113,972,840,1535,590,1468,358,578,834,1333,706,1519,38,488,874,1355,360,1200
417,384,1508,1587,1328,870,401,184,1382,520,1472,696,602,255,989,339,187,127,1545,1002,714,1414,932,661
995,1631,559,637,713,1019,1395,447,373,113,1000,861,1143,1544,543,746,866,1522,1460,1356,624,1016,1611,1238
340,1345,641,216,1119,1015,1369,1521,1505,1427,389,35,778,368,715,1411,800,336,1194,1140,435,912,1086,68
512,1143,280,1546,171,1144,254,249,200,660,785,1333,1170,1426,467,893,1016,731,1044,642,1622,169,724,388
1369,346,1113,143,754,861,1349,1374,982,604,1440,1275,372,1605,1200,821,812,67,866,593,1371,1011,13,569
846,1000,1209,1633,53,641,1176,755,283,989,164,565,976,1317,733,1155,199,922,600,919,194,852,807,483
820,307,133,804,400,746,397,702,1608,1555,959,127,211,1149,1496,427,1203,425,579,699,1086,360,484,1460
6,1098,446,327,353,1368,848,1345,113,1060,666,771,1232,561,1508,1545,1224,1620,1293,570,1104,509,553,405
1448,1436,929,1414,1002,1355,386,628,439,988,139,1096,879,994,1017,162,1512,960,1095,1593,778,1048,1438,108
1327,1519,371,697,1400,198,723,1152,1522,796,738,1456,963,675,1271,5,1071,1468,1520,210,763,68,1027,1260
1061,1618,134,783,827,1631,1049,624,1370,1139,575,1261,696,870,1315,1076,1245,1295,401,1066,508,131,499,1544
760,1294,670,66,145,1299,869,707,1215,916,761,833,776,858,39,1242,1626,417,1328,635,857,584,1423,340
61,1287,1562,1158,519,1199,1015,230,183,64,1219,1183,546,248,1280,1125,1486,175,847,1238,692,203,415,908
940,1140,308,1272,1351,119,849,1089,530,157,987,384,995,304,1416,1024,63,1171,1243,1385,1035,605,1625,1395
1382,403,278,1303,498,1047,977,713,559,573,1031,1108,1251,932,598,1093,752,187,883,689,1347,1524,1532,972
1606,834,476,109,413,341,253,1032,216,829,383,407,1117,255,888,790,592,1057,662,336,1408,1246,390,1592
766,1388,1119,159,997,136,714,1427,645,1628,1331,935,627,1019,501,188,659,708,1013,520,316,1330,328,29
682,1629,1565,1329,1075,429,622,55,726,1172,1332,1229,1461,578,1022,1478,1407,980,490,947,1065,1124,1006,839
442,325,1197,728,1258,494,1250,1312,1358,602,876,12,691,1343,1411,1021,46,606,637,323,999,639,814,1307
1515,172,795,378,734,782,267,1581,1319,580,601,1070,1578,1009,94,541,1080,1488,33,610,793,1392,885,1262
749,431,142,715,1194,1301,1505,620,1123,1282,895,974,843,265,800,1356,1403,392,1111,1159,100,38,809,764
1087,1292,801,1503,1079,1420,737,261,1357,872,798,1587,1557,1112,874,1184,745,1256,166,441,871,1088,661,1472
1173,718,1148,368,466,104,1051,338,84,410,83,343,667,408,35,373,1341,591,339,1221,435,1530,684,292
794,901,315,1422,348,590,623,1501,1284,618,299,654,86,88,1526,295,1202,24,1511,496,1536,937,179,10
495,567,683,1572,497,82,633,313,1521,389,706,1533,1384,1609,492,1451,184,1132,1535,1621,543,1580,585,1636
1527,873,1092,177,719,137,1493,792,75,614,912,485,1085,1405,235,223,1036,168,488,996,878,258,1611,658
226,599,437,769,395,240,1415,1147,1326,576,91,953,125,1037,840,1373,1192,900,358,1635,955,732,447,1227
1194,398,906,1092,1012,1301,235,120,297,5,947,1579,1484,1340,281,477,21,670,1285,247,870,1269,1612,1216
1118,372,425,569,1448,733,1565,1283,1507,1405,590,1159,1124,1359,1162,530,388,1311,878,1294,1483,685,336,834
307,400,839,769,442,1426,591,1547,1627,321,555,597,857,1517,855,1119,447,1313,1372,1382,1005,553,1083,547
1437,1046,585,759,726,519,1342,1455,125,401,1423,134,642,82,56,579,1186,1501,598,827,108,342,520,435
836,1244,8,1262,1438,202,3,1075,792,494,921,1088,908,1090,796,1009,1404,111,1355,1309,1143,1395,1010,1018
1066,169,404,1275,493,1442,1605,866,970,1028,603,443,213,1163,696,153,987,1625,980,313,1361,737,1087,57
955,1558,1248,1393,1295,484,1149,602,592,415,872,1513,1230,1060,141,66,1608,640,1626,1021,1609,1170,1096,412
403,1562,599,1049,1109,371,636,418,810,1408,29,1112,33,1349,803,1235,304,1581,1335,1052,1332,1242,1527,699
1274,181,143,776,261,859,1232,211,1176,1362,155,950,133,840,1329,1334,248,311,1110,1074,210,1327,1344,621
1496,63,804,1089,885,488,626,846,1392,52,256,185,184,100,1419,214,1478,932,924,189,1252,434,1510,1389
346,204,1352,305,1467,440,285,370,1059,683,731,1292,130,71,934,1619,700,265,864,675,1440,1243,1594,1122
638,646,1451,1418,984,1204,480,116,943,88,1592,200,719,12,554,364,1323,1422,452,121,609,949,350,852
413,601,1416,1333,1630,1367,1106,1585,982,1011,843,1563,175,869,1420,1195,800,740,18,724,620,614,1224,627
813,154,1297,1202,1047,1192,135,1151,374,1142,1584,1293,750,1469,1219,1223,556,967,1503,808,399,1104,389,687
361,722,179,93,1328,1384,499,845,734,782,682,755,789,1042,1113,858,1383,1331,873,1345,911,1472,1545,392
95,326,1588,607,1358,572,160,1184,1185,1245,1500,774,124,1631,1336,174,1635,1270,1614,1509,832,492,145,871
35,778,453,942,339,639,1272,752,498,976,781,557,1618,567,1093,1302,1399,574,173,383,1566,588,830,1267
1214,847,1403,1037,1148,684,508,1078,1237,707,1158,953,829,500,1108,1238,487,322,632,747,79,772,1102,1396
239,758,510,681,405,22,1032,628,191,814,929,283,43,1411,807,1621,441,187,1351,960,1370,1304,171,661
1580,237,988,1512,1234,635,1139,495,728,1017,485,833,1587,467,564,596,1530,1321,837,278,1251,316,1363,344
81,1181,84,725,159,867,458,324,1276,1555,507,1189,1401,1282,251,1350,198,360,234,190,1273,761,783,1567
793,935,83,99,1475,667,771,407,387,163,431,188,138,1024,68,780,680,1091,337,963,562,655,514,1076
67,1413,881,277,1127,11,142,799,1101,887,233,168,1317,1225,1061,746,689,763,433,753,1597,478,1482,1084
909,1620,1394,1289,1324,1236,1458,941,694,732,526,335,608,1199,1341,760,1153,1082,552,959,919,974,1263,215
