64,1170,104,599,1633,240,947,383,1200,134,778,1070,1049,1456,267,1256,91,1512,1546,94,565,12,1609,441
1407,1079,982,800,82,100,1282,1411,1197,1173,63,885,707,731,591,442,637,795,689,749,541,1088,1139,360
125,137,265,592,179,519,793,1345,543,1605,323,1328,1358,584,1555,1243,754,211,1408,1533,1384,1488,702,614
119,1295,1535,573,683,766,67,1238,1092,1096,1593,718,145,235,108,1037,708,24,1303,610,476,576,143,1355
86,131,658,1271,790,857,659,496,226,821,172,1580,1522,175,501,1319,820,697,499,901,794,1089,497,869
315,508,1036,1527,699,200,1149,1385,253,46,1027,1144,400,602,39,10,187,325,258,292,437,1524,1017,405
1405,570,1011,624,977,839,1572,255,879,1545,764,1061,738,546,1275,1117,953,848,866,488,1508,670,1227,483
600,1111,1536,1351,53,254,88,1307,1086,675,210,872,139,763,719,1158,812,1232,1124,1104,6,1438,1093,1108
912,1329,1373,929,1051,1388,732,1374,401,1503,714,1472,1143,645,987,1192,1057,662,1015,1199,328,397,1224,900
782,447,425,1400,261,861,341,972,578,348,1618,618,870,1066,198,1032,1261,960,1436,183,994,745,628,495
1287,1530,1021,1621,1440,1125,336,166,1532,760,1382,1636,1371,847,1209,1544,199,1332,633,1250,1048,1065,1392,874
1095,1215,783,1403,955,1031,585,989,1132,1343,171,849,55,635,888,490,1016,1606,29,692,1347,427,1520,1578
388,169,248,737,878,834,852,1258,494,1628,792,164,1427,959,278,579,1301,569,873,1622,392,177,752,1044
353,1112,1526,1221,1009,733,512,1147,706,68,109,895,223,1159,796,1369,804,1019,184,83,1581,1511,157,1635
785,1140,667,1098,642,567,1501,1625,798,492,940,368,308,746,871,691,723,127,1002,1293,33,1414,827,1087
1521,814,307,846,1426,1123,660,1183,1423,1496,389,35,407,371,1415,1461,429,666,520,1357,403,415,605,66
963,249,713,974,1395,843,1330,996,1024,1171,893,1327,580,1035,1013,299,1451,346,728,807,684,976,922,1562
575,1478,339,530,216,1245,410,446,593,485,833,1420,1251,935,771,283,932,1280,327,188,1608,372,620,373
1356,61,858,641,1152,38,1505,1368,937,598,1349,627,230,431,1331,1272,343,1184,1448,280,1203,5,1460,559
162,829,1047,1006,395,1631,623,435,1333,1416,1312,1592,840,999,1000,1422,726,1229,876,304,1155,801,194,654
1148,384,313,316,1075,1519,980,1022,84,661,1119,761,295,682,1587,1076,1219,1620,142,338,604,1284,13,1194
467,755,1370,606,1626,358,408,75,1113,908,1080,1172,417,809,466,1085,601,1629,997,988,1468,622,159,1565
734,696,136,1260,1315,1246,439,203,715,1493,553,916,509,390,413,340,995,378,484,769,1317,776,386,919
1060,1486,498,113,883,1242,639,561,168,1294,1262,590,1557,133,724,1326,1071,1341,1202,1611,1292,1299,1515,1176
707,659,1013,1370,1229,38,520,299,1333,879,733,1197,346,401,413,1427,591,179,1119,1382,834,989,1075,1251
304,439,872,1520,341,987,1098,1611,427,373,1086,1317,1076,714,963,1395,849,1605,1171,343,1002,861,1224,368
1608,1044,947,1275,1536,1303,1065,980,5,1024,1173,392,637,315,1149,561,388,187,1400,1519,1243,1565,1629,1143
1403,1088,1080,1625,746,133,1093,1580,371,809,692,353,1301,1294,783,407,1293,1246,731,755,814,210,689,1562
1327,1242,12,1221,1423,339,1057,1515,1496,1112,769,168,108,1006,109,240,280,801,635,159,188,415,785,1356
1172,1415,410,745,255,995,1332,1408,360,24,848,726,565,1070,13,654,417,1587,383,622,732,1530,313,172
408,670,606,340,1620,1047,169,1343,852,171,1628,216,1533,1017,776,1505,1581,1508,1606,919,839,804,400,501
1545,498,1392,307,166,499,578,878,249,198,793,1618,29,610,798,211,1271,1546,100,61,33,1355,1368,488
935,258,778,1635,447,1079,485,1158,1426,1009,639,405,490,579,870,1369,403,131,827,702,623,1299,1139,495
763,75,800,706,1319,1202,900,633,1512,590,940,821,389,6,372,1414,982,1341,1521,162,348,39,86,1503
1522,792,1592,508,874,719,1622,667,794,145,53,1326,1087,390,988,567,127,641,184,807,682,1250,1292,1031
183,1330,960,292,55,1111,1051,843,888,358,1524,584,580,483,425,67,1238,734,749,142,84,437,384,697
1152,605,203,847,929,795,1416,575,496,134,1374,908,871,675,82,1472,1460,1486,820,223,104,576,974,718
658,1631,530,812,601,738,1203,1260,1420,869,1227,1124,737,253,1125,1021,323,1461,1488,553,1493,604,1331,467
91,1183,1407,620,230,1022,1095,1261,68,953,1132,592,1287,771,570,569,119,876,1456,1245,1347,846,1358,1170
1405,1194,66,1049,157,1626,661,883,723,1312,1527,1328,895,261,164,325,1468,1451,1351,113,1036,442,764,1511
752,199,1232,1436,1448,88,1016,1501,1085,546,1272,696,46,593,10,642,1104,959,1184,1015,901,1636,316,624
200,143,1159,1219,1440,1411,1315,1258,1209,441,35,431,1357,977,833,177,715,1329,1144,1555,1307,397,1032,1199
336,1061,627,728,598,386,999,83,1621,466,295,724,996,1192,494,1609,512,1048,1388,519,1295,585,691,559
1108,1422,1027,976,265,796,476,916,840,1200,1532,754,1633,235,429,1071,1096,1345,1373,599,283,573,541,972
666,600,254,308,1155,1282,267,1593,1000,1438,1148,137,922,484,378,1349,932,1147,628,94,713,338,760,1011
1572,708,1256,1284,683,1280,1019,509,937,857,1215,662,1262,1140,226,858,278,1123,543,955,614,1113,1478,893
63,885,645,684,1371,194,1544,492,912,829,395,994,435,1089,602,136,1037,1060,1578,699,766,1092,328,125
64,790,139,446,327,1384,782,1385,1035,1526,1535,497,1176,873,248,997,1066,761,175,866,618,660,1557,1117
1330,1349,46,441,1173,1488,1472,442,1369,1299,1527,1526,1197,499,857,171,340,580,660,1438,1486,136,1414,1388
304,338,230,794,600,1111,1371,386,29,509,164,308,812,1355,745,606,1312,834,795,1031,1605,184,1037,728
113,661,1508,963,628,497,1392,972,131,1123,988,1176,666,633,641,53,405,1203,1132,188,760,1400,496,1451
1093,974,807,1368,691,1250,1200,852,1293,1557,883,1238,1593,997,900,874,1427,483,1124,1092,1048,861,240,1621
1341,278,682,1295,1227,397,1060,373,1002,820,776,1327,313,1183,199,1148,1536,1284,360,187,980,254,339,368
255,1343,1143,1440,754,1331,88,622,1087,1317,1147,1385,1422,1546,1245,1261,623,1562,200,1415,1633,1089,1006,1555
1140,1272,1036,1172,922,1080,139,325,1194,783,498,785,1065,1524,55,1159,1501,872,142,172,1282,466,885,684
1345,371,706,61,1202,1611,1622,1351,1329,1258,989,183,384,127,976,388,879,299,280,413,63,658,35,425
125,738,1629,86,1411,169,1287,429,1326,714,194,618,1246,1085,601,358,977,64,858,578,982,576,876,895
733,38,223,620,953,1149,1113,1319,1420,1009,476,378,1098,1370,1609,1358,1192,901,790,1095,157,400,1456,1436
999,702,567,637,840,265,1170,996,435,13,683,1022,800,639,575,490,1512,12,1535,642,792,1307,1260,1511
166,137,1519,415,1635,1581,667,267,1229,91,389,543,561,1144,520,24,659,1626,1061,1271,1625,1382,724,746
467,1333,1024,1301,734,763,1013,447,133,1478,726,1232,1155,407,737,846,1620,994,210,1521,143,569,1035,1075
719,1019,417,1294,1315,929,1572,1070,1086,645,1416,847,327,248,177,1112,108,809,755,614,492,1280,1125,1592
100,67,959,919,839,1184,635,159,579,605,1545,211,431,1578,1544,401,829,1426,437,1108,1071,390,1423,253
912,1580,827,501,796,84,1303,145,119,1119,109,1503,408,1533,328,216,1015,1044,778,1408,1251,1032,908,1275
1104,1608,348,226,1262,1027,591,519,553,1493,1139,1460,1221,235,1461,1357,315,1242,801,410,1405,675,346,249
1448,871,68,599,749,707,1051,1049,604,203,766,732,1631,995,307,940,888,1256,843,541,10,1403,175,427
947,1636,39,1587,446,82,495,66,1219,292,866,593,932,1096,336,869,104,1532,1243,1468,1292,893,833,585
769,731,696,592,559,565,670,316,1011,1628,1373,718,692,793,782,134,1171,1606,383,590,662,713,198,1199
1565,33,546,1618,573,848,610,1374,439,295,1152,1530,1000,1088,75,5,6,168,955,1209,1520,1215,752,494
484,878,697,485,598,403,1016,654,1047,283,83,708,935,353,508,343,1224,261,937,1522,699,764,798,570
1515,723,1347,512,1117,602,873,488,916,179,392,1496,1076,870,715,258,584,341,1057,804,1066,821,960,323
849,395,1017,162,1021,689,372,1332,1384,814,987,1356,94,1158,530,1505,761,627,1328,771,1079,624,1395,1407
839,792,1123,476,1275,508,1416,932,610,283,417,618,977,408,1395,1374,1149,33,1202,654,1294,919,1371,1011
633,1176,642,1628,1044,1536,1562,413,1184,336,1170,771,280,1414,1256,995,1260,675,885,1546,29,1415,485,852
999,1503,384,1284,1183,1093,1227,807,605,119,929,267,776,1035,1242,211,484,1036,137,1555,386,1426,660,1355
1076,188,790,1486,179,900,874,1140,145,1032,295,734,764,223,1633,935,63,1526,1332,1328,1095,580,1519,972
1243,1261,1158,198,1262,358,1606,623,541,184,210,403,1219,1512,24,590,203,131,368,731,684,1515,766,659
658,1282,75,1423,1501,1317,35,1021,895,702,1319,749,723,1037,769,1024,1587,466,83,1330,1368,800,1246,1436
1251,1373,439,1312,501,194,620,1345,893,1301,371,415,143,1557,584,372,1358,1608,1027,614,974,1057,561,733
661,530,1505,989,1327,1524,1104,340,1013,442,861,947,1132,662,315,1511,410,833,82,86,754,1578,1148,127
339,1472,162,494,908,1194,258,591,565,994,1629,425,1357,1438,1351,604,519,1349,1086,1152,1618,55,104,1392
157,125,304,812,1420,183,1200,1521,397,719,1369,1407,467,171,1535,346,12,696,240,707,1002,1343,1071,400
1209,795,100,1347,175,405,1488,635,857,847,820,553,1048,1172,783,389,1580,1272,1493,1019,133,827,1111,6
1461,490,940,606,1280,1545,488,937,988,699,348,667,559,1125,1530,431,1293,785,846,738,307,496,871,1060
390,520,567,1287,1022,323,1405,745,879,169,755,249,230,1631,1460,1271,840,637,1326,1171,866,498,980,1605
1609,1016,1522,598,1468,139,360,1508,1307,109,726,987,821,159,1199,624,88,61,666,1385,1080,585,670,728
1089,1593,308,68,168,834,53,641,1197,1611,1221,1006,1124,437,1079,996,997,888,292,1451,746,916,1299,691
953,316,706,1303,1047,1203,39,752,1565,1108,960,407,299,1229,1329,226,1370,1238,1527,593,94,172,546,187
1224,876,708,1051,579,401,84,843,814,575,1315,199,692,1636,327,164,1422,1192,1620,982,435,959,858,1075
495,1015,1245,761,46,177,543,142,1411,113,737,1478,1096,713,1456,1144,724,794,1098,1356,718,248,216,1544
1331,373,1215,1581,628,1009,1113,1232,1119,1592,166,1155,922,1000,682,383,108,714,1250,1496,592,429,1159,338
901,955,64,570,1147,1622,1085,578,869,804,200,10,343,1117,441,1049,599,313,1065,499,848,1292,1258,235
1532,447,1427,1139,793,509,1621,600,697,497,1625,683,134,1400,446,778,1061,715,392,265,576,278,809,872
763,67,878,254,1173,1341,325,569,1295,873,602,732,1520,912,645,1092,492,66,483,261,622,1388,136,1403
1382,829,798,801,1448,1088,1066,1408,639,1070,1333,1087,427,91,1031,573,760,1572,782,870,253,13,796,378
328,512,689,1143,976,38,1626,849,388,601,1440,255,1112,1635,1384,1533,353,341,963,883,395,627,5,1017
1021,1472,1618,1140,754,546,871,373,627,848,61,763,1112,1197,1456,267,1581,1392,593,807,1355,1592,1420,731
1049,599,1373,885,258,142,509,119,261,801,715,100,1395,53,137,1384,203,724,1546,893,249,658,194,620
1215,666,6,769,790,606,384,12,325,1048,580,804,675,732,947,654,541,1407,610,1139,1370,1113,1295,429
1037,211,265,1555,1032,346,1532,1621,1423,1092,410,33,166,840,1345,378,559,495,749,46,1176,435,873,929
1224,1158,963,752,1349,240,216,386,999,1374,253,575,1519,179,1108,1036,670,1356,1272,1416,1625,476,447,340
1143,1330,485,1260,467,520,570,734,600,682,492,353,328,388,407,446,1293,900,820,1347,569,726,145,1414
1408,1044,339,565,1219,1117,139,400,313,427,1611,846,1620,795,622,637,484,800,1512,980,64,497,466,1284
1521,982,996,431,1557,358,75,635,1427,168,1031,133,1530,1256,1061,1478,553,723,383,766,628,1250,1451,662
1243,104,299,307,1144,1088,1159,327,1124,737,1327,614,417,1422,292,415,866,878,1440,543,796,874,159,661
82,496,125,1315,494,35,798,857,922,188,833,959,713,1501,199,761,883,755,1415,1562,852,794,702,67
1011,782,83,254,1606,1508,1303,1098,248,490,1572,1016,718,1258,1358,1343,223,1027,573,1242,935,1155,88,1238
585,1132,1125,1301,1111,1488,1006,697,994,667,499,1147,1636,809,1493,1496,1024,1271,368,778,372,1385,776,633
1626,390,1411,849,1251,226,988,1079,1035,413,1436,39,1246,1294,916,605,283,371,989,38,164,659,960,348
171,584,604,395,861,783,1505,131,764,1000,1009,812,1200,1002,1326,1022,1609,1123,645,1388,316,987,530,869
397,441,1382,1262,689,696,113,771,1605,827,847,1403,55,1227,642,1051,1587,210,1093,684,1075,901,1173,567
200,1229,1635,439,1526,488,839,1070,63,1089,109,304,143,1341,1460,1522,1524,512,1047,1184,108,995,483,235
683,872,1357,1371,937,997,323,341,187,876,592,1317,24,66,91,1172,623,821,169,977,389,1171,699,1633
814,578,1578,733,68,1199,1461,1405,508,519,1448,1438,308,1261,1015,1149,1066,1515,953,1287,1282,706,624,1580
280,134,1629,834,5,10,1400,1071,602,1013,177,1468,691,1148,639,1202,1080,1331,1087,1565,746,94,1622,641
498,618,1533,1527,162,1017,760,278,707,255,561,1280,976,1292,29,295,955,1307,1299,1170,1194,184,1152,1628
1275,1511,1426,579,127,1333,403,972,1221,1544,785,708,745,1520,401,912,1369,1368,870,172,1085,974,714,1209
86,1328,792,1329,1332,1312,1104,1545,405,1319,829,360,437,1057,425,136,1086,157,1183,1232,719,908,590,692
919,879,793,1060,1203,1192,501,1095,888,858,408,1486,940,392,183,1608,1503,1536,738,1019,198,895,843,601
932,230,728,660,576,1631,1076,338,175,442,1535,591,84,1351,598,1065,1245,1119,13,315,1096,336,343,1593
38,809,530,820,308,573,565,1330,732,68,667,1522,315,248,1148,666,541,10,1629,254,778,794,1621,1159
708,134,1438,1544,1119,157,323,839,313,1292,413,883,203,1016,947,235,796,776,976,766,519,1423,485,1357
340,670,749,661,343,194,1075,1260,200,900,501,871,108,764,812,1017,1511,1202,1515,278,431,553,1032,929
346,1112,403,1440,987,1139,1488,1403,1370,142,1143,829,1329,584,1415,1395,159,977,737,316,641,996,267,1282
1035,230,1192,1326,888,1158,1317,1388,1385,388,1374,283,216,834,1019,1312,1301,86,1411,490,488,689,578,55
497,1622,1172,63,821,83,885,598,131,1057,360,1245,1555,447,1460,1368,848,1048,697,1532,484,614,1608,1422
1468,662,425,763,1405,1299,1215,852,1625,645,1070,728,88,801,575,675,713,769,405,682,1527,866,442,637
33,392,389,601,1022,437,1076,660,724,1144,372,483,137,1149,82,91,972,585,1501,1108,576,6,1331,435
635,1605,211,341,754,1328,795,1096,1024,1545,827,771,325,785,940,1626,295,492,408,339,145,1628,995,1242
199,1609,407,371,567,1256,1047,734,916,509,109,745,937,1104,659,1536,1087,1132,847,175,1021,1044,624,410
639,858,857,714,798,184,172,963,642,604,353,733,1503,580,1197,738,997,761,1562,1349,994,1049,240,1408
1400,1123,1461,1451,1635,873,39,119,1355,1392,869,1546,327,833,1351,1176,683,415,932,494,600,476,64,1581
1512,1061,893,723,591,1284,719,508,1382,441,499,1271,1580,395,1203,417,1578,790,1027,1448,1088,1219,1140,618
258,113,912,188,358,752,1533,1384,919,84,427,1611,1343,718,702,1170,1636,1258,605,1051,166,1092,922,1315
1238,843,307,590,1557,569,1002,1113,466,1287,1631,1356,684,658,543,100,1572,299,139,1011,760,746,1232,691
255,1015,1587,383,143,1371,66,1327,1436,1369,1221,1565,731,512,1229,1521,1147,1013,1358,726,861,1209,223,782
840,94,292,1593,1280,127,1071,804,336,24,348,35,1341,1407,980,706,620,1472,1111,1508,104,1427,974,1373
1345,1085,628,304,75,496,846,1124,397,807,1194,495,692,1065,1093,895,168,1184,400,1420,593,29,1098,1250
1080,1333,67,1520,1530,579,378,1117,183,384,373,849,1505,1493,1347,955,171,1155,1199,1261,800,1293,1086,280
1620,226,1000,368,1456,755,960,328,1089,959,715,1262,901,876,592,5,265,1618,1526,989,1332,1294,520,935
439,12,198,210,792,1200,1592,1307,874,338,162,13,1246,1633,261,1295,498,623,982,1478,793,1535,783,1272
1006,1125,559,879,125,1037,46,1426,953,610,390,1519,53,988,878,164,999,1414,872,870,1009,1606,1031,1173
446,1251,401,1079,429,599,177,814,249,561,1171,1066,136,1183,1275,606,1036,253,699,908,61,633,1319,1227
1243,1152,1486,546,1416,1095,1496,1524,602,386,1224,1060,696,622,654,169,467,570,133,627,707,1303,187,179
1123,1605,1330,1333,1262,734,407,737,466,684,200,415,1125,1089,1232,1024,1197,821,292,476,1631,267,1060,1395
1075,1260,1275,1051,1329,858,1629,1332,746,1065,708,929,1512,1104,627,1562,378,689,1608,1117,660,869,1215,1468
1098,1057,714,715,670,1382,467,1148,635,159,1416,1374,585,1143,1155,972,1200,261,719,707,1238,1578,1294,38
1111,494,614,442,1227,857,1408,395,1625,1002,113,248,484,278,1472,893,307,1555,878,580,258,400,1047,977
315,175,1486,6,5,403,726,145,187,373,498,171,642,1505,265,834,1411,974,1250,847,559,1355,935,755
849,216,1092,624,63,852,1044,1159,1261,1515,1606,1016,142,168,1403,1392,226,401,1371,1527,1511,188,488,1112
384,1124,1006,1303,397,749,184,833,1478,1183,1456,761,980,313,177,1420,1224,86,371,119,46,1628,1593,1221
543,1635,783,579,1048,340,804,1532,764,872,776,578,987,760,325,1242,348,328,593,1520,519,932,752,1293
91,1526,809,1319,68,24,766,1415,546,1626,490,1066,139,353,1202,368,569,745,873,133,691,1158,814,143
211,125,33,172,995,598,1209,131,1580,702,843,829,162,846,1093,280,733,738,1271,1581,94,610,88,724
1017,386,1451,553,800,963,439,1351,164,1460,561,1176,955,1620,235,999,1292,1031,108,982,876,179,417,763
618,327,127,960,604,1400,654,389,1384,1152,861,1219,508,249,304,520,699,848,1203,731,1086,959,718,1436
812,771,338,1407,919,839,1357,360,1251,1341,728,1572,798,1519,1284,661,35,1280,871,1331,10,1349,390,1021
567,683,1173,383,137,166,754,659,1019,346,706,253,1011,1032,840,997,682,336,1139,620,1229,1035,230,1022
136,633,425,1622,1245,1385,623,795,599,1295,405,1088,66,104,778,316,916,509,1438,1037,641,343,1113,888
13,584,591,947,912,1533,1132,1246,446,1636,658,1243,1199,1368,883,1172,255,874,1194,600,134,696,299,1535
820,1422,801,392,1557,1609,1307,645,1347,1085,713,1501,1015,1071,1000,1565,723,1013,1287,1312,1440,82,541,1272
1508,254,1147,530,782,1414,1545,1184,937,1461,601,1079,1061,1192,194,1405,1140,223,697,295,413,989,67,692
1633,895,565,410,485,1327,53,198,1496,109,1370,210,157,437,666,61,323,590,976,1301,1493,885,940,1521
1258,732,240,492,793,908,12,796,994,605,1119,1108,1096,1144,1546,1373,1345,203,100,628,1524,996,1618,83
575,1076,1328,1315,1536,441,283,1256,785,576,169,1358,435,807,1544,794,408,900,1171,1343,447,358,55,1503
1611,29,339,790,499,901,879,1049,1095,308,570,39,429,1282,602,592,922,769,388,1488,953,1427,501,512
427,1388,1369,1621,639,1326,84,866,1299,1356,496,1426,483,1522,1070,827,341,1317,497,372,1080,1530,431,1087
1587,1592,1027,988,637,662,199,675,1423,75,183,622,1448,1009,495,1036,606,1170,64,870,573,1149,792,667
1111,1209,746,1011,360,328,804,1451,316,801,1192,67,1238,88,1355,754,1287,718,713,346,1229,1330,1140,425
172,230,1620,240,602,1299,883,1199,1051,699,1411,592,708,198,598,1633,658,258,1535,1194,1183,1415,1307,792
601,1572,1524,861,761,541,728,1358,267,567,1184,1227,94,714,1295,405,400,1095,821,637,559,125,437,972
38,373,187,834,1371,1009,283,1400,1327,1521,666,987,171,1176,1565,108,764,702,1037,1606,177,994,1351,164
1301,771,814,1326,590,410,565,1414,1522,732,390,593,1232,790,840,839,134,691,292,1261,203,783,953,1292
796,388,1621,498,1332,407,1096,697,485,553,403,142,782,439,778,1155,876,763,447,497,1002,543,248,947
870,1144,1373,1587,752,1628,1088,1315,476,1119,916,937,645,383,46,843,512,145,1098,68,1027,1284,1219,466
1158,501,820,1022,1328,1593,75,996,1388,86,1124,415,614,496,988,446,1503,1019,467,798,211,635,508,849
520,24,696,280,371,737,733,576,869,137,13,1460,1545,707,1303,484,338,1057,490,1382,64,35,1086,1036
226,1312,131,1282,384,977,1438,1329,1486,738,358,618,395,1006,1159,1546,1017,641,1392,1319,12,1493,261,606
136,442,1370,188,667,872,642,1087,327,976,307,1427,724,1374,1221,627,1089,1356,1631,1275,1104,6,495,719
579,1496,1246,599,1357,776,1422,935,1075,53,760,1403,1173,1293,427,1611,1384,1044,1258,1085,1049,959,1472,1423
339,1272,1203,39,1405,639,29,800,1294,417,1271,723,1060,1532,265,1468,628,900,546,670,1070,871,662,1245
1197,1456,1065,119,216,109,168,848,200,1622,600,315,932,1256,585,33,584,1262,661,1636,139,1260,401,82
1170,1618,982,684,66,1440,578,175,995,940,435,997,1079,519,10,1123,989,1562,1071,308,857,1478,1515,1508
55,1527,162,194,1117,1112,1215,1625,866,1048,1251,1149,1385,1605,323,386,1426,1333,622,100,183,919,1035,159
397,313,249,610,623,1152,734,1533,620,895,912,591,846,83,1093,255,785,253,1032,378,901,807,929,1171
1016,1581,726,827,1448,570,878,1139,1224,431,1530,833,745,389,113,1125,1544,812,210,392,499,654,829,1021
341,1349,494,5,353,1202,1407,575,960,675,1526,1250,561,955,63,1147,348,1347,692,1505,1519,1061,1557,885
879,254,766,1408,1555,492,569,1242,874,1635,1578,1148,304,1580,769,660,999,1108,922,1000,1343,715,429,408
794,793,1331,1132,184,278,1369,1080,1143,1395,104,1461,1608,1511,974,1024,683,1626,858,1420,1512,1015,1609,91
847,682,133,166,1592,1031,343,1113,888,488,1280,61,441,372,530,1076,1317,368,1172,893,127,1629,340,706
325,509,659,1066,605,1047,755,809,1200,413,624,573,235,633,908,299,873,223,852,1520,1436,1501,580,483
1013,1345,1416,795,1341,731,689,1368,143,1092,157,1488,1536,84,604,199,980,179,749,295,336,169,1243,963
159,641,1119,908,684,348,211,734,1284,187,413,879,1272,1460,162,1332,127,593,1299,771,408,565,900,1202
1019,885,1125,336,313,1112,1027,10,1625,1246,1355,732,682,1051,108,1461,88,1536,840,953,1006,1282,1368,637
1011,937,66,199,496,1388,1219,1261,1511,1015,1451,216,1515,849,341,592,1280,1512,697,1562,1505,715,707,691
541,980,1088,254,1275,606,940,198,999,1098,1456,431,1037,338,68,1292,346,136,446,675,763,1327,1521,807
280,605,689,1546,726,1384,814,1060,576,738,989,1519,425,1468,1312,278,796,610,386,1143,166,184,179,1203
852,435,384,1229,1144,82,109,622,1200,1076,484,168,746,1486,929,315,1227,442,1436,1501,866,253,427,1611
1493,658,1215,870,1066,1301,1013,1035,1170,1024,1294,407,1385,1117,1057,792,1260,1242,1176,1108,1258,1085,639,600
1423,714,1245,888,916,724,1070,783,323,249,699,776,599,1049,1608,1478,800,1139,569,1183,839,1330,1080,1152
235,706,1036,360,872,1065,1061,499,33,1199,546,602,295,667,1626,520,145,833,157,1438,1317,1373,1315,1371
857,829,1158,1609,210,614,959,1328,226,1522,133,488,782,1557,733,177,1374,919,834,561,267,113,883,1345
1527,183,143,623,63,1488,91,737,1173,745,292,584,12,543,1369,982,670,316,230,1022,188,874,1140,55
1087,497,164,570,492,718,383,1047,1593,1089,490,804,400,340,719,1031,645,847,618,1503,401,1370,353,801
761,843,417,974,764,585,1508,248,397,467,1000,137,1271,200,766,1071,723,598,1414,696,869,1329,749,1224
1578,1221,1002,604,963,1243,755,1580,575,659,1044,977,1194,1411,299,1422,307,553,131,935,661,731,5,1095
713,1021,1356,1341,567,785,591,1520,1111,601,389,624,778,372,1171,75,258,1358,1605,1009,508,1618,1232,1427
1526,466,662,955,848,415,530,84,83,134,441,660,1440,1295,1132,1629,827,203,1405,395,1606,1351,64,1565
1544,895,1592,1357,125,494,960,61,1319,368,1581,1535,447,1238,1032,1192,1093,119,1533,996,1622,794,373,1293
483,476,972,283,39,1147,790,169,512,846,437,1524,175,728,769,1635,403,1250,485,578,708,1621,35,702
901,1123,1555,1016,358,339,86,1307,752,495,821,1184,325,692,1086,654,265,666,1287,139,405,627,1104,1079
53,509,1124,94,873,1092,1197,995,171,1620,392,861,46,1415,1416,1420,410,6,240,573,501,1333,388,1392
172,1262,912,795,1326,1155,261,620,1545,1159,932,1472,976,67,1075,793,439,1400,1209,1633,1096,579,1343,1017
947,104,255,559,1496,194,760,1572,1636,987,343,1148,1256,498,327,100,429,1532,1251,922,633,328,820,1426
580,1113,1587,988,754,642,29,304,893,1628,142,371,308,1631,1530,1382,994,858,1347,13,1149,223,809,24
519,812,38,590,1408,878,997,635,1403,628,683,378,1303,1172,1349,876,1048,1448,1407,390,798,871,1331,1395
738,339,1192,1371,901,1587,55,1096,1415,371,519,624,492,1002,999,989,1392,1448,706,508,618,947,1292,1521
1530,431,133,1593,764,696,401,541,1086,1520,187,1625,1332,199,1184,870,10,579,883,137,959,1535,834,46
94,267,869,567,977,1508,606,623,134,325,1545,143,1299,1098,1512,162,605,1119,879,600,1385,1496,708,340
1407,940,1197,35,166,427,441,1284,413,315,1355,796,188,1088,1408,400,1092,1085,1611,358,1061,1312,1301,601
682,578,801,1243,1049,1522,1423,1272,637,248,1635,628,1044,734,1493,569,83,447,559,846,164,1426,1155,1422
1140,1117,546,299,61,692,760,1555,200,1562,223,308,86,64,127,839,488,1123,125,1524,1170,620,749,1019
255,1022,1629,1051,466,876,733,766,1089,485,1608,878,29,1183,512,1032,253,1016,435,157,1275,1374,1258,1000
980,327,660,1532,12,1031,1621,976,666,1343,670,230,1501,963,1147,383,1271,1580,893,988,292,635,1194,576
1256,1060,353,1345,408,194,295,662,1414,1035,235,496,1388,1618,1112,177,874,53,697,755,304,553,265,1461
483,543,405,476,987,5,1488,1351,812,6,570,497,131,1347,1209,429,754,183,1037,1139,142,793,622,1293
1144,873,953,119,955,1027,1511,937,1592,501,1011,1451,852,1200,1472,338,1341,68,929,719,861,316,499,1219
495,769,442,610,66,172,211,1373,1057,446,1333,1416,403,584,343,1148,1411,1609,437,908,691,1087,1478,1384
389,109,1048,67,912,1080,1224,935,771,715,13,627,1076,139,1199,467,982,1400,1578,1108,833,919,388,804
592,645,683,602,1013,1070,658,439,390,346,900,82,752,1636,490,1173,1369,88,1075,1620,776,565,1149,1176
1238,849,1626,821,240,642,591,723,1113,1370,1527,1079,1251,226,323,1368,1505,348,972,1124,1036,39,1143,1065
872,171,249,1152,1536,258,724,1326,994,684,1331,840,1227,216,410,1203,278,530,794,996,895,1111,1349,1307
871,210,1356,1631,1303,659,1287,108,1503,699,561,598,1095,198,675,590,809,731,745,24,1526,707,145,1533
575,328,1215,746,378,995,169,484,1221,336,1202,726,932,386,1260,498,100,1009,1250,179,392,1024,520,38
1420,91,654,1246,341,593,848,75,763,614,136,661,1328,509,1132,1329,1405,1633,1456,1606,1622,641,1317,1295
866,827,360,1104,761,1605,254,795,1382,1440,397,1158,814,960,1403,168,1232,732,373,203,858,888,1395,1581
425,372,633,395,800,1460,702,1242,1486,728,1358,1261,33,1319,1572,313,1557,1015,494,714,417,1245,1280,737
1066,1357,1544,1172,829,790,1468,280,974,1438,1159,1262,1171,1017,639,847,175,713,843,1071,573,307,885,63
261,113,857,1515,922,159,997,104,585,604,916,778,820,1327,599,1565,1427,782,718,1519,798,1294,667,580
407,1628,84,283,415,368,1125,1229,1047,792,1006,785,1315,384,1021,184,1546,1282,807,1436,1330,689,1093,783
1532,1260,754,1351,1184,1158,972,1508,1035,483,1079,738,100,1592,1152,804,1349,1448,916,1047,1229,1468,490,1565
1403,847,715,378,590,1009,659,999,702,604,495,24,820,610,249,1618,1307,706,1356,1341,947,199,388,1524
1221,576,439,696,1098,940,618,752,793,624,599,893,1562,1527,974,1066,639,1088,1049,325,606,1017,446,1112
253,137,1461,1245,1140,1631,119,1065,839,408,994,1407,592,1093,343,543,1147,328,1330,1384,895,83,1057,360
982,763,169,888,1388,35,1328,340,955,766,127,1371,1423,769,783,591,1629,187,1329,476,1620,134,987,1155
255,86,1060,1176,565,339,315,1451,145,848,1368,390,1170,172,1215,1478,573,807,1271,348,211,1287,1511,248
131,240,415,1530,866,809,1626,323,719,316,633,569,1299,400,728,900,194,675,731,570,162,499,814,1224
1415,598,628,733,512,530,258,1199,136,1438,164,937,1411,605,413,371,108,1002,142,870,401,1037,726,1505
200,12,1086,425,642,1414,593,1294,1369,1533,13,327,417,442,840,988,485,1385,737,960,1019,1261,745,932
1512,666,184,622,33,299,872,1405,878,308,645,912,1545,395,1535,1076,1293,1080,658,1578,1544,509,997,216
1132,1172,1395,584,713,484,168,1044,61,179,699,1635,1315,1374,498,1493,874,1355,1392,827,692,392,496,1587
313,353,175,1503,336,755,91,1555,852,389,203,1347,1246,223,280,689,1303,707,883,976,1520,1628,384,488
662,800,1345,1609,879,833,427,133,143,431,1085,1194,821,66,1200,1358,1000,1197,1036,929,1032,869,1496,1024
265,94,55,210,798,1373,953,691,683,567,1501,1117,1331,29,188,1546,39,1051,546,230,1251,1016,1284,1526
508,1319,600,235,1139,785,1171,1011,829,1621,6,1070,166,1013,792,429,1280,749,553,764,403,635,159,602
623,1436,1256,790,75,1092,358,1192,697,109,171,661,1301,157,183,843,812,1440,723,1581,908,861,541,708
846,1416,64,410,177,1048,1272,1250,346,1522,1611,858,682,383,501,397,1071,10,1125,467,1183,407,63,885
794,1282,637,724,1227,580,338,441,1027,1124,919,1420,1427,641,977,494,53,561,670,1488,959,1104,1144,654
1456,520,1219,980,278,492,497,796,1608,995,139,1312,1111,1096,254,1242,1636,1203,1148,1622,922,1113,1426,386
519,575,373,46,601,1202,761,1123,1159,776,1075,620,1089,660,876,1625,1262,283,627,1317,834,1149,1006,1061
295,1087,1326,1593,718,795,68,760,684,801,267,437,1580,341,1400,989,963,1232,5,849,1536,1357,1243,1460
84,1173,771,1275,1606,1095,261,732,1332,614,559,67,1238,1031,1021,667,405,1209,1015,1258,1292,113,996,734
1333,226,447,873,125,1422,1519,746,104,1108,1022,578,1295,585,1515,1605,1521,1327,1343,292,1408,372,714,1557
1370,1572,304,1119,307,901,1633,778,368,435,579,782,1382,1143,935,88,871,466,198,1486,857,38,1472,82
1631,1609,499,1066,737,466,1384,1229,88,592,1592,1176,64,91,1271,24,82,1172,307,1197,1199,1065,578,872
1307,497,1280,1515,427,5,794,490,258,689,561,1488,483,1152,670,86,610,1139,223,1031,1357,410,6,847
485,1626,467,792,732,1215,801,857,1251,988,723,1329,839,211,1256,579,340,168,1527,136,666,509,1411,1382
820,591,1092,940,827,718,226,139,1557,876,900,75,1341,714,947,1293,1349,901,637,1606,439,108,1328,323
61,1351,1370,997,203,833,660,724,1144,1079,996,667,1562,1456,793,763,960,145,283,194,745,692,172,682
1416,125,976,67,1123,397,1032,1019,866,593,919,12,395,248,1530,1027,1238,1096,1326,378,861,675,764,476
708,1405,840,187,684,987,1451,408,852,53,1368,425,1468,1312,1200,1194,1501,639,604,1636,39,348,1093,415
580,893,512,1260,429,1440,199,1098,1088,1272,1171,691,29,628,635,1460,198,441,235,1002,754,1331,1622,1192
1112,1478,1520,1158,1016,605,1400,707,1395,183,1011,1374,760,200,265,982,728,916,35,778,1022,508,1536,435
1317,585,530,142,1628,407,131,384,360,1625,738,494,1315,783,1526,994,386,999,1472,254,325,304,253,812
134,807,1580,1284,662,1415,766,601,1299,829,216,659,1303,1407,1408,316,484,699,995,1486,519,127,373,870
159,599,1049,488,1111,1512,546,980,1060,1183,1544,1532,849,1608,658,341,972,1282,734,84,912,1388,255,498
1629,109,1292,1535,1436,313,1000,389,230,295,1294,327,1132,55,164,642,843,405,1159,1565,392,1261,315,46
368,501,13,1519,338,713,1593,1202,353,169,541,492,1423,873,104,602,403,495,804,400,1287,1219,567,1343
413,798,575,1170,1572,133,1147,953,702,358,94,267,390,308,1333,1024,1505,1295,1275,769,446,1124,346,1427
570,569,1371,576,388,1392,66,328,696,1250,1618,1119,1422,706,989,1184,1546,590,336,624,278,372,1086,1108
1242,1524,437,38,627,175,733,719,188,1330,249,963,1224,935,33,620,292,565,1611,1075,447,1511,1089,1104
83,715,1227,977,726,543,1426,496,1148,1403,1262,1373,177,113,1345,633,184,1246,848,858,520,417,683,955
885,63,1149,749,261,623,883,1621,782,1070,1358,1017,162,553,697,339,959,937,1414,871,606,1006,1461,776
1635,1369,1605,1009,584,1356,1503,1221,1076,790,874,645,210,809,1301,1327,614,1578,1173,932,559,171,431,1496
1555,654,1587,299,1203,1522,179,1209,661,1258,600,771,1044,1245,240,1385,1035,878,1155,1013,1061,1036,598,1015
752,1080,731,785,795,869,1117,796,100,922,383,1143,137,1243,1232,755,641,1633,1125,618,974,929,157,895
800,1319,371,280,1113,1581,1085,1448,442,343,908,888,761,879,1620,143,1087,1057,1493,846,1037,1140,622,1545
1051,1508,746,401,1047,573,814,1071,1021,1438,1095,1347,10,1355,166,1533,119,68,821,1521,1420,1048,834,1332
622,390,442,769,1328,840,734,731,1194,171,715,645,1382,879,697,661,599,63,265,1327,849,1530,410,1044
670,1347,559,199,1451,133,1301,496,699,1593,1112,755,624,61,1095,1272,446,1587,761,1049,1271,255,658,999
417,24,53,872,1343,1104,389,546,980,1407,1555,579,829,852,1438,798,812,1200,223,308,959,1524,807,785
598,1246,38,1088,139,752,1319,1292,1075,1371,857,495,1197,1357,1416,869,278,46,888,592,108,131,86,1408
977,1625,1089,1330,88,929,1170,407,125,1065,605,1472,1369,567,341,1448,109,1287,745,325,1087,1017,996,91
573,718,1503,83,1202,230,1158,1293,1093,947,143,1295,804,169,871,1345,401,1000,1159,1392,1508,1606,1414,763
660,408,801,713,134,691,512,1403,1557,1527,800,876,1505,13,1070,168,113,602,66,166,1423,427,1203,601
1013,1331,820,561,203,519,159,1368,211,33,68,883,795,476,1512,1037,431,119,1532,84,760,960,591,425
183,642,307,413,1631,982,1605,1535,627,723,226,1405,1284,1092,724,10,1016,1521,1119,392,1544,997,683,1411
1578,338,633,541,388,1024,963,1061,1282,1132,901,1251,706,1317,719,1358,955,1468,1373,1209,1385,654,1031,175
878,1079,1629,738,371,1395,623,1280,1019,707,1147,494,1522,55,575,1355,261,492,1415,283,916,1519,1238,1440
415,1006,809,437,1536,1022,833,974,1250,1636,1611,610,1080,509,299,1533,696,858,569,497,1581,1057,373,1580
606,295,1546,1219,384,172,1526,39,1496,177,1060,1242,405,667,315,1215,635,895,1258,776,1232,346,1035,1436
1562,794,1620,1633,1125,1149,1227,313,1155,846,508,580,1486,127,659,874,339,323,200,1140,358,708,1176,1261
553,1245,520,1183,499,488,1152,258,280,1426,64,328,1047,814,641,1224,1113,972,793,1460,839,340,1511,1229
1111,590,248,484,292,104,137,1117,737,1051,1493,1009,397,1315,584,316,821,570,35,782,12,628,1221,435
675,1621,304,728,187,336,1096,395,1635,485,1351,1036,439,142,1071,932,1374,254,766,145,732,746,994,253
988,383,1066,618,184,1478,940,1173,498,327,1262,1108,5,870,164,67,1123,764,162,1341,6,726,662,157
987,1461,483,861,1520,576,216,885,796,1326,637,937,1184,1098,995,893,348,94,136,578,1199,403,267,1027
1565,1015,441,600,1139,873,976,1085,953,1422,1299,866,530,714,400,29,1622,372,1388,754,1048,827,1349,188
1427,1572,1303,604,198,1243,1488,847,179,1312,1545,1143,368,1011,353,1608,100,1148,1172,386,1307,1256,912,249
1171,585,702,922,593,848,935,1356,1618,620,749,689,908,194,989,771,1032,543,790,1144,565,1333,834,1501
1420,1124,919,466,82,1515,1400,1370,240,900,1294,1076,692,378,360,75,1456,666,1626,778,467,1192,235,1609
210,1628,501,733,1384,614,1329,1002,343,639,682,1592,684,429,792,843,447,1021,783,1332,1275,1260,490,1086
360,1176,490,75,752,1392,1508,1123,812,1112,1515,792,1478,1299,1224,1209,833,1385,1035,68,435,1203,1319,255
1356,1631,1051,871,883,834,1096,488,738,1411,839,578,1332,947,1592,570,1456,1351,858,240,1070,1544,982,338
585,579,980,1622,339,1019,963,699,1628,53,602,1158,1066,1416,447,543,1243,1024,1184,959,400,133,1280,177
1227,1119,1629,55,508,1635,108,100,1355,84,878,358,390,922,340,714,1345,1526,1331,46,1524,1625,328,988
1197,188,1451,372,198,1315,183,1192,801,977,512,1044,226,908,1221,599,194,187,1183,724,258,785,495,1580
1125,441,1369,484,61,684,1519,164,1371,1011,83,728,1427,1326,584,24,1140,254,405,1317,575,38,795,1076
1061,1530,1562,746,1307,1536,466,343,610,249,996,771,683,519,1250,749,1535,1242,1368,497,1382,715,1349,565
66,415,1461,733,1414,1620,1148,541,561,1037,847,1262,857,388,1448,307,766,175,843,696,253,368,601,559
848,879,1013,1219,1031,5,6,846,203,718,315,397,713,1621,1002,576,869,308,1021,605,1171,378,417,316
1593,1405,341,216,1085,840,499,1071,1200,139,726,708,606,737,800,821,1172,614,437,546,509,670,689,1312
323,814,403,131,1000,162,235,467,1173,1093,1017,248,1578,661,109,809,1330,1533,1468,1343,168,1460,494,1092
1057,1395,200,1294,987,642,353,1301,1089,442,427,639,127,760,666,569,1087,184,618,492,852,348,1295,1159
1047,1032,591,804,745,1232,1327,1521,769,732,82,1272,1555,1027,1098,520,498,86,999,691,827,1016,1545,874
1527,134,179,1036,1113,1501,974,1015,230,157,1049,413,719,1587,866,849,159,439,861,483,888,1370,1374,658
1605,1104,410,794,1117,1606,223,1229,392,1260,104,278,91,292,1144,476,675,1333,1546,446,383,873,1275,1088
1048,1261,1147,29,64,299,876,1522,425,829,1486,796,580,35,10,1636,1108,912,530,143,793,429,1503,1618
169,1415,627,1152,932,916,1488,764,1215,1155,763,1124,336,1373,408,1132,1357,389,1565,1341,1440,1080,1293,1143
67,1426,872,1633,1408,1006,1149,325,1199,1245,1512,1202,1407,995,1420,807,900,1581,1422,1303,870,929,624,1271
1520,283,401,590,682,707,1438,1009,960,1095,199,113,384,496,997,635,604,136,1086,598,1347,327,12,1284
592,1282,142,955,1532,972,567,295,1329,893,1557,989,1287,976,919,125,1111,386,645,782,171,702,1246,953
395,798,1511,1505,1258,901,1170,407,1292,761,895,1251,88,166,13,33,637,1626,778,1139,754,641,633,659
1075,313,622,935,1436,1022,620,1194,1496,1608,628,573,706,697,1423,1609,1358,783,346,304,1079,501,790,994
1400,667,600,755,660,885,94,731,734,267,1611,39,371,1328,211,662,1493,654,623,593,172,261,553,820
692,1065,1060,723,1403,776,485,1256,145,280,119,1572,937,1472,1384,63,1238,137,1388,940,431,373,210,265
1036,1605,1358,960,1272,888,697,599,1047,708,1032,253,88,313,623,1158,223,1592,852,61,839,738,1037,139
498,226,1557,1125,794,1061,1405,39,578,131,1197,143,974,1243,1493,1113,1199,1385,1371,809,1545,1035,1209,661
1565,569,1622,919,610,315,1329,1192,415,843,1031,280,1275,1408,1486,654,980,1407,879,1227,485,1496,1123,1562
977,543,1478,1079,840,953,179,437,496,390,343,1488,1011,104,199,1021,726,1328,442,769,1635,397,922,760
1303,142,435,1355,1420,1075,1608,999,403,166,1139,383,1065,386,53,790,408,579,1080,1119,417,520,707,1349
1200,1048,692,1246,1503,1117,184,618,400,885,63,633,1392,734,871,1456,35,754,1384,561,384,1194,292,576
1284,660,1232,1060,916,1006,162,1088,1172,1271,1403,164,834,812,1009,1159,401,1215,1144,258,1093,530,1629,642
255,866,94,771,476,987,187,38,1626,1451,1628,912,265,793,1468,745,495,13,821,1326,605,413,157,849
10,1343,1112,325,86,1368,494,1315,1448,565,602,1024,1086,490,1535,570,895,620,429,200,1415,940,580,137
1016,814,1426,82,689,1143,732,614,358,755,667,447,29,658,1183,1224,1219,1294,1013,1521,718,874,982,24
1572,1260,782,175,1532,1356,1327,210,1333,254,1295,307,1369,723,1544,798,1251,1351,995,575,1176,585,1416,1203
764,240,1111,1581,168,304,68,497,1312,893,637,1527,1258,203,108,109,713,1436,392,846,593,848,731,719
378,308,492,1515,1341,662,937,606,348,360,1132,55,1301,119,783,761,963,1546,353,994,113,714,901,1171
883,1512,947,627,1593,488,1000,869,1609,1611,267,1422,706,1440,1373,776,441,1438,431,659,1096,1625,346,833
955,327,682,1044,604,752,159,666,145,278,959,33,702,1002,804,261,872,340,341,425,715,12,83,483
861,1019,1280,628,368,1092,172,1530,1374,1250,766,989,230,1501,598,1287,1460,691,785,778,171,216,1618,248
573,439,827,64,427,976,1066,996,641,467,1152,639,728,1108,796,1140,1400,1519,136,1357,900,67,792,591
559,512,405,6,1423,1173,519,858,235,323,66,1147,1085,541,134,684,194,295,316,601,997,100,1319,1631
188,1414,696,592,683,699,395,795,1184,553,198,508,1070,1202,133,1015,749,746,645,1522,1332,1533,177,1536
1293,724,929,800,1587,908,878,801,509,1124,1049,807,1621,1524,1472,127,249,1461,169,338,1307,1095,1170,1242
1292,1555,733,1089,1526,407,988,1317,1636,1606,1620,847,1370,1245,1347,299,499,1076,1299,1017,1155,1071,737,446
763,389,1022,84,1261,1633,328,1051,1382,1331,1580,1395,820,410,1345,1098,1027,675,1330,371,339,1148,622,670
932,1149,283,75,873,1508,829,546,1411,373,876,1087,336,46,91,183,1511,635,870,484,584,1578,1057,600
857,1505,1104,1282,5,567,590,501,1238,1229,624,972,388,125,1427,1221,372,1388,1256,211,466,935,1520,1262
1024,1243,1341,1192,91,1631,75,627,766,834,1200,692,136,1199,1333,1009,852,771,1152,46,684,164,108,776
847,265,467,1331,662,1194,1172,893,976,1403,397,495,1016,1593,187,249,1155,1347,1147,1098,1578,325,372,216
5,937,1636,800,1522,1332,792,1545,635,658,53,553,738,1384,1096,240,1327,760,999,641,1503,870,1440,346
732,1144,724,162,1388,561,900,492,1261,1486,198,569,100,1501,67,1520,1202,1209,796,255,953,812,1524,708
258,1123,109,113,1565,304,157,809,24,400,199,592,1173,764,606,1037,857,316,1535,427,68,1044,509,916
12,1011,1280,519,578,1170,585,341,494,371,1468,1532,1382,1176,1287,660,1448,1171,508,874,719,384,935,1183
1427,1626,1022,1460,996,666,746,1112,598,567,254,429,1608,389,483,1139,754,498,707,1251,278,1562,749,1095
61,512,600,590,1295,761,888,127,373,940,230,1070,292,1272,1006,1258,119,833,1415,989,1246,988,718,1592
490,1351,723,145,200,485,570,820,1555,580,1275,134,13,442,520,879,675,769,1357,974,963,1113,858,1048
1013,299,713,697,1315,446,624,782,731,184,1436,593,1527,328,194,801,1618,1108,734,340,1293,959,466,699
1371,922,1057,1530,763,601,1488,1061,661,1587,223,82,1124,866,188,1085,829,1629,1159,1496,579,308,1546,982
1242,1047,543,602,431,388,1149,94,1519,133,143,417,339,1224,614,435,628,1260,706,410,1229,1299,804,843
659,1089,66,861,1461,1075,38,415,1526,1066,172,793,1511,1605,972,1087,125,702,1326,1184,667,1625,691,392
610,179,1451,408,654,142,1036,1284,840,338,682,383,1580,947,104,203,1032,1079,1536,546,849,137,63,1027
696,425,1060,1369,177,253,327,1021,1635,1317,1609,1358,1319,86,353,1238,827,715,1329,871,1478,1119,1093,1423
386,839,484,171,1426,637,1368,994,726,1303,1422,401,55,1104,783,175,1221,1633,752,1493,437,1407,1408,6
1343,1472,1035,798,575,846,728,929,1416,1262,591,997,1370,1456,755,869,565,39,159,390,1307,1557,413,618
267,1521,1395,980,620,1628,1581,343,1621,1620,559,737,745,1158,541,1256,280,605,169,1143,1092,821,183,785
622,1017,733,35,778,211,323,872,1197,368,1227,895,261,1080,307,283,1355,1373,403,1414,876,670,313,131
1065,919,987,166,790,1505,1301,1031,439,977,599,1049,584,1000,1232,1086,358,168,1400,1250,336,1071,395,1312
1356,901,955,995,248,1508,912,1405,573,348,378,1544,1572,1330,1140,883,1148,645,1533,315,235,932,1349,1374
1245,1132,295,1292,29,1125,1002,639,1345,885,1019,960,33,530,88,623,64,576,1515,1606,497,226,1420,795
360,407,1111,83,1203,633,1271,848,1385,1294,1512,1219,139,1051,1328,814,210,501,1117,878,405,689,1015,683
84,807,441,873,496,10,499,1392,476,1076,714,1438,642,1215,1411,488,794,1088,908,1622,1282,1611,604,447
295,1183,1044,801,1544,929,755,388,1027,1511,559,1293,843,1295,1519,397,1104,339,771,879,226,769,1358,1609
1384,119,254,446,1132,415,635,1565,13,1468,358,1000,684,912,403,168,1422,1139,1357,1420,1172,1125,143,848
1427,371,1456,599,1140,708,1275,255,1620,1633,1049,901,794,1461,1405,839,1562,389,814,614,580,585,316,974
796,476,1011,579,139,1294,1076,871,1530,490,24,346,1440,35,1148,1512,728,883,1117,1013,820,1260,1535,900
1532,408,659,125,530,46,1505,395,600,641,919,1061,783,732,776,512,1515,1312,292,766,1618,1176,1526,764
410,1199,1493,675,1261,622,565,431,400,378,1555,137,667,198,249,29,660,1503,483,261,999,1436,1258,1315
401,1331,778,932,724,1144,1087,746,164,1215,995,584,691,501,1385,265,1051,1414,829,637,405,699,1060,1035
1355,869,1256,1611,63,1203,570,569,94,878,1123,689,1606,83,1113,188,267,6,872,1006,5,888,64,343
642,590,1581,658,1400,963,1024,1328,1608,417,1369,466,604,782,573,1031,1095,1238,1262,211,1527,683,216,916
576,104,847,1048,55,1343,980,1545,793,639,654,494,1111,846,661,1143,1080,1209,1171,1522,278,1219,499,809
210,798,61,960,1021,1501,633,109,575,248,893,1332,328,1345,1016,12,1070,1170,737,1065,162,804,610,133
1093,325,702,602,947,908,1284,223,145,807,1108,1159,485,1403,546,1227,1271,1272,427,1593,713,308,840,1451
763,1002,1546,509,1251,606,885,940,169,441,66,706,439,235,1155,1245,1621,1592,1374,179,1224,1158,280,812
697,821,1349,1009,618,645,785,1330,33,800,1407,541,749,1521,1327,861,895,1448,519,1243,592,39,578,1472
1628,1057,1524,987,1371,670,1625,1089,666,447,1085,734,1246,715,1017,442,827,304,601,1373,1119,413,1092,1587
496,392,1536,1580,1019,1280,199,53,1326,1411,429,1079,368,315,68,795,84,1173,593,348,1478,1037,1197,386
754,100,1392,200,1032,1292,113,1299,834,627,761,833,662,922,1496,997,159,390,977,1047,1368,177,1036,127
790,628,142,598,1096,1333,733,313,467,1307,972,175,171,988,299,86,567,852,976,1301,692,955,792,307
1242,1329,745,1232,935,1388,372,1229,91,373,874,323,1015,723,383,82,605,718,1508,1152,1282,1416,858,682
1347,989,157,353,553,1622,1578,1356,1194,498,508,1147,873,1557,488,134,203,194,187,623,1426,1520,620,384
497,1184,1486,520,38,1370,1192,88,624,1626,953,1319,1149,172,714,1075,937,1408,183,760,1124,1415,1351,437
1112,258,591,1382,876,340,982,731,1071,696,959,484,1438,849,1250,1423,283,996,1635,1629,425,1086,136,866
738,1303,726,1098,338,341,994,1287,495,1636,707,1022,561,1533,435,1631,1460,360,543,327,1572,857,10,184
1605,131,108,240,492,230,752,336,253,1221,1488,166,1066,870,67,75,1202,1317,1395,1341,719,1088,407,1200
1144,91,439,171,618,134,699,1096,635,870,401,1119,654,1587,733,325,403,1293,1037,1328,336,378,1420,383
1636,849,869,340,1184,1088,1047,637,567,1626,778,745,373,143,1024,1016,827,1493,785,1456,1405,821,1530,431
702,38,145,1221,798,575,598,719,1488,955,1071,752,1341,1170,407,1522,125,1423,133,1536,1152,1461,341,606
139,801,1147,1407,847,175,1060,883,327,977,1159,83,1524,1080,888,1545,10,1260,315,599,937,216,1343,591
441,624,1022,400,1395,1272,388,389,714,415,39,1351,1580,1436,230,639,64,1149,339,715,602,1171,578,499
1092,1508,13,408,1295,1416,1501,395,530,1373,211,508,873,585,1606,1011,1371,761,989,240,570,1017,1280,1503
935,360,1384,261,447,1036,33,1519,976,265,1202,1250,1227,675,763,63,67,569,1468,1242,292,633,1057,1176
622,127,546,829,1192,1303,1411,614,405,280,1075,1224,1238,1009,1243,974,1622,641,203,255,496,866,368,1095
1403,1592,658,1608,959,707,1301,1332,1000,580,392,885,390,483,1546,188,248,187,358,857,346,1251,53,384
113,879,846,559,807,172,1158,323,1108,199,425,386,1123,1326,485,932,1400,1472,697,1015,1232,731,1333,834
718,177,75,267,814,437,809,1527,792,995,1486,662,226,94,198,749,46,584,543,771,184,35,1317,1408
84,1315,313,249,940,982,1331,804,1089,427,1203,1031,410,466,728,1312,179,573,1048,682,1292,338,800,908
601,1085,484,996,667,661,159,495,1611,764,1356,980,610,1199,660,893,627,987,1358,769,833,1098,497,766
1629,839,131,100,1633,1438,988,1618,1076,960,520,417,628,1044,488,1427,1049,253,68,1512,283,1194,1282,1027
820,1173,929,1256,1327,795,476,372,724,490,1112,1521,1086,1357,164,429,1620,235,109,684,254,1555,1006,565
1143,713,501,1605,1294,600,1621,1117,6,5,1526,1287,1032,592,494,708,1511,1505,1368,1533,1111,746,872,66
1215,1258,1113,997,871,1219,519,169,706,223,308,1415,1370,1172,1140,162,1307,1197,963,1496,200,1544,1562,659
1382,157,840,696,919,1132,947,1369,1578,734,843,316,348,1374,782,691,1087,812,541,645,1155,1209,512,576
1392,1070,12,88,852,1035,1125,137,1532,972,1625,166,1104,304,1065,119,732,922,1002,136,605,1262,328,1330
1478,1448,1385,1422,692,1299,1139,754,878,689,1557,895,1271,723,783,755,1066,579,1051,307,1572,295,1515,1079
1355,737,413,796,1565,299,1388,793,371,29,642,874,1229,1460,1631,1520,858,738,278,620,726,61,1019,790
104,1261,876,1414,683,1275,142,24,446,1319,794,901,1609,1581,397,593,861,1021,82,194,590,848,1440,900
353,666,1329,760,776,1347,442,1013,1246,258,1093,670,1245,168,553,210,183,561,604,623,435,1061,1535,492
1628,1345,1200,1593,1451,1183,343,1426,1635,994,509,916,1148,55,953,467,86,1349,912,498,999,108,1284,1124
872,1460,541,194,749,1258,66,392,338,960,1478,1238,1280,1071,602,592,1016,559,137,179,1176,360,13,1294
188,1440,410,1104,1117,1022,959,1032,929,1527,565,593,413,307,798,1331,1388,604,857,1545,499,1229,292,1592
994,1329,175,343,1093,1303,1373,1036,253,1147,1271,1562,1448,972,353,400,1087,1608,403,598,876,1197,922,104
843,599,509,492,878,847,131,834,707,1621,1456,1486,1408,142,88,794,308,199,1631,1356,1488,980,1407,168
1520,172,935,1183,858,1024,692,100,1414,963,1049,425,1262,210,699,184,1085,820,1511,1275,1260,670,713,254
639,82,585,442,1013,546,697,1242,937,280,584,997,1044,999,801,764,485,157,177,223,1557,1000,778,304
1420,484,248,1251,1330,1369,427,1611,240,1021,715,576,1415,1423,893,530,327,446,267,94,1532,134,932,624
53,1319,1184,1496,84,10,283,660,796,1535,714,1526,1173,1139,1245,900,861,1219,1017,792,600,1111,1261,1622
64,662,1609,136,955,1505,108,996,415,1272,408,339,1524,437,761,1125,1620,627,109,183,1382,782,785,807
1057,691,1301,871,1250,769,1199,127,732,494,726,1593,1292,1403,783,795,91,1158,733,561,610,1374,873,1092
573,417,435,590,512,1065,912,1629,1203,1605,1076,341,1293,1343,38,1243,1171,1565,1580,33,645,295,1368,840
1349,133,346,1149,553,1422,1035,1124,340,397,1326,622,1327,1170,1159,1392,754,171,1123,519,814,1587,591,1224
488,919,119,67,336,1436,1472,483,869,388,866,1048,35,383,642,1221,852,575,378,724,1144,1635,988,606
216,661,883,145,1086,496,1400,1384,675,68,1037,371,1194,520,667,1209,162,846,731,1200,1317,1544,1405,265
1287,1501,734,723,395,328,230,169,348,39,1227,580,708,373,1357,86,495,974,75,1341,718,1140,790,827
490,1581,476,1079,1351,187,1246,261,1461,498,1015,771,1521,895,737,299,578,821,1002,1333,211,1256,614,1060
683,682,1312,833,1328,1451,431,83,1512,1508,1011,977,766,439,696,755,1232,605,1119,567,166,429,1307,1395
1088,908,543,1143,1626,164,1572,752,323,689,1503,24,728,1358,1061,447,666,1426,258,620,738,989,1108,793
812,1112,389,1493,829,1371,1075,325,1515,1152,5,358,55,1132,901,628,1438,1636,804,1385,1546,1530,1155,1080
1006,6,1536,1618,659,874,1468,870,1347,200,1019,1096,809,401,1519,255,1284,1027,235,654,278,1533,849,601
888,1113,916,386,1355,947,1295,570,467,637,1215,508,641,618,1427,368,1370,1578,719,1332,1522,976,46,143
1345,441,763,198,1315,1066,1416,1047,316,203,953,879,113,407,1633,1098,125,885,313,249,226,745,623,776
848,315,760,1628,1299,702,1089,1202,1031,839,995,497,61,1555,579,501,706,633,569,800,139,29,1095,1606
159,390,384,405,1192,746,1051,63,12,1070,940,1009,658,635,982,1625,1148,466,684,987,1411,372,1172,1282
1515,1593,1221,88,253,512,408,769,847,248,908,1451,339,389,1351,254,1031,64,1349,932,559,702,1246,1626
785,987,109,1522,738,1461,1149,198,793,1505,1139,1329,304,1581,1086,1243,1448,1423,171,834,1096,1022,610,86
1315,1002,187,194,699,839,164,142,1015,601,661,1328,100,1245,746,497,1416,874,1061,1635,108,476,1295,12
977,68,446,169,336,131,82,353,1636,1024,1071,410,708,719,745,895,188,1605,1526,267,794,670,960,1280
1087,637,1215,1403,230,1019,1629,1202,360,1508,55,1620,1392,1287,1333,162,901,579,1066,622,1251,959,809,576
343,1224,210,1347,1197,1299,728,439,415,1565,660,604,796,1000,283,509,508,1079,1374,734,1261,373,1524,145
760,782,585,567,590,313,1609,801,1358,878,592,483,872,569,840,1017,916,1468,1407,442,827,812,488,1530
338,1511,1108,226,1555,541,1238,1111,947,870,386,1373,255,1112,662,1260,29,315,397,166,137,1343,235,1147
1345,645,184,390,1044,1124,565,1104,1370,496,1512,400,696,1250,407,1117,1327,295,912,724,1183,1436,1140,24
792,413,1536,885,989,1076,157,593,639,1611,1013,972,858,614,1356,1460,392,1440,900,1422,1618,935,1519,240
778,1060,417,1578,1312,995,599,1049,159,754,682,852,388,383,1080,66,466,368,139,1200,820,495,800,292
1152,814,929,280,1113,1520,893,873,1557,1420,1070,401,1606,1194,1355,795,641,888,372,869,1408,341,974,1227
346,494,83,871,1395,1572,689,1307,1092,127,84,119,1533,1258,1587,1493,829,384,737,1089,1357,1199,692,1021
1159,749,46,713,1009,1544,848,866,1085,1229,91,1521,1016,633,584,707,177,843,1438,1580,764,501,143,1368
405,490,1292,1203,316,1148,1057,1384,771,1143,134,1093,715,1271,683,642,1232,1173,1051,697,308,846,580,136
299,1170,6,849,125,1037,605,561,790,1032,485,328,378,1496,1047,1088,1176,1262,1171,691,624,348,1272,1006
1065,627,327,199,1184,546,340,667,1330,996,723,575,578,976,435,761,67,602,53,1035,591,1488,988,1592
249,654,441,997,857,371,1209,731,1371,5,937,499,1075,658,1478,732,666,919,33,1562,307,733,530,922
1172,211,1155,520,1545,200,804,1341,821,833,776,94,431,325,1301,714,1472,1331,1123,1503,427,1405,323,179
1282,258,876,1382,1532,1426,437,1158,172,766,1427,1385,1192,618,1501,1456,1415,1125,1011,600,1256,175,1098,1284
1631,278,798,1294,623,39,718,1400,467,940,1527,1414,1486,1332,261,1625,168,999,1317,543,1119,553,598,1144
879,61,1293,675,763,953,1048,752,963,1319,1608,955,1535,684,1411,620,1621,783,13,1628,573,403,994,104
1633,10,447,38,1027,635,1095,1303,659,755,1132,1388,628,484,1546,498,203,265,1622,807,883,113,35,63
706,133,1369,1326,1275,1242,606,519,492,395,429,861,223,570,726,183,216,425,75,358,982,980,1219,1036
1405,292,576,1572,1333,343,821,235,642,1293,1015,795,353,1373,172,1000,175,1422,1496,733,1031,692,761,876
1093,746,843,1626,667,82,1371,1075,800,1557,553,1172,598,496,682,982,994,1057,1515,764,728,1581,258,405
1605,1282,164,499,249,210,1017,846,94,512,1526,546,1388,75,1080,1158,283,1287,1349,340,413,143,763,980
794,1317,157,976,67,179,580,1096,937,935,371,900,1202,908,1415,1060,658,133,390,12,628,1275,659,447
1021,666,1098,10,1256,573,1183,216,792,495,1095,29,61,602,33,177,1215,575,316,1011,960,400,425,790
995,203,429,446,299,1292,932,519,1119,1221,88,1592,989,64,1329,483,1238,1246,715,610,604,592,769,442
662,53,166,530,86,509,100,1403,847,1032,1271,1423,870,719,1303,1125,441,1635,1400,1016,1628,66,833,119
1123,916,901,1622,849,738,1629,1356,200,731,267,389,388,1562,328,873,383,1330,963,1092,265,261,1258,494
1022,1436,1593,1192,490,1301,1143,397,600,1061,1229,91,134,929,497,661,1505,1242,660,194,620,1327,188,883
410,1184,358,280,1299,1357,1536,1019,1280,812,569,1347,1112,1037,125,726,885,1527,211,1006,1250,253,796,109
46,749,852,339,878,801,1521,1524,508,605,1066,714,35,199,637,1407,1199,1511,1200,162,1519,1224,5,1194
1328,1545,972,1468,169,565,1087,987,136,1251,1621,1315,1355,1170,1414,1035,108,622,226,1232,1331,127,1173,639
706,327,988,543,395,484,1155,1440,1532,1243,996,401,754,1608,137,1544,1139,579,1036,879,999,1385,466,1104
39,1295,872,798,752,1636,778,1488,1085,1147,145,1219,627,584,55,1326,1089,702,1503,1631,341,435,1535,591
1395,1512,1382,1369,1578,1341,848,1343,1351,912,827,159,13,1070,403,384,699,417,187,1461,1358,392,408,585
866,248,737,623,501,1261,1065,760,230,308,599,1587,793,633,1501,734,1149,1124,315,1427,1152,1009,893,974
83,24,223,732,689,1508,1606,953,1197,645,68,1411,1520,38,431,1530,1408,1284,840,498,1132,323,1319,278
1345,601,570,834,439,1245,1493,578,718,871,922,1332,1448,307,1027,783,338,624,492,684,782,336,559,1620
618,541,6,407,113,171,372,1611,427,1049,977,1312,520,1117,895,1260,606,240,820,1086,304,1420,1438,368
713,1079,755,1209,839,919,1633,1546,1368,1374,1171,641,1486,373,857,1159,745,1456,1533,1013,940,1625,1522,696
707,104,874,1071,1565,437,590,1478,255,829,254,1262,869,1148,697,635,168,1580,84,776,415,947,997,858
198,139,1609,184,63,488,360,1047,1472,313,476,1555,1307,1451,593,467,1002,1416,1272,1176,1426,346,1111,1384
807,378,785,1203,1294,1144,654,325,724,142,766,1618,1048,1227,1108,861,131,771,1088,691,804,1076,683,1024
675,809,386,1460,485,295,183,561,708,1370,959,1113,888,1044,670,614,814,955,348,1051,1392,1140,567,723
1036,610,1606,1312,579,833,919,1628,142,1545,1415,771,24,852,29,590,1303,707,689,1533,796,922,292,1092
1170,1520,639,1626,1521,982,561,169,1329,901,1245,1256,1227,580,494,1085,429,840,567,1343,388,336,731,1009
162,641,1192,327,166,745,1609,1104,1143,1440,876,1519,798,724,168,955,389,253,194,592,995,1438,714,383
1618,895,1468,1215,1522,1341,139,446,623,761,1140,723,88,390,137,821,1047,1251,749,323,1271,1426,766,940
1098,10,84,1148,1605,159,203,1209,1501,38,1037,754,1024,1536,125,912,1243,627,659,959,997,1508,1089,972
1200,1027,248,633,340,136,763,223,308,360,235,1592,980,1460,1016,226,1049,315,1356,1578,1203,483,1219,1512
372,1472,746,1544,1555,1061,1327,893,1015,929,177,874,869,1581,476,598,1456,1580,1503,1176,1086,1021,1060,378
1224,827,230,1295,255,658,1351,1057,299,53,339,1436,935,1317,871,467,341,719,261,866,410,484,682,1524
1044,1183,94,1395,1022,316,1006,732,584,1400,738,267,1184,1011,33,1144,829,760,1488,1382,415,600,1315,1124
1000,1293,1427,108,1065,1096,408,1451,488,737,1066,1292,1384,699,384,66,210,790,304,1625,1608,199,295,872
1159,861,543,1357,91,134,1282,1173,559,1478,172,614,1349,1565,254,278,1635,1112,441,1294,809,1562,849,1232
900,179,1420,1194,427,258,1345,1123,708,211,793,249,628,734,782,1333,733,1587,447,109,764,1087,1332,1557
1284,1319,495,792,1132,1328,883,61,75,996,1221,6,1405,1369,497,437,599,1622,328,431,325,485,807,1272
1493,794,839,501,405,1108,1242,401,670,1515,1511,1002,371,240,1071,1621,200,1572,635,119,1331,1051,645,989
728,13,216,1411,1307,604,1197,83,386,1035,1093,846,706,466,143,133,1171,814,713,988,752,171,1370,1158
800,1032,1611,654,1486,63,1172,5,1526,769,987,637,565,1530,82,1075,541,403,131,620,519,1448,1620,601
546,602,702,573,960,104,947,1461,1260,1238,715,1048,783,666,667,1527,593,1368,888,68,520,1275,932,1117
395,847,1636,576,908,1407,113,373,35,496,661,55,963,145,726,442,490,820,1330,570,569,1287,1392,86
578,265,916,1031,1358,39,1246,873,1095,1280,1326,1149,1347,870,184,692,618,67,976,1019,1080,492,348,1505
994,834,46,553,1385,776,64,1301,778,1371,1125,100,606,1546,283,848,755,858,157,343,1113,183,1355,417
1629,346,127,1373,1633,1532,1202,953,1079,622,439,696,1070,624,353,1229,1155,642,683,977,675,1535,585,1299
1017,280,1119,999,425,509,508,307,400,885,407,188,879,974,937,499,435,413,1631,804,605,575,1111,368
785,691,164,1152,198,1416,1088,498,358,801,1261,795,392,313,1147,857,397,1250,1423,1013,1408,1403,175,1388
1496,697,1199,591,187,1593,530,843,1258,684,662,718,1076,660,1139,1262,512,12,1414,878,812,338,1374,1422
895,261,467,849,12,697,520,1021,624,1271,407,1019,1592,1015,645,1395,1027,1609,38,627,188,496,10,847
327,578,348,325,495,1287,641,223,83,1414,1113,308,1312,1096,1562,1317,1520,988,1405,852,53,35,1080,1330
1580,1461,947,599,1581,512,843,1075,620,466,397,580,591,1089,1488,977,559,388,1280,707,1303,1420,1315,1261
1345,702,295,136,75,553,908,935,955,410,912,435,125,400,280,1139,429,1636,1319,413,1088,661,119,194
1532,667,570,569,341,1071,131,812,600,827,1272,1331,1368,996,1036,873,109,628,1194,871,1256,108,1355,976
164,1016,999,879,658,959,63,1098,1608,137,166,179,1170,1079,1572,1011,1415,1451,499,715,766,384,734,1468
1199,696,987,605,431,754,876,1438,139,1219,1512,1343,258,358,1422,922,1565,1197,104,1301,1530,100,1448,216
1140,1066,159,1358,699,1132,689,1388,778,210,1544,1522,66,666,601,1085,437,635,1070,1403,1224,1051,785,1503
719,795,1159,39,829,1202,339,1392,1158,1385,573,546,184,1536,752,989,240,1625,82,614,866,1374,1035,483
353,982,1076,1032,315,1111,1061,328,1349,1209,1633,995,1527,1546,1373,1400,177,929,1031,1117,606,497,792,726
389,602,1456,1022,1009,683,249,541,1203,796,783,1119,88,84,61,760,1370,997,1152,143,576,278,373,1416
401,1086,1587,691,253,267,299,585,718,1171,798,732,476,46,1622,67,1238,794,1620,1173,1251,169,199,1515
940,1307,682,1371,1229,172,1200,446,1044,425,1262,804,248,265,883,316,1227,1275,1626,776,145,937,171,1215
1545,1524,916,728,1245,183,226,1486,746,953,488,29,878,575,235,1341,885,1526,142,1440,313,33,1326,439
68,1295,24,392,1284,872,1557,1496,1533,6,623,584,737,1329,1104,723,893,809,1125,1124,1006,840,501,670
1411,567,833,485,790,972,283,1493,814,1327,1508,738,1258,1407,1408,371,1333,55,405,901,175,1155,713,1606
230,1501,654,1048,1057,820,590,447,769,561,659,980,519,660,610,1294,1282,684,13,1065,1176,494,724,598
307,793,618,857,1555,490,1002,1357,834,378,187,1095,960,292,869,1436,1060,211,200,386,1328,1221,1635,86
692,800,198,861,508,675,1172,1426,91,900,1192,203,1047,323,708,1243,1347,1505,395,932,1147,1260,509,1535
1293,846,1356,1382,662,1232,1093,484,372,807,1621,343,565,1017,745,1478,255,622,1000,593,848,162,498,1629
1250,579,1024,963,1092,870,1369,731,1519,1299,1578,821,706,733,919,801,1037,1628,1087,839,64,304,168,1144
1292,1143,1472,1108,1631,974,1427,415,858,888,1049,157,338,994,642,1246,1013,113,134,1423,133,1149,543,1123
633,755,383,94,390,761,1618,1242,1183,492,417,763,1511,1384,441,714,346,340,1332,1521,637,5,639,368
1605,403,1112,592,1351,1148,1460,764,442,408,1593,1184,427,336,604,782,127,1611,530,771,874,254,360,749
830,1458,1374,373,1152,1511,1242,1061,1315,1469,1536,949,1350,1031,1250,789,1301,1013,1235,1335,1401,1394,753,1507
138,576,120,1579,1418,792,1095,285,93,215,1028,879,861,557,173,190,1285,130,507,1532,645,1393,43,795
921,168,911,1153,433,638,256,135,1258,1176,453,71,1132,573,1484,610,646,1127,722,1513,281,145,24,1252
162,1530,412,84,565,398,1519,1400,1111,600,942,1230,1448,1565,211,1106,82,519,794,1144,458,434,846,510
1052,1475,1263,1344,1189,1276,1359,1585,1483,255,1046,681,111,1269,1119,1509,808,820,38,1527,876,160,1403,1522
1012,251,633,304,427,1085,908,1044,157,1630,1289,967,1074,21,596,253,1048,1324,935,86,1236,810,342,1238
1019,55,995,61,405,947,315,159,837,1367,758,1363,1102,1597,950,1248,494,1060,564,435,800,1594,324,626
553,1493,1313,1260,771,555,443,5,6,752,200,1555,397,440,724,1520,500,1162,597,813,759,1309,1101,1273
388,608,1181,1349,554,614,297,39,857,858,1199,943,1037,1170,1109,177,1227,1011,370,562,658,1608,1158,1065
552,526,1297,887,1482,52,783,1563,1092,1256,1108,1216,1411,163,8,372,452,1612,1225,687,325,1500,1203,906
353,659,1083,3,234,1005,321,1467,559,1442,404,387,632,772,1155,1362,1087,384,189,636,585,745,1323,574
179,141,478,1010,185,1294,924,1413,694,108,350,1627,776,780,881,322,829,233,239,909,1334,198,1628,1423
832,1267,1342,691,1171,487,410,248,1578,1533,912,719,1076,83,254,803,627,628,1635,116,1584,1626,1521,493
670,1606,864,1304,1118,989,1422,191,696,692,68,1347,575,1456,1328,1361,1558,477,1059,782,1270,1042,655,154
164,501,1303,1192,181,237,399,1089,1625,1173,984,639,781,109,977,1371,746,859,447,1614,1245,88,541,1078
512,804,484,364,390,265,580,483,1312,1015,1244,941,204,1336,249,313,867,95,970,1405,247,514,603,1352
326,994,1388,754,1022,1163,1404,67,929,624,187,335,137,747,621,637,1619,480,408,418,1186,1090,1588,1331
1389,1262,348,311,11,579,599,796,799,1049,56,1326,713,718,840,999,1302,1307,836,1356,495,1110,1159,801
1332,476,1047,188,1197,1415,1051,845,124,509,916,1283,18,299,1621,697,174,1234,972,855,91,226,485,1321
1311,213,1383,667,64,1223,214,1122,764,996,1202,1524,785,1357,199,1343,437,790,591,1486,337,609,1345,1373
666,1142,592,834,1096,700,1295,572,1149,1006,1237,499,607,127,79,1204,1488,344,760,1035,400,708,706,1275
1399,1112,374,1082,22,675,640,547,661,194,556,1340,1124,1566,680,305,940,750,1455,202,139,1517,934,1572
442,467,1419,1214,725,740,136,81,1567,987,153,1151,1016,1018,955,441,1195,588,1372,959,1437,685,277,1274
1562,604,1091,155,361,278,1113,417,809,689,1510,997,99,29,121,833,812,57,1185,131,1396,1084,1547,774
