75,857,584,442,142,1493,1243,734,226,935,1229,1047,696,1295,1006,782,94,734,0,0,0,0
388,599,134,177,494,1374,169,1032,1609,1358,997,1246,749,1119,573,1158,1521,0,0,0,0,0
994,1349,618,879,953,635,159,988,1611,989,437,1580,390,0,0,0,0,0,0,0,0,0
763,0,0,0,0,0,0,0,0,0,0,0,0,0,0,0,0,0,0,0,0,0
1124,707,1194,172,339,1395,959,1256,0,0,0,0,0,0,0,0,0,0,0,0,0,0
755,495,1183,383,1633,340,12,1472,327,136,996,0,0,0,0,0,0,0,0,0,0,0
1562,184,1002,492,466,1486,1625,1089,1456,1080,1292,1544,0,0,0,0,0,0,0,0,0,0
692,1536,415,1125,561,645,429,0,0,0,0,0,0,0,0,0,0,0,0,0,0,0
179,999,417,397,604,724,593,1488,541,1294,829,343,1280,1017,559,0,0,0,0,0,0,0
401,1530,1200,908,183,546,520,602,24,0,0,0,0,0,0,0,0,0,0,0,0,0
162,1415,1618,1149,1608,255,1519,1022,1592,0,0,0,0,0,0,0,0,0,0,0,0,0
86,145,726,1123,360,1104,235,790,410,1508,0,0,0,0,0,0,0,0,0,0,0,0
198,66,754,670,1176,1031,0,0,0,0,0,0,0,0,0,0,0,0,0,0,0,0
1420,1327,870,919,1147,940,1171,119,1384,483,0,0,0,0,0,0,0,0,0,0,0,0
497,1192,1532,641,1345,1620,512,0,0,0,0,0,0,0,0,0,0,0,0,0,0,0
203,389,731,1299,776,977,485,995,1272,35,0,0,0,0,0,0,0,0,0,0,0,0
188,633,55,1132,590,885,283,1565,1065,68,0,0,0,0,0,0,0,0,0,0,0,0
1369,1578,519,392,1303,699,0,0,0,0,0,0,0,0,0,0,0,0,0,0,0,0
929,230,1511,869,175,210,490,109,761,1096,1438,843,601,336,1593,0,0,0,0,0,0,0
1215,610,900,1202,346,313,1307,1555,467,0,0,0,0,0,0,0,0,0,0,0,0,0
614,1356,804,400,125,702,662,501,0,0,0,0,0,0,0,0,0,0,0,0,0,0
403,1037,171,814,947,1079,1232,0,0,0,0,0,0,0,0,0,0,0,0,0,0,0
628,407,476,64,0,0,0,0,0,0,0,0,0,0,0,0,0,0,0,0,0,0
639,982,1044,113,963,1024,1371,1027,1271,253,0,0,0,0,0,0,0,0,0,0,0,0
1355,1123,1148,1158,1395,519,660,183,782,162,974,0,0,0,0,0,0,0,0,0,0,0
203,1238,1224,814,963,1065,292,488,1229,439,295,1544,0,0,0,0,0,0,0,0,0,0
134,1275,0,0,0,0,0,0,0,0,0,0,0,0,0,0,0,0,0,0,0,0
1271,1002,1124,988,1111,1060,1155,783,0,0,0,0,0,0,0,0,0,0,0,0,0,0
397,496,199,1280,429,1295,738,1415,766,707,1303,353,348,1203,166,446,495,0,0,0,0,0
1092,400,1557,84,908,437,1173,254,499,622,1089,620,1371,1611,600,0,0,0,0,0,0,0
637,280,1448,1071,164,508,308,1416,63,75,1427,1440,1140,1530,1159,0,0,0,0,0,0,0
1533,760,1385,-1,0,0,0,0,0,0,0,0,0,0,0,0,0,0,0,0,0,0
723,1581,198,1044,1501,696,726,476,1312,0,0,0,0,0,0,0,0,0,0,0,0,0
210,1520,1478,1608,1333,755,1562,1329,800,1152,0,0,0,0,0,0,0,0,0,0,0,0
1242,935,67,100,658,861,0,0,0,0,0,0,0,0,0,0,0,0,0,0,0,0
809,316,307,605,1536,492,719,226,442,494,142,211,839,240,490,175,0,0,0,0,0,0
1388,1535,873,654,691,168,0,0,0,0,0,0,0,0,0,0,0,0,0,0,0,0
1199,590,778,1087,0,0,0,0,0,0,0,0,0,0,0,0,0,0,0,0,0,0
1197,194,1508,1609,35,1009,812,1527,878,0,0,0,0,0,0,0,0,0,0,0,0,0
699,1546,1037,255,724,1144,1132,1622,584,977,1374,1258,1021,1200,0,0,0,0,0,0,0,0
1245,706,1243,1635,435,601,947,642,55,483,580,1347,728,1301,0,0,0,0,0,0,0,0
1047,159,1183,683,1219,628,1384,567,624,88,0,0,0,0,0,0,0,0,0,0,0,0
1317,749,541,1503,893,1407,1408,633,714,0,0,0,0,0,0,0,0,0,0,0,0,0
1357,834,1351,171,801,645,0,0,0,0,0,0,0,0,0,0,0,0,0,0,0,0
578,697,959,667,1139,113,754,932,995,852,0,0,0,0,0,0,0,0,0,0,0,0
1618,1606,341,807,1405,133,599,869,0,0,0,0,0,0,0,0,0,0,0,0,0,0
692,339,1292,713,1593,1294,46,606,1423,1202,328,996,565,848,1368,0,0,0,0,0,0,0
821,953,1284,1526,325,1215,1066,591,383,1272,261,1327,467,0,0,0,0,0,0,0,0,0
585,509,666,1327,706,599,827,1333,336,1349,746,408,339,999,283,0,0,0,0,0,0,0
429,1608,1098,1303,131,425,1555,261,1307,641,0,0,0,0,0,0,0,0,0,0,0,0
348,113,1002,849,490,846,602,1117,622,1044,1108,39,833,0,0,0,0,0,0,0,0,0
405,84,1171,136,691,134,579,1629,1370,1438,861,386,820,766,0,0,0,0,0,0,0,0
442,754,929,1331,1139,1626,639,24,972,633,1611,0,0,0,0,0,0,0,0,0,0,0
778,1176,670,1369,372,1508,728,1299,593,976,1158,467,0,0,0,0,0,0,0,0,0,0
708,1251,169,1423,1524,1357,600,519,908,1488,745,1079,1238,977,658,1373,0,0,0,0,0,0
591,199,1194,707,601,760,1426,1256,0,0,0,0,0,0,0,0,0,0,0,0,0,0
960,1330,592,776,485,383,660,278,947,316,1460,0,0,0,0,0,0,0,0,0,0,0
1416,1149,492,384,866,801,1075,1592,1505,987,83,254,796,0,0,0,0,0,0,0,0,0
400,1609,737,1113,171,872,858,395,1581,994,66,1000,869,91,874,614,0,0,0,0,0,0
1472,1261,1358,304,1301,847,1192,1527,307,177,1329,1522,1147,543,187,620,0,0,0,0,0,0
1415,255,1048,315,1347,1593,713,1215,338,714,498,1085,0,0,0,0,0,0,0,0,0,0
1533,483,1227,645,1292,6,1224,1061,0,0,0,0,0,0,0,0,0,0,0,0,0,0
413,637,1515,661,559,755,1436,1047,1557,1202,873,12,183,749,996,75,0,0,0,0,0,0
1520,1092,175,567,798,575,590,783,1096,829,912,997,683,1496,796,857,1140,995,159,0,0,0
64,1345,959,-1,1027,388,1293,752,635,446,605,900,734,573,1511,139,0,0,0,0,0,0
726,203,584,1060,553,1493,1076,1521,194,901,618,1124,1356,1200,852,68,1173,0,0,0,0,0
871,792,1319,488,1312,1374,1219,1440,133,179,1284,162,0,0,0,0,0,0,0,0,0,0
1015,1037,1013,1093,1119,1562,1478,109,125,702,1087,809,0,0,0,0,0,0,0,0,0,0
821,415,1125,392,604,627,1530,431,932,520,1089,1526,0,0,0,0,0,0,0,0,0,0
1250,1009,1621,953,1395,879,1620,1282,1282,715,108,848,168,0,0,0,0,0,0,0,0,0
834,86,1032,662,1152,1104,143,1578,0,0,0,0,0,0,0,0,0,0,0,0,0,0
561,46,569,1294,1328,5,172,280,1631,0,0,0,0,0,0,0,0,0,0,0,0,0
764,1293,1092,569,304,800,323,1405,553,1319,1080,707,1557,0,0,0,0,0,0,0,0,0
280,1544,995,812,1605,1358,0,0,0,0,0,0,0,0,0,0,0,0,0,0,0,0
1315,683,1581,1224,814,628,590,1505,988,0,0,0,0,0,0,0,0,0,0,0,0,0
1526,1625,761,682,210,714,1203,199,1618,637,1440,0,0,0,0,0,0,0,0,0,0,0
661,88,1368,883,977,599,1124,706,1031,888,675,492,584,341,1147,0,0,0,0,0,0,0
1415,1415,752,1197,235,1016,33,1292,1176,1117,64,1261,0,0,0,0,0,0,0,0,0,0
932,343,666,1345,1104,1520,104,1307,633,0,0,0,0,0,0,0,0,0,0,0,0,0
580,476,1170,1183,771,885,1609,68,1098,1312,1301,1232,1326,601,1112,0,0,0,0,0,0,0
1622,719,1158,1327,996,38,953,183,346,827,383,901,1530,1451,226,166,0,0,0,0,0,0
1356,86,935,131,794,922,623,0,0,0,0,0,0,0,0,0,0,0,0,0,0,0
642,618,1420,175,171,604,328,0,0,0,0,0,0,0,0,0,0,0,0,0,0,0
696,592,520,497,1096,1199,407,1251,858,821,912,746,278,1611,0,0,0,0,0,0,0,0
1021,627,1562,1347,1048,254,1580,0,0,0,0,0,0,0,0,0,0,0,0,0,0,0
1171,134,1512,1578,684,413,496,980,1351,292,869,1086,1468,1508,162,484,519,408,100,873,353,1119
782,1184,692,0,0,0,0,0,0,0,0,0,0,0,0,0,0,0,0,0,0,0
1511,1047,872,1272,253,760,61,870,494,0,0,0,0,0,0,0,0,0,0,0,0,0
1533,168,1071,211,447,848,593,987,194,390,659,194,159,997,848,216,1341,1087,0,0,0,0
1422,1173,745,230,1501,733,1448,1330,839,82,-1,0,0,0,0,0,0,0,0,0,0,0
963,1049,1258,1384,645,1243,384,39,1093,0,0,0,0,0,0,0,0,0,0,0,0,0
1229,994,261,1317,570,265,960,1416,53,325,-1,149,5,0,0,0,0,0,0,0,0,0
1388,1066,778,1331,400,0,0,0,0,0,0,0,0,0,0,0,0,0,0,0,0,0
1503,658,248,94,485,395,982,699,804,639,0,0,0,0,0,0,0,0,0,0,0,0
1629,1089,916,1515,509,1628,0,0,0,0,0,0,0,0,0,0,0,0,0,0,0,0
602,605,834,1329,641,1332,157,541,543,46,1488,852,55,313,-1,1256,0,0,0,0,0,0
820,732,35,108,1070,113,1593,187,1009,718,662,446,0,0,0,0,0,0,0,0,0,0
179,1125,1301,883,240,764,866,620,633,697,776,1544,386,1104,1071,0,0,0,0,0,0,0
599,1087,484,1333,136,1251,1608,1562,1451,199,1414,1519,0,0,0,0,0,0,0,0,0,0
1426,1096,336,210,10,137,999,622,0,0,0,0,0,0,0,0,0,0,0,0,0,0
1006,593,168,405,530,508,645,1152,1027,1347,1520,171,1388,976,1044,395,200,1486,0,0,0,0
1526,520,340,861,575,1140,1416,29,874,519,932,278,639,1611,796,0,0,0,0,0,0,0
659,1287,553,389,211,1197,996,1202,388,1035,485,579,46,995,315,1293,203,755,0,0,0,0
1621,1158,483,869,829,912,1080,383,1505,0,0,0,0,0,0,0,0,0,0,0,0,0
1057,980,1580,1369,1345,878,916,641,719,265,1124,5,33,1411,637,327,893,254,1076,627,1089,0
184,1271,188,1478,360,1508,658,635,642,1075,1192,734,585,804,0,0,0,0,0,0,0,0
1176,447,1098,783,1013,1061,304,1284,785,959,127,1456,847,1415,543,109,1587,1307,0,0,0,0
339,316,307,1224,814,267,94,1117,0,0,0,0,0,0,0,0,0,0,0,0,0,0
1522,1171,1422,499,1312,801,61,88,1521,1317,1633,295,1327,987,0,0,0,0,0,0,0,0
1343,346,425,1294,1119,1374,258,733,728,0,0,0,0,0,0,0,0,0,0,0,0,0
1472,397,427,1242,157,498,1331,1088,133,569,1370,1184,466,1173,857,0,0,0,0,0,0,0
667,66,873,1295,1060,683,1315,1209,723,1256,55,749,1565,1420,766,512,1392,0,0,0,0,0
1329,1625,900,1021,1155,194,429,1493,731,604,1199,0,0,0,0,0,0,0,0,0,0,0
292,618,746,1066,492,692,606,378,476,1203,1123,313,0,0,0,0,0,0,0,0,0,0
628,809,1626,1079,1581,689,654,67,0,0,0,0,0,0,0,0,0,0,0,0,0,0
1219,328,1620,940,64,737,299,691,1250,0,0,0,0,0,0,0,0,0,0,0,0,0
1609,439,1355,91,1532,846,1017,162,600,392,807,83,1555,1111,1373,372,1200,1227,745,1440,1143,0
573,578,1282,283,39,1172,0,0,0,0,0,0,0,0,0,0,0,0,0,0,0,0
164,1275,142,953,699,53,879,413,707,827,726,145,1002,724,1280,131,509,1328,0,0,0,0
343,1148,1384,1349,885,63,1341,75,442,1622,947,541,935,1436,0,0,0,0,0,0,0,0
565,496,1140,313,543,1620,724,6,1347,1147,33,383,955,388,1061,0,0,0,0,0,0,0
1345,24,1011,755,328,467,1411,1520,1158,476,874,175,1047,1229,0,0,0,0,0,0,0,0
339,893,960,1260,1511,760,731,0,0,0,0,0,0,0,0,0,0,0,0,0,0,0
839,408,919,1002,633,590,157,0,0,0,0,0,0,0,0,0,0,0,0,0,0,0
1149,415,119,338,1258,0,0,0,0,0,0,0,0,0,0,0,0,0,0,0,0,0
1580,216,336,384,1117,425,109,1096,1592,995,265,127,429,1243,1544,940,754,0,0,0,0,0
1093,1085,541,1468,997,659,159,706,696,0,0,0,0,0,0,0,0,0,0,0,0,0
371,1460,592,1618,873,578,977,53,1622,1000,1076,660,1355,308,639,177,0,0,0,0,0,0
1200,497,1232,437,1261,785,1456,658,1478,483,0,0,0,0,0,0,0,0,0,0,0,0
13,733,1422,1035,1519,368,1044,994,1238,1374,1451,575,254,1371,495,0,0,0,0,0,0,0
327,749,573,1532,1307,895,211,1608,0,0,0,0,0,0,0,0,0,0,0,0,0,0
395,1403,1032,400,389,0,0,0,0,0,0,0,0,0,0,0,0,0,0,0,0,0
466,932,1448,728,1392,900,0,0,0,0,0,0,0,0,0,0,0,0,0,0,0,0
857,1016,1319,814,397,0,0,0,0,0,0,0,0,0,0,0,0,0,0,0,0,0
718,1593,752,1332,1407,1341,601,569,1227,580,0,0,0,0,0,0,0,0,0,0,0,0
172,1173,908,299,441,746,94,46,885,1088,0,0,0,0,0,0,0,0,0,0,0,0
134,699,240,1635,427,1423,861,29,628,1092,348,66,0,0,0,0,0,0,0,0,0,0
683,1209,599,346,1440,171,1373,982,1557,0,0,0,0,0,0,0,0,0,0,0,0,0
1384,833,1139,843,346,488,1456,1426,508,989,1021,1530,431,624,1299,0,0,0,0,0,0,0
64,598,1027,627,585,1581,707,852,0,0,0,0,0,0,0,0,0,0,0,0,0,0
1219,255,143,1148,778,1343,166,169,1251,584,1526,737,179,719,0,0,0,0,0,0,0,0
692,622,963,1119,307,1522,501,405,1048,1202,1272,0,0,0,0,0,0,0,0,0,0,0
1060,1172,203,637,1144,794,0,0,0,0,0,0,0,0,0,0,0,0,0,0,0,0
446,131,210,878,1132,947,0,0,0,0,0,0,0,0,0,0,0,0,0,0,0,0
-1,1515,795,1125,1006,1416,752,343,1009,713,1085,1123,1087,1593,0,0,0,0,0,0,0,0
371,397,755,441,660,498,492,223,691,901,734,211,1117,384,0,0,0,0,0,0,0,0
1609,508,1326,1262,1284,764,738,1415,1373,226,733,10,383,94,1395,476,1587,0,0,0,0,0
731,833,1057,1032,395,1080,858,373,1533,0,0,0,0,0,0,0,0,0,0,0,0,0
1111,1349,1088,876,1071,1332,827,812,1002,216,1022,778,6,0,0,0,0,0,0,0,0,0
184,378,1227,485,1496,1048,1456,119,659,874,0,0,0,0,0,0,0,0,0,0,0,0
520,1388,137,1493,1472,372,368,235,179,1436,1329,1294,707,1505,166,0,0,0,0,0,0,0
590,1527,1299,980,1031,937,972,83,857,1275,177,675,159,1364,0,0,0,0,0,0,0,0
940,885,814,1224,1280,425,1622,53,1427,989,0,0,0,0,0,0,0,0,0,0,0,0
265,1508,561,490,1468,1519,0,0,0,0,0,0,0,0,0,0,0,0,0,0,0,0
821,431,169,974,168,866,254,133,578,299,134,1312,0,0,0,0,0,0,0,0,0,0
1258,792,1044,645,1426,1333,1104,339,1098,785,714,494,0,0,0,0,0,0,0,0,0,0
1215,258,172,600,1011,959,346,390,1411,1119,1347,692,1176,754,0,0,0,0,0,0,0,0
1555,1256,1628,1451,164,67,142,1621,1351,724,879,999,0,0,0,0,0,0,0,0,0,0
1521,389,1171,39,606,66,0,0,0,0,0,0,0,0,0,0,0,0,0,0,0,0
1170,1611,639,136,1608,728,33,749,46,1246,760,1021,963,1578,1414,0,0,0,0,0,0,0
623,683,642,1037,187,1370,194,800,919,401,1144,494,1315,0,0,0,0,0,0,0,0,0
719,1330,407,1155,109,1635,1511,852,1606,188,1075,108,0,0,0,0,0,0,0,0,0,0
157,1183,1331,1024,1013,442,718,55,1124,843,771,935,1016,1132,947,0,0,0,0,0,0,0
546,1512,633,1460,1565,1629,1232,1251,1065,929,0,0,0,0,0,0,0,0,0,0,0,0
1625,624,932,1448,488,483,1229,873,598,1580,861,1209,295,996,0,0,0,0,0,0,0,0
763,5,1017,766,820,628,1280,995,210,325,484,1357,1328,1143,0,0,0,0,0,0,0,0
1092,793,230,1557,604,1356,1301,392,278,91,1242,1243,0,0,0,0,0,0,0,0,0,0
530,627,1618,203,497,790,746,1392,145,1051,386,872,267,0,0,0,0,0,0,0,0,0
1301,179,637,976,1303,1085,446,1526,509,1183,1527,131,145,565,6,1327,699,0,0,0,0,0
1501,497,1423,64,198,1609,1017,490,249,1098,390,689,1355,1159,764,0,0,0,0,0,0,0
1139,82,996,235,323,820,0,0,0,0,0,0,0,0,0,0,0,0,0,0,0,0
707,1629,384,989,295,932,162,1317,519,442,403,313,857,1382,493,0,0,0,0,0,0,0
495,1319,623,183,553,240,248,1384,827,1209,512,0,0,0,0,0,0,0,0,0,0,0
520,667,38,492,1374,1037,1035,660,1123,724,0,0,0,0,0,0,0,0,0,0,0,0
1011,959,113,937,1371,1171,1184,878,935,327,771,1057,0,0,0,0,0,0,0,0,0,0
1395,346,1036,485,585,283,0,0,0,0,0,0,0,0,0,0,0,0,0,0,0,0
573,53,916,726,127,715,1022,1031,1280,1422,871,1284,119,467,447,0,0,0,0,0,0,0
659,304,1329,755,230,0,0,0,0,0,0,0,0,0,0,0,0,0,0,0,0,0
731,999,508,1080,883,1075,1192,734,1307,226,569,1460,1275,792,0,0,0,0,0,0,0,0
901,635,159,1148,852,1124,343,1628,1326,0,0,0,0,0,0,0,0,0,0,0,0,0
601,316,546,980,265,1132,1369,55,0,0,0,0,0,0,0,0,0,0,0,0,0,0
1631,157,1356,719,336,1170,1333,0,0,0,0,0,0,0,0,0,0,0,0,0,0,0
292,658,908,627,0,0,0,0,0,0,0,0,0,0,0,0,0,0,0,0,0,0
1065,1580,1332,1089,39,1347,1426,267,94,0,0,0,0,0,0,0,0,0,0,0,0,0
873,1557,861,929,100,483,1521,1545,1044,143,618,814,0,0,0,0,0,0,0,0,0,0
12,1013,1019,203,733,1562,0,0,0,0,0,0,0,0,0,0,0,0,0,0,0,0
1388,35,1262,659,561,0,0,0,0,0,0,0,0,0,0,0,0,0,0,0,0,0
1373,848,796,1009,812,718,543,570,0,0,0,0,0,0,0,0,0,0,0,0,0,0
1158,590,642,137,1451,1572,1486,869,691,75,0,0,0,0,0,0,0,0,0,0,0,0
169,778,591,280,1535,1096,134,0,0,0,0,0,0,0,0,0,0,0,0,0,0,0
1503,732,610,338,1606,1238,714,353,1232,0,0,0,0,0,0,0,0,0,0,0,0,0
1622,5,1104,645,947,0,0,0,0,0,0,0,0,0,0,0,0,0,0,0,0,0
885,1626,1294,437,360,999,801,1194,731,1326,1330,328,0,0,0,0,0,0,0,0,0,0
1511,1332,265,561,763,675,1420,584,699,202,258,397,373,1544,1173,1505,1080,0,0,0,0,0
728,63,543,1609,133,403,692,1256,323,1333,746,12,0,0,0,0,0,0,0,0,0,0
714,1405,1422,1132,708,1149,576,733,912,108,0,0,0,0,0,0,0,0,0,0,0,0
1522,1152,1633,1123,1024,1209,211,1468,1108,67,1272,0,0,0,0,0,0,0,0,0,0,0
1071,1605,1021,605,1119,169,0,0,0,0,0,0,0,0,0,0,0,0,0,0,0,0
682,947,183,874,1016,1438,0,0,0,0,0,0,0,0,0,0,0,0,0,0,0,0
427,1620,932,834,1096,861,1171,134,492,0,0,0,0,0,0,0,0,0,0,0,0,0
1013,1611,-1,1075,755,1301,1345,1373,1085,46,809,161,442,372,1493,0,0,0,0,0,0,0
567,1533,1019,683,1341,0,0,0,0,0,0,0,0,0,0,0,0,0,0,0,0,0
1060,410,1066,645,1368,929,1535,1140,908,0,0,0,0,0,0,0,0,0,0,0,0,0
1587,922,1143,82,689,1395,0,0,0,0,0,0,0,0,0,0,0,0,0,0,0,0
280,467,769,565,495,53,139,1215,1415,0,0,0,0,0,0,0,0,0,0,0,0,0
858,371,497,188,142,719,846,972,1370,598,1011,1170,0,0,0,0,0,0,0,0,0,0
807,706,980,509,1261,1087,0,0,0,0,0,0,0,0,0,0,0,0,0,0,0,0
1555,1546,172,1357,798,1312,1017,1358,1328,1184,0,0,0,0,0,0,0,0,0,0,0,0
223,1044,1088,1319,790,754,1089,137,339,200,488,187,667,852,1524,0,0,0,0,0,0,0
1407,1243,313,804,249,726,843,512,171,0,0,0,0,0,0,0,0,0,0,0,0,0
738,724,995,1242,0,0,0,0,0,0,0,0,0,0,0,0,0,0,0,0,0,0
1219,131,175,707,248,299,1545,1295,390,1098,1329,33,1448,327,1284,1416,1327,1472,628,0,0,0
348,435,800,336,1478,1159,431,1530,620,24,900,0,0,0,0,0,0,0,0,0,0,0
1388,13,136,1628,1536,1280,996,1202,0,0,0,0,0,0,0,0,0,0,0,0,0,0
713,793,794,235,157,737,407,1486,308,977,734,0,0,0,0,0,0,0,0,0,0,0
341,662,1009,569,267,429,94,1496,0,0,0,0,0,0,0,0,0,0,0,0,0,0
994,109,1343,488,373,267,299,1628,1580,1371,977,1328,392,879,804,0,0,0,0,0,0,0
88,1047,761,999,1423,0,0,0,0,0,0,0,0,0,0,0,0,0,0,0,0,0
75,1326,1392,499,476,1557,852,1592,1250,441,187,198,795,0,0,0,0,0,0,0,0,0
670,1176,1530,200,1456,1125,343,691,628,869,397,1605,1049,0,0,0,0,0,0,0,0,0
707,793,235,127,1486,1522,400,405,159,172,1629,1625,378,809,0,0,0,0,0,0,0,0
980,1622,325,684,1294,0,0,0,0,0,0,0,0,0,0,0,0,0,0,0,0,0
179,1312,1095,755,258,821,829,1035,878,0,0,0,0,0,0,0,0,0,0,0,0,0
520,431,1171,1511,1242,66,0,0,0,0,0,0,0,0,0,0,0,0,0,0,0,0
223,340,1496,1124,1562,776,113,883,211,1149,338,733,760,746,0,0,0,0,0,0,0,0
1460,807,1621,834,1155,133,0,0,0,0,0,0,0,0,0,0,0,0,0,0,0,0
86,666,508,1414,1295,0,0,0,0,0,0,0,0,0,0,0,0,0,0,0,0,0
1202,618,895,900,389,1184,1071,708,1405,38,372,959,0,0,0,0,0,0,0,0,0,0
601,929,1384,1369,565,6,1238,33,654,719,1420,996,483,82,1093,796,1209,953,0,0,0,0
1284,1395,1626,559,734,1440,442,699,982,1521,0,0,0,0,0,0,0,0,0,0,0,0
1139,947,341,371,84,876,912,645,119,1544,0,0,0,0,0,0,0,0,0,0,0,0
1132,935,1108,1031,315,177,0,0,0,0,0,0,0,0,0,0,0,0,0,0,0,0
1227,1065,39,1451,0,0,0,0,0,0,0,0,0,0,0,0,0,0,0,0,0,0
1319,792,849,1232,610,1356,658,530,0,0,0,0,0,0,0,0,0,0,0,0,0,0
199,175,1048,543,1403,561,401,490,1532,1022,408,1508,0,0,0,0,0,0,0,0,0,0
696,1349,569,1044,1065,1303,1347,501,718,1002,0,0,0,0,0,0,0,0,0,0,0,0
1301,627,723,0,0,0,0,0,0,0,0,0,0,0,0,0,0,0,0,0,0,0
494,1330,820,1111,600,407,0,0,0,0,0,0,0,0,0,0,0,0,0,0,0,0
662,873,1609,171,1565,1000,871,1057,1411,0,0,0,0,0,0,0,0,0,0,0,0,0
183,714,1436,1172,307,226,988,1098,976,0,0,0,0,0,0,0,0,0,0,0,0,0
989,33,1423,200,1356,793,1357,1606,104,1125,585,66,1158,1224,1468,0,0,0,0,0,0,0
338,249,602,1071,1511,68,1027,63,754,1284,1246,1587,476,476,10,0,0,0,0,0,0,0
1355,417,38,827,1331,857,0,0,0,0,0,0,0,0,0,0,0,0,0,0,0,0
61,635,1108,1112,67,1527,883,0,0,0,0,0,0,0,0,0,0,0,0,0,0,0
697,1496,885,0,0,0,0,0,0,0,0,0,0,0,0,0,0,0,0,0,0,0
1017,1294,976,162,1395,372,861,1301,1299,1405,278,723,0,0,0,0,0,0,0,0,0,0
1113,1022,358,1015,692,782,29,1382,1272,0,0,0,0,0,0,0,0,0,0,0,0,0
1369,755,395,1199,1628,1171,1079,795,994,498,100,0,0,0,0,0,0,0,0,0,0,0
435,1629,1631,168,593,405,1605,1282,0,0,0,0,0,0,0,0,0,0,0,0,0,0
1636,1095,980,397,752,870,1411,0,0,0,0,0,0,0,0,0,0,0,0,0,0,0
1111,1415,1351,0,0,0,0,0,0,0,0,0,0,0,0,0,0,0,0,0,0,0
610,1250,953,1144,1092,55,1170,1317,1505,407,198,1486,1625,947,0,0,0,0,0,0,0,0
912,230,776,400,179,1287,1293,637,0,0,0,0,0,0,0,0,0,0,0,0,0,0
325,996,508,261,223,509,0,0,0,0,0,0,0,0,0,0,0,0,0,0,0,0
1620,1503,240,620,1478,900,601,1047,0,0,0,0,0,0,0,0,0,0,0,0,0,0
1526,763,295,749,708,955,872,339,530,0,0,0,0,0,0,0,0,0,0,0,0,0
1609,1347,1407,718,0,0,0,0,0,0,0,0,0,0,0,0,0,0,0,0,0,0
1258,1315,592,1622,578,1232,0,0,0,0,0,0,0,0,0,0,0,0,0,0,0,0
1408,794,745,0,0,0,0,0,0,0,0,0,0,0,0,0,0,0,0,0,0,0
726,267,1532,901,769,483,109,1242,628,1048,1044,1374,0,0,0,0,0,0,0,0,0,0
1006,559,1581,0,0,0,0,0,0,0,0,0,0,0,0,0,0,0,0,0,0,0
442,1488,446,1013,1456,1197,1515,0,0,0,0,0,0,0,0,0,0,0,0,0,0,0
843,666,1271,512,12,873,0,0,0,0,0,0,0,0,0,0,0,0,0,0,0,0
1461,390,1238,724,408,1117,1508,1400,496,0,0,0,0,0,0,0,0,0,0,0,0,0
778,732,383,64,1488,1251,1243,53,304,858,235,249,0,0,0,0,0,0,0,0,0,0
883,760,696,384,346,569,203,0,0,0,0,0,0,0,0,0,0,0,0,0,0,0
1307,908,188,0,0,0,0,0,0,0,0,0,0,0,0,0,0,0,0,0,0,0
108,109,796,1357,67,1108,874,1628,766,605,94,125,1016,893,1606,483,253,0,0,0,0,0
645,1173,1565,731,1124,1111,1629,435,1071,575,1125,415,1333,84,1149,1456,738,1315,1119,371,682,0
706,328,0,0,0,0,0,0,0,0,0,0,0,0,0,0,0,0,0,0,0,0
1250,1423,1143,1009,1079,255,584,157,492,878,0,0,0,0,0,0,0,0,0,0,0,0
530,1292,280,1544,1301,761,1370,1636,1382,0,0,0,0,0,0,0,0,0,0,0,0,0
922,1546,947,1238,33,1522,0,0,0,0,0,0,0,0,0,0,0,0,0,0,0,0
1312,1331,0,0,0,0,0,0,0,0,0,0,0,0,0,0,0,0,0,0,0,0
179,488,1436,590,827,1087,995,857,159,484,900,987,737,1000,1221,0,0,0,0,0,0,0
1037,812,177,541,497,38,1400,24,299,960,610,1503,429,1139,0,0,0,0,0,0,0,0
372,866,240,794,1013,667,684,442,1620,313,200,1294,494,0,0,0,0,0,0,0,0,0
490,658,752,261,1536,0,0,0,0,0,0,0,0,0,0,0,0,0,0,0,0,0
-1,1611,955,1031,91,697,1505,1048,0,0,0,0,0,0,0,0,0,0,0,0,0,0
1070,447,1515,13,1535,467,0,0,0,0,0,0,0,0,0,0,0,0,0,0,0,0
216,499,660,622,1512,1044,512,1065,675,1332,55,809,662,1355,1159,641,1530,0,0,0,0,0
1557,171,198,726,576,0,0,0,0,0,0,0,0,0,0,0,0,0,0,0,0,0
994,0,0,0,0,0,0,0,0,0,0,0,0,0,0,0,0,0,0,0,0,0
1227,1328,1171,749,1605,0,0,0,0,0,0,0,0,0,0,0,0,0,0,0,0,0
1219,604,1246,919,0,0,0,0,0,0,0,0,0,0,0,0,0,0,0,0,0,0
495,405,1609,476,618,1002,0,0,0,0,0,0,0,0,0,0,0,0,0,0,0,0
719,5,353,509,1260,724,265,315,976,553,885,0,0,0,0,0,0,0,0,0,0,0
1526,1261,1520,573,39,348,1088,1572,0,0,0,0,0,0,0,0,0,0,0,0,0,0
633,1159,125,1546,1017,963,714,373,1411,348,869,843,441,637,796,633,0,0,0,0,0,0
1011,1183,1158,0,0,0,0,0,0,0,0,0,0,0,0,0,0,0,0,0,0,0
849,1275,134,565,1200,61,1280,1636,1427,1438,1085,1374,0,0,0,0,0,0,0,0,0,0
1258,429,519,1349,346,1079,1315,0,0,0,0,0,0,0,0,0,0,0,0,0,0,0
874,1132,403,1104,490,109,1243,1327,1124,1006,0,0,0,0,0,0,0,0,0,0,0,0
66,368,1326,598,0,0,0,0,0,0,0,0,0,0,0,0,0,0,0,0,0,0
384,483,203,1194,1384,731,1295,145,386,0,0,0,0,0,0,0,0,0,0,0,0,0
1587,494,249,593,977,604,1501,267,878,340,614,0,0,0,0,0,0,0,0,0,0,0
872,171,553,509,1261,1027,496,388,1209,10,883,1451,0,0,0,0,0,0,0,0,0,0
713,1013,1356,1057,1496,901,955,1628,255,307,852,1312,179,1493,719,1369,0,0,0,0,0,0
1478,1176,994,1024,1403,1307,1251,795,476,0,0,0,0,0,0,0,0,0,0,0,0,0
108,1199,543,1037,1022,0,0,0,0,0,0,0,0,0,0,0,0,0,0,0,0,0
1625,1144,1044,1048,1282,900,0,0,0,0,0,0,0,0,0,0,0,0,0,0,0,0
378,804,541,876,0,0,0,0,0,0,0,0,0,0,0,0,0,0,0,0,0,0
1238,1060,1331,188,723,183,1423,336,987,1260,136,1319,0,0,0,0,0,0,0,0,0,0
592,683,737,1047,0,0,0,0,0,0,0,0,0,0,0,0,0,0,0,0,0,0
995,1242,976,659,919,0,0,0,0,0,0,0,0,0,0,0,0,0,0,0,0,0
873,1370,628,46,353,1221,1557,749,755,1303,1580,1520,0,0,0,0,0,0,0,0,0,0
879,840,940,1524,0,0,0,0,0,0,0,0,0,0,0,0,0,0,0,0,0,0
466,137,253,1503,13,1148,400,1505,0,0,0,0,0,0,0,0,0,0,0,0,0,0
427,488,1149,1203,618,792,1488,1197,467,1232,38,809,1125,1015,84,0,0,0,0,0,0,0
1299,660,172,754,1609,1358,782,0,0,0,0,0,0,0,0,0,0,0,0,0,0,0
323,605,33,492,728,1271,778,590,0,0,0,0,0,0,0,0,0,0,0,0,0,0
697,1461,63,194,1385,726,858,857,0,0,0,0,0,0,0,0,0,0,0,0,0,0
1013,752,446,1293,1229,852,718,1065,1520,1079,133,1047,1618,177,1426,1227,1242,340,230,397,1333,0
488,848,807,804,429,1395,1044,972,1621,0,0,0,0,0,0,0,0,0,0,0,0,0
888,546,624,0,0,0,0,0,0,0,0,0,0,0,0,0,0,0,0,0,0,0
1219,316,1405,1258,1384,1246,0,0,0,0,0,0,0,0,0,0,0,0,0,0,0,0
749,1505,893,639,139,929,570,508,618,659,1148,1581,1606,0,0,0,0,0,0,0,0,0
682,988,590,1587,575,749,0,0,0,0,0,0,0,0,0,0,0,0,0,0,0,0
1093,1535,849,592,829,476,1374,0,0,0,0,0,0,0,0,0,0,0,0,0,0,0
145,919,846,1527,519,707,1076,255,932,1609,378,796,0,0,0,0,0,0,0,0,0,0
827,485,39,348,580,1546,1113,858,812,403,1009,1051,1124,912,0,0,0,0,0,0,0,0
1456,814,1158,313,1436,1098,605,371,989,0,0,0,0,0,0,0,0,0,0,0,0,0
1132,691,1183,0,0,0,0,0,0,0,0,0,0,0,0,0,0,0,0,0,0,0
1349,1521,1369,1092,764,0,0,0,0,0,0,0,0,0,0,0,0,0,0,0,0,0
278,1194,883,441,1123,963,499,876,940,900,0,0,0,0,0,0,0,0,0,0,0,0
1027,997,198,68,1060,633,1392,0,0,0,0,0,0,0,0,0,0,0,0,0,0,0
216,467,1326,267,1611,543,1035,1256,660,1385,1057,715,249,64,1557,1192,0,0,0,0,0,0
1139,248,996,1016,258,0,0,0,0,0,0,0,0,0,0,0,0,0,0,0,0,0
734,360,792,723,947,55,1271,541,1307,1356,336,0,0,0,0,0,0,0,0,0,0,0
584,439,389,1280,598,1496,857,982,1037,0,0,0,0,0,0,0,0,0,0,0,0,0
1420,315,325,0,0,0,0,0,0,0,0,0,0,0,0,0,0,0,0,0,0,0
1232,820,606,392,1629,1400,0,0,0,0,0,0,0,0,0,0,0,0,0,0,0,0
1330,871,1095,136,801,1200,328,1199,0,0,0,0,0,0,0,0,0,0,0,0,0,0
1070,343,1119,614,599,1284,840,254,83,84,1243,171,435,492,800,1144,308,670,0,0,0,0
1086,697,358,484,908,1472,63,645,0,0,0,0,0,0,0,0,0,0,0,0,0,0
714,24,520,1251,0,0,0,0,0,0,0,0,0,0,0,0,0,0,0,0,0,0
388,316,847,829,1256,492,1024,1243,1155,0,0,0,0,0,0,0,0,0,0,0,0,0
1587,1629,1098,645,137,166,1333,164,261,0,0,0,0,0,0,0,0,0,0,0,0,0
661,94,265,1356,1371,1011,1423,959,0,0,0,0,0,0,0,0,0,0,0,0,0,0
1035,553,512,963,1242,1009,1622,715,1451,0,0,0,0,0,0,0,0,0,0,0,0,0
987,916,1173,795,498,901,900,162,1373,1075,620,637,0,0,0,0,0,0,0,0,0,0
683,567,1037,1303,307,1229,1332,403,812,1426,24,1183,125,1532,1293,1319,0,0,0,0,0,0
1420,1355,749,1019,1044,1221,1580,1147,1093,395,1478,1079,0,0,0,0,0,0,0,0,0,0
496,1496,348,1172,29,976,0,0,0,0,0,0,0,0,0,0,0,0,0,0,0,0
200,1158,718,977,169,1203,1609,922,1493,728,397,341,0,0,0,0,0,0,0,0,0,0
108,447,1071,723,171,304,55,947,1315,0,0,0,0,0,0,0,0,0,0,0,0,0
1260,1511,1227,546,1112,0,0,0,0,0,0,0,0,0,0,0,0,0,0,0,0,0
183,168,1555,1522,1184,876,989,1533,0,0,0,0,0,0,0,0,0,0,0,0,0,0
1611,982,1140,1144,315,724,6,1132,211,1620,559,1119,413,1562,707,1460,0,0,0,0,0,0
346,849,1358,1087,929,0,0,0,0,0,0,0,0,0,0,0,0,0,0,0,0,0
1330,10,1224,1384,1565,415,0,0,0,0,0,0,0,0,0,0,0,0,0,0,0,0
368,283,660,606,760,1002,5,1280,488,410,1061,761,0,0,0,0,0,0,0,0,0,0
1006,490,1392,230,519,1544,0,0,0,0,0,0,0,0,0,0,0,0,0,0,0,0
1170,226,1521,501,119,61,0,0,0,0,0,0,0,0,0,0,0,0,0,0,0,0
861,872,13,476,1123,1284,280,1048,605,267,509,1328,1416,1194,809,1524,873,0,0,0,0,0
1505,654,1232,858,0,0,0,0,0,0,0,0,0,0,0,0,0,0,0,0,0,0
1415,667,325,719,1341,1625,0,0,0,0,0,0,0,0,0,0,0,0,0,0,0,0
216,1261,35,579,1262,746,1635,1606,0,0,0,0,0,0,0,0,0,0,0,0,0,0
1557,1238,203,0,0,0,0,0,0,0,0,0,0,0,0,0,0,0,0,0,0,0
1176,689,1508,446,82,932,1080,0,0,0,0,0,0,0,0,0,0,0,0,0,0,0
1250,834,1408,771,1202,708,1407,530,1243,1330,723,798,0,0,0,0,0,0,0,0,0,0
1307,1478,1524,1358,1609,0,0,0,0,0,0,0,0,0,0,0,0,0,0,0,0,0
496,1461,6,1258,328,509,994,599,35,1606,179,912,400,5,501,1505,0,0,0,0,0,0
100,872,1159,1312,1535,183,1022,490,642,1565,858,1037,0,0,0,0,0,0,0,0,0,0
1496,1488,1345,485,389,1621,0,0,0,0,0,0,0,0,0,0,0,0,0,0,0,0
83,1349,476,959,1075,0,0,0,0,0,0,0,0,0,0,0,0,0,0,0,0,0
919,226,1002,575,1519,592,662,804,879,1511,1371,953,0,0,0,0,0,0,0,0,0,0
91,-1,1245,408,997,1275,1260,734,1562,683,746,0,0,0,0,0,0,0,0,0,0,0
1303,104,348,869,1611,499,283,738,635,431,795,0,0,0,0,0,0,0,0,0,0,0
821,339,410,373,1203,1171,1388,987,0,0,0,0,0,0,0,0,0,0,0,0,0,0
63,1031,1209,1242,1282,870,171,573,749,0,0,0,0,0,0,0,0,0,0,0,0,0
372,1427,425,133,143,280,0,0,0,0,0,0,0,0,0,0,0,0,0,0,0,0
691,728,316,561,0,0,0,0,0,0,0,0,0,0,0,0,0,0,0,0,0,0
216,801,567,467,995,1016,0,0,0,0,0,0,0,0,0,0,0,0,0,0,0,0
1170,194,1148,353,1622,1357,1356,0,0,0,0,0,0,0,0,0,0,0,0,0,0,0
442,1013,1392,488,645,696,0,0,0,0,0,0,0,0,0,0,0,0,0,0,0,0
68,1636,667,590,598,24,1294,809,1618,1626,520,745,1545,1061,0,0,0,0,0,0,0,0
1448,932,407,873,46,541,1557,800,0,0,0,0,0,0,0,0,0,0,0,0,0,0
198,1486,614,569,184,1592,-1,1625,1021,0,0,0,0,0,0,0,0,0,0,0,0,0
1176,622,53,0,0,0,0,0,0,0,0,0,0,0,0,0,0,0,0,0,0,0
1113,169,878,1019,1416,109,0,0,0,0,0,0,0,0,0,0,0,0,0,0,0,0
378,1047,508,637,661,145,64,737,1124,315,397,0,0,0,0,0,0,0,0,0,0,0
1095,1635,405,131,731,606,755,1017,61,900,0,0,0,0,0,0,0,0,0,0,0,0
580,295,947,134,0,0,0,0,0,0,0,0,0,0,0,0,0,0,0,0,0,0
827,997,323,883,1524,437,724,666,861,764,46,812,0,0,0,0,0,0,0,0,0,0
794,5,1349,386,1438,371,972,1395,782,963,1622,0,0,0,0,0,0,0,0,0,0,0
1294,389,509,1557,0,0,0,0,0,0,0,0,0,0,0,0,0,0,0,0,0,0
1636,1149,573,29,0,0,0,0,0,0,0,0,0,0,0,0,0,0,0,0,0,0
1009,1572,425,1123,1333,91,580,801,483,0,0,0,0,0,0,0,0,0,0,0,0,0
341,1000,1036,0,0,0,0,0,0,0,0,0,0,0,0,0,0,0,0,0,0,0
405,1066,119,715,1006,1555,1327,0,0,0,0,0,0,0,0,0,0,0,0,0,0,0
846,1628,706,162,953,1147,1303,1098,211,0,0,0,0,0,0,0,0,0,0,0,0,0
1076,1280,1527,1511,1075,749,541,0,0,0,0,0,0,0,0,0,0,0,0,0,0,0
1414,1520,512,1192,1358,1219,1609,1021,1251,639,857,858,0,0,0,0,0,0,0,0,0,0
1319,226,1422,637,336,0,0,0,0,0,0,0,0,0,0,0,0,0,0,0,0,0
1307,684,783,0,0,0,0,0,0,0,0,0,0,0,0,0,0,0,0,0,0,0
658,1194,395,255,172,793,0,0,0,0,0,0,0,0,0,0,0,0,0,0,0,0
415,1436,308,223,1371,68,0,0,0,0,0,0,0,0,0,0,0,0,0,0,0,0
1031,699,932,519,407,0,0,0,0,0,0,0,0,0,0,0,0,0,0,0,0,0
849,1400,614,1224,0,0,0,0,0,0,0,0,0,0,0,0,0,0,0,0,0,0
1392,633,315,84,0,0,0,0,0,0,0,0,0,0,0,0,0,0,0,0,0,0
546,400,847,1580,249,900,198,0,0,0,0,0,0,0,0,0,0,0,0,0,0,0
874,763,987,1079,283,499,427,1152,752,0,0,0,0,0,0,0,0,0,0,0,0,0
1496,697,0,0,0,0,0,0,0,0,0,0,0,0,0,0,0,0,0,0,0,0
833,210,708,947,591,446,179,1587,0,0,0,0,0,0,0,0,0,0,0,0,0,0
667,497,728,1227,599,1199,641,86,0,0,0,0,0,0,0,0,0,0,0,0,0,0
1460,1158,602,1486,642,610,1044,935,605,33,1521,1112,719,871,713,1593,670,654,0,0,0,0
1461,1125,1184,403,1545,1096,235,64,829,628,1546,360,1085,1345,760,699,584,1258,1299,0,0,0
602,876,143,134,785,614,1261,203,299,0,0,0,0,0,0,0,0,0,0,0,0,0
497,1085,1287,1287,935,492,1351,249,929,567,959,0,0,0,0,0,0,0,0,0,0,0
429,713,1176,339,0,0,0,0,0,0,0,0,0,0,0,0,0,0,0,0,0,0
598,812,1385,0,0,0,0,0,0,0,0,0,0,0,0,0,0,0,0,0,0,0
1555,1395,697,495,1546,746,771,1183,1461,0,0,0,0,0,0,0,0,0,0,0,0,0
283,834,1609,358,171,0,0,0,0,0,0,0,0,0,0,0,0,0,0,0,0,0
230,1011,798,661,820,953,1124,1002,0,0,0,0,0,0,0,0,0,0,0,0,0,0
1066,689,392,1031,1356,940,0,0,0,0,0,0,0,0,0,0,0,0,0,0,0,0
253,1087,1149,1170,932,1478,64,0,0,0,0,0,0,0,0,0,0,0,0,0,0,0
600,1415,728,1562,1329,974,0,0,0,0,0,0,0,0,0,0,0,0,0,0,0,0
1144,1368,172,100,0,0,0,0,0,0,0,0,0,0,0,0,0,0,0,0,0,0
255,1227,1580,0,0,0,0,0,0,0,0,0,0,0,0,0,0,0,0,0,0,0
1319,1592,0,0,0,0,0,0,0,0,0,0,0,0,0,0,0,0,0,0,0,0
1006,323,749,708,484,861,1436,1232,1312,1620,0,0,0,0,0,0,0,0,0,0,0,0
343,1027,1243,0,0,0,0,0,0,0,0,0,0,0,0,0,0,0,0,0,0,0
383,804,553,1245,633,624,1197,0,0,0,0,0,0,0,0,0,0,0,0,0,0,0
104,1581,169,0,0,0,0,0,0,0,0,0,0,0,0,0,0,0,0,0,0,0
1451,336,1171,766,1371,0,0,0,0,0,0,0,0,0,0,0,0,0,0,0,0,0
437,738,662,1009,869,1194,900,1299,0,0,0,0,0,0,0,0,0,0,0,0,0,0
108,184,168,1527,467,1414,972,1370,340,490,755,0,0,0,0,0,0,0,0,0,0,0
1628,304,63,569,1140,1629,575,226,1456,447,0,0,0,0,0,0,0,0,0,0,0,0
280,1139,1472,1119,963,1522,683,1326,745,1184,0,0,0,0,0,0,0,0,0,0,0,0
12,1092,210,1108,0,0,0,0,0,0,0,0,0,0,0,0,0,0,0,0,0,0
113,1524,658,1123,1621,55,325,1369,1493,827,1132,485,776,719,0,0,0,0,0,0,0,0
162,172,137,1051,1303,492,857,1515,982,307,733,858,0,0,0,0,0,0,0,0,0,0
159,769,498,1403,10,429,873,378,715,0,0,0,0,0,0,0,0,0,0,0,0,0
792,575,878,299,0,0,0,0,0,0,0,0,0,0,0,0,0,0,0,0,0,0
1581,1092,1144,807,1557,1200,0,0,0,0,0,0,0,0,0,0,0,0,0,0,0,0
1183,937,1420,1229,1631,1460,0,0,0,0,0,0,0,0,0,0,0,0,0,0,0,0
441,800,157,407,1170,1438,620,520,1609,1508,0,0,0,0,0,0,0,0,0,0,0,0
1327,210,86,0,0,0,0,0,0,0,0,0,0,0,0,0,0,0,0,0,0,0
1112,1075,1098,1245,692,821,0,0,0,0,0,0,0,0,0,0,0,0,0,0,0,0
834,1202,659,0,0,0,0,0,0,0,0,0,0,0,0,0,0,0,0,0,0,0
622,1123,1315,0,0,0,0,0,0,0,0,0,0,0,0,0,0,0,0,0,0,0
872,1215,230,501,1505,405,728,0,0,0,0,0,0,0,0,0,0,0,0,0,0,0
1301,353,339,0,0,0,0,0,0,0,0,0,0,0,0,0,0,0,0,0,0,0
1512,738,763,795,953,1511,13,1526,1006,1089,0,0,0,0,0,0,0,0,0,0,0,0
1104,127,960,64,1395,401,1260,1194,340,0,0,0,0,0,0,0,0,0,0,0,0,0
484,684,136,670,1370,508,1219,0,0,0,0,0,0,0,0,0,0,0,0,0,0,0
427,1536,1356,0,0,0,0,0,0,0,0,0,0,0,0,0,0,0,0,0,0,0
109,814,916,1171,1423,1149,0,0,0,0,0,0,0,0,0,0,0,0,0,0,0,0
1436,179,1017,1317,637,0,0,0,0,0,0,0,0,0,0,0,0,0,0,0,0,0
766,1572,605,0,0,0,0,0,0,0,0,0,0,0,0,0,0,0,0,0,0,0
1345,1261,1044,0,0,0,0,0,0,0,0,0,0,0,0,0,0,0,0,0,0,0
1035,592,1319,1139,198,660,0,0,0,0,0,0,0,0,0,0,0,0,0,0,0,0
1341,439,55,947,0,0,0,0,0,0,0,0,0,0,0,0,0,0,0,0,0,0
1343,94,724,408,403,63,343,1173,1622,1172,1545,635,0,0,0,0,0,0,0,0,0,0
601,1369,719,184,1546,1522,0,0,0,0,0,0,0,0,0,0,0,0,0,0,0,0
1183,1148,959,1152,446,1440,667,68,159,216,937,731,0,0,0,0,0,0,0,0,0,0
724,749,733,1385,1011,413,833,169,0,0,0,0,0,0,0,0,0,0,0,0,0,0
1079,1519,1565,177,499,874,1416,435,584,0,0,0,0,0,0,0,0,0,0,0,0,0
483,1061,1111,963,492,726,919,55,0,0,0,0,0,0,0,0,0,0,0,0,0,0
1172,84,1112,1555,834,575,1002,947,104,0,0,0,0,0,0,0,0,0,0,0,0,0
530,1294,210,1522,1327,1044,639,590,0,0,0,0,0,0,0,0,0,0,0,0,0,0
1303,280,972,660,0,0,0,0,0,0,0,0,0,0,0,0,0,0,0,0,0,0
1192,1609,565,200,467,980,1031,498,1227,872,0,0,0,0,0,0,0,0,0,0,0,0
908,1047,1200,1224,437,254,683,1423,1262,267,94,194,1098,989,1009,0,0,0,0,0,0,0
403,1087,1351,397,1089,0,0,0,0,0,0,0,0,0,0,0,0,0,0,0,0,0
1332,1329,283,732,1496,405,0,0,0,0,0,0,0,0,0,0,0,0,0,0,0,0
1371,682,66,637,858,873,600,708,1622,592,666,1075,1140,820,0,0,0,0,0,0,0,0
1258,755,253,559,718,1593,1032,253,0,0,0,0,0,0,0,0,0,0,0,0,0,0
628,447,1171,0,0,0,0,0,0,0,0,0,0,0,0,0,0,0,0,0,0,0
1505,1159,1618,1221,519,1420,223,1261,1065,255,1625,278,0,0,0,0,0,0,0,0,0,0
476,1113,1515,63,997,0,0,0,0,0,0,0,0,0,0,0,0,0,0,0,0,0
1562,1017,1347,162,861,1395,1143,1427,0,0,0,0,0,0,0,0,0,0,0,0,0,0
136,226,745,0,0,0,0,0,0,0,0,0,0,0,0,0,0,0,0,0,0,0
29,1331,1093,139,771,1631,166,814,614,1049,1307,610,645,719,466,0,0,0,0,0,0,0
1125,689,427,0,0,0,0,0,0,0,0,0,0,0,0,0,0,0,0,0,0,0
1315,494,697,0,0,0,0,0,0,0,0,0,0,0,0,0,0,0,0,0,0,0
746,1155,1407,1356,901,417,0,0,0,0,0,0,0,0,0,0,0,0,0,0,0,0
692,593,1328,157,623,1369,512,849,654,1139,1357,707,53,1197,641,0,0,0,0,0,0,0
1635,188,188,578,501,179,488,1312,211,1301,1486,0,0,0,0,0,0,0,0,0,0,0
1330,1345,1202,738,492,637,820,336,1572,726,658,1080,1294,1415,340,0,0,0,0,0,0,0
1173,83,307,1511,796,408,1057,1527,0,0,0,0,0,0,0,0,0,0,0,0,0,0
935,1049,1098,1368,776,1232,0,0,0,0,0,0,0,0,0,0,0,0,0,0,0,0
764,1123,1592,1246,435,0,0,0,0,0,0,0,0,0,0,0,0,0,0,0,0,0
299,1132,125,1275,1044,1319,829,1369,604,0,0,0,0,0,0,0,0,0,0,0,0,0
1636,1440,304,253,827,1331,199,1065,1347,0,0,0,0,0,0,0,0,0,0,0,0,0
1144,988,849,346,1456,496,1258,628,1149,1438,1013,417,1284,0,0,0,0,0,0,0,0,0
771,494,662,843,46,63,0,0,0,0,0,0,0,0,0,0,0,0,0,0,0,0
211,699,1282,749,1061,963,1593,947,0,0,0,0,0,0,0,0,0,0,0,0,0,0
67,1238,1522,606,642,614,254,592,0,0,0,0,0,0,0,0,0,0,0,0,0,0
194,766,724,795,1194,692,0,0,0,0,0,0,0,0,0,0,0,0,0,0,0,0
1580,746,1086,1089,1581,94,570,405,1087,0,0,0,0,0,0,0,0,0,0,0,0,0
1408,210,1224,1315,68,546,1508,1382,437,0,0,0,0,0,0,0,0,0,0,0,0,0
1031,1403,39,1555,661,876,1006,1461,684,0,0,0,0,0,0,0,0,0,0,0,0,0
179,139,1544,265,313,1312,1620,498,0,0,0,0,0,0,0,0,0,0,0,0,0,0
922,754,731,226,1261,1333,633,1609,714,497,1526,0,0,0,0,0,0,0,0,0,0,0
1503,989,295,307,1209,0,0,0,0,0,0,0,0,0,0,0,0,0,0,0,0,0
323,1295,645,1203,13,840,1349,0,0,0,0,0,0,0,0,0,0,0,0,0,0,0
1219,429,885,1293,696,338,0,0,0,0,0,0,0,0,0,0,0,0,0,0,0,0
427,372,1172,508,660,0,0,0,0,0,0,0,0,0,0,0,0,0,0,0,0,0
1009,1095,1002,1536,1618,0,0,0,0,0,0,0,0,0,0,0,0,0,0,0,0,0
937,846,790,0,0,0,0,0,0,0,0,0,0,0,0,0,0,0,0,0,0,0
1326,184,893,1148,143,1420,755,932,584,1530,431,0,0,0,0,0,0,0,0,0,0,0
590,1628,441,1395,407,235,737,974,0,0,0,0,0,0,0,0,0,0,0,0,0,0
871,1176,508,675,226,0,0,0,0,0,0,0,0,0,0,0,0,0,0,0,0,0
580,12,579,1275,796,792,1149,109,1243,963,1250,0,0,0,0,0,0,0,0,0,0,0
1031,1299,584,1307,872,718,0,0,0,0,0,0,0,0,0,0,0,0,0,0,0,0
5,821,1016,6,315,328,1505,1520,0,0,0,0,0,0,0,0,0,0,0,0,0,0
235,771,1066,974,1448,659,707,1044,1147,1345,0,0,0,0,0,0,0,0,0,0,0,0
593,935,661,599,1423,691,593,13,1581,0,0,0,0,0,0,0,0,0,0,0,0,0
442,870,431,0,0,0,0,0,0,0,0,0,0,0,0,0,0,0,0,0,0,0
639,210,1382,605,1037,1076,576,0,0,0,0,0,0,0,0,0,0,0,0,0,0,0
1203,1580,1532,1472,1065,1478,512,1261,1048,0,0,0,0,0,0,0,0,0,0,0,0,0
1358,1293,171,1620,919,0,0,0,0,0,0,0,0,0,0,0,0,0,0,0,0,0
53,1315,492,1333,559,346,1609,834,1545,1027,591,29,0,0,0,0,0,0,0,0,0,0
1200,413,848,852,230,633,0,0,0,0,0,0,0,0,0,0,0,0,0,0,0,0
1329,498,125,408,622,1347,1021,1368,1405,0,0,0,0,0,0,0,0,0,0,0,0,0
1215,1496,249,407,447,223,1024,198,0,0,0,0,0,0,0,0,0,0,0,0,0,0
1557,569,1221,879,348,953,0,0,0,0,0,0,0,0,0,0,0,0,0,0,0,0
1132,785,1124,0,0,0,0,0,0,0,0,0,0,0,0,0,0,0,0,0,0,0
1486,235,466,1301,606,1152,561,846,0,0,0,0,0,0,0,0,0,0,0,0,0,0
1194,885,734,543,0,0,0,0,0,0,0,0,0,0,0,0,0,0,0,0,0,0
778,94,378,1093,752,267,0,0,0,0,0,0,0,0,0,0,0,0,0,0,0,0
575,1232,1197,0,0,0,0,0,0,0,0,0,0,0,0,0,0,0,0,0,0,0
977,280,1420,614,546,1229,1312,100,0,0,0,0,0,0,0,0,0,0,0,0,0,0
46,341,33,1618,827,1451,1605,0,0,0,0,0,0,0,0,0,0,0,0,0,0,0
1139,1019,829,1246,1546,0,0,0,0,0,0,0,0,0,0,0,0,0,0,0,0,0
783,849,955,1272,627,1089,1079,1555,1407,1408,0,0,0,0,0,0,0,0,0,0,0,0
1351,187,1092,55,1374,497,494,133,1032,878,172,488,1250,1355,947,1330,754,425,1047,849,0,0
1493,134,1592,1605,1512,1171,691,654,919,0,0,0,0,0,0,0,0,0,0,0,0,0
427,1203,495,639,1611,724,339,1280,726,1527,0,0,0,0,0,0,0,0,0,0,0,0
723,1326,708,1159,512,752,0,0,0,0,0,0,0,0,0,0,0,0,0,0,0,0
1295,1238,439,1144,1468,659,29,627,137,265,953,1275,0,0,0,0,0,0,0,0,0,0
61,622,492,569,749,843,0,0,0,0,0,0,0,0,0,0,0,0,0,0,0,0
295,283,1044,1496,833,1037,0,0,0,0,0,0,0,0,0,0,0,0,0,0,0,0
1243,1625,1009,0,0,0,0,0,0,0,0,0,0,0,0,0,0,0,0,0,0,0
565,1104,578,620,35,782,1426,569,1392,778,1123,0,0,0,0,0,0,0,0,0,0,0
675,776,1035,408,466,442,1530,987,1581,0,0,0,0,0,0,0,0,0,0,0,0,0
870,328,795,1251,372,932,599,1049,1347,171,0,0,0,0,0,0,0,0,0,0,0,0
360,1021,1532,226,88,1246,389,827,397,846,0,0,0,0,0,0,0,0,0,0,0,0
804,1329,12,1076,715,407,0,0,0,0,0,0,0,0,0,0,0,0,0,0,0,0
873,1221,1200,1149,125,702,879,33,1635,0,0,0,0,0,0,0,0,0,0,0,0,0
718,1017,113,75,1119,1284,194,441,996,392,390,348,0,0,0,0,0,0,0,0,0,0
593,1031,1294,0,0,0,0,0,0,0,0,0,0,0,0,0,0,0,0,0,0,0
1093,658,86,143,1332,697,0,0,0,0,0,0,0,0,0,0,0,0,0,0,0,0
699,1095,553,1370,852,0,0,0,0,0,0,0,0,0,0,0,0,0,0,0,0,0
820,1371,68,1098,1140,829,1620,485,261,1139,184,580,340,0,0,0,0,0,0,0,0,0
-1,1143,1572,1312,139,895,1301,624,696,0,0,0,0,0,0,0,0,0,0,0,0,0
46,1587,1002,1562,164,447,1535,0,0,0,0,0,0,0,0,0,0,0,0,0,0,0
63,1358,1256,484,336,1096,682,0,0,0,0,0,0,0,0,0,0,0,0,0,0,0
1245,490,834,316,1486,745,866,0,0,0,0,0,0,0,0,0,0,0,0,0,0,0
1307,24,38,670,1545,175,157,501,0,0,0,0,0,0,0,0,0,0,0,0,0,0
855,233,1547,667,124,1578,1214,1483,239,1558,1223,370,0,0,0,0,0,0,0,0,0,0
1619,61,906,190,1588,1297,887,0,0,0,0,0,0,0,0,0,0,0,0,0,0,0
1235,772,297,1267,1289,1076,1294,761,1472,88,848,561,639,778,324,324,0,0,0,0,0,0
980,1152,1243,691,0,0,0,0,0,0,0,0,0,0,0,0,0,0,0,0,0,0
418,1355,141,1276,1262,0,0,0,0,0,0,0,0,0,0,0,0,0,0,0,0,0
934,111,1394,427,1350,1293,1401,713,1151,759,311,1109,478,1413,1172,1083,1311,599,198,624,0,0
837,1469,789,1324,812,1181,827,614,1579,299,0,0,0,0,0,0,0,0,0,0,0,0
687,56,467,1236,1510,1612,1005,1367,171,43,120,900,364,500,0,0,0,0,0,0,0,0
1361,1022,1052,1144,724,1021,1090,1036,1256,0,0,0,0,0,0,0,0,0,0,0,0,0
223,1113,248,781,10,181,113,308,645,626,1044,512,258,350,642,0,0,0,0,0,0,0
592,191,501,325,0,0,0,0,0,0,0,0,0,0,0,0,0,0,0,0,0,0
552,24,1285,943,0,0,0,0,0,0,0,0,0,0,0,0,0,0,0,0,0,0
804,21,579,801,575,1440,358,1389,1248,1280,1416,0,0,0,0,0,0,0,0,0,0,0
596,766,1184,63,1557,1500,0,0,0,0,0,0,0,0,0,0,0,0,0,0,0,0
507,399,1419,519,1142,810,1460,1507,0,0,0,0,0,0,0,0,0,0,0,0,0,0
1584,398,130,547,480,18,1171,339,55,1132,0,0,0,0,0,0,0,0,0,0,0,0
1563,1363,1084,0,0,0,0,0,0,0,0,0,0,0,0,0,0,0,0,0,0,0
1110,555,361,1101,796,661,0,0,0,0,0,0,0,0,0,0,0,0,0,0,0,0
1078,1399,771,1183,553,1059,1566,834,554,93,0,0,0,0,0,0,0,0,0,0,0,0
702,1330,121,0,0,0,0,0,0,0,0,0,0,0,0,0,0,0,0,0,0,0
638,1216,911,1153,154,1108,0,0,0,0,0,0,0,0,0,0,0,0,0,0,0,0
1234,1127,64,1335,458,685,1185,0,0,0,0,0,0,0,0,0,0,0,0,0,0,0
776,1382,1237,0,0,0,0,0,0,0,0,0,0,0,0,0,0,0,0,0,0,0
689,437,234,955,1393,1362,633,1162,0,0,0,0,0,0,0,0,0,0,0,0,0,0
