1515,1246,1015,1347,1301,1536,1545,1405,392,6,785,0,0,0,0,0,0,0,0,0,0,0,0
1037,1427,959,175,624,977,1581,567,840,1152,1486,339,0,0,0,0,0,0,0,0,0,0,0
169,88,338,755,1287,446,1292,1022,1158,980,38,0,0,0,0,0,0,0,0,0,0,0,0
82,1400,605,592,1546,763,1262,1149,346,1436,1511,397,683,492,728,283,0,0,0,0,0,0,0
1621,1416,793,1382,13,761,0,0,0,0,0,0,0,0,0,0,0,0,0,0,0,0,0
109,1555,1496,495,1587,0,0,0,0,0,0,0,0,0,0,0,0,0,0,0,0,0,0
1508,953,501,974,61,960,1011,610,1031,584,821,999,0,0,0,0,0,0,0,0,0,0,0
1544,1392,639,622,778,812,403,0,0,0,0,0,0,0,0,0,0,0,0,0,0,0,0
1312,554,0,0,0,0,0,0,0,0,0,0,0,0,0,0,0,0,0,0,0,0,0
373,46,413,604,1086,1369,0,0,0,0,0,0,0,0,0,0,0,0,0,0,0,0,0
1282,1562,883,1331,561,689,769,0,0,0,0,0,0,0,0,0,0,0,0,0,0,0,0
807,1098,240,316,1415,33,210,137,732,1173,368,994,885,0,0,0,0,0,0,0,0,0,0
820,91,662,106,963,211,0,0,0,0,0,0,0,0,0,0,0,0,0,0,0,0,0
203,1488,888,591,0,0,0,0,0,0,0,0,0,0,0,0,0,0,0,0,0,0,0
162,378,136,988,66,559,600,0,0,0,0,0,0,0,0,0,0,0,0,0,0,0,0
0,0,0,0,0,0,0,0,0,0,0,0,0,0,0,0,0,0,0,0,0,0,0
1139,754,1628,1620,145,843,313,0,0,0,0,0,0,0,0,0,0,0,0,0,0,0,0
159,1260,340,0,0,0,0,0,0,0,0,0,0,0,0,0,0,0,0,0,0,0,0
829,1061,265,1092,1565,415,0,0,0,0,0,0,0,0,0,0,0,0,0,0,0,0,0
1608,901,691,660,1224,1478,386,119,1535,1200,852,12,834,1345,1622,389,0,0,0,0,0,0,0
35,383,573,804,935,429,0,0,0,0,0,0,0,0,0,0,0,0,0,0,0,0,0
39,869,796,866,696,1629,1524,1384,360,166,0,0,0,0,0,0,0,0,0,0,0,0,0
623,0,0,0,0,0,0,0,0,0,0,0,0,0,0,0,0,0,0,0,0,0,0
0,0,0,0,0,0,0,0,0,0,0,0,0,0,0,0,0,0,0,0,0,0,0
388,1351,733,658,84,599,1049,879,91,446,0,0,0,0,0,0,0,0,0,0,0,0,0
1606,1609,159,871,82,1124,1006,415,390,1172,702,1524,1451,641,0,0,0,0,0,0,0,0,0
485,1017,940,1096,0,0,0,0,0,0,0,0,0,0,0,0,0,0,0,0,0,0,0
203,793,307,1358,661,0,0,0,0,0,0,0,0,0,0,0,0,0,0,0,0,0,0
68,371,490,29,1461,734,0,0,0,0,0,0,0,0,0,0,0,0,0,0,0,0,0
1625,1527,1159,372,929,782,1184,0,0,0,0,0,0,0,0,0,0,0,0,0,0,0,0
1016,814,0,0,0,0,0,0,0,0,0,0,0,0,0,0,0,0,0,0,0,0,0
820,346,1440,403,1385,623,804,0,0,0,0,0,0,0,0,0,0,0,0,0,0,0,0
1536,737,980,812,295,0,0,0,0,0,0,0,0,0,0,0,0,0,0,0,0,0,0
1011,955,405,0,0,0,0,0,0,0,0,0,0,0,0,0,0,0,0,0,0,0,0
323,708,972,1171,0,0,0,0,0,0,0,0,0,0,0,0,0,0,0,0,0,0,0
982,1578,0,0,0,0,0,0,0,0,0,0,0,0,0,0,0,0,0,0,0,0,0
1155,1519,415,401,1515,447,1629,131,994,1505,579,327,800,580,483,0,0,0,0,0,0,0,0
299,304,812,0,0,0,0,0,0,0,0,0,0,0,0,0,0,0,0,0,0,0,0
660,645,980,496,682,1327,315,995,0,0,0,0,0,0,0,0,0,0,0,0,0,0,0
1080,1061,341,0,0,0,0,0,0,0,0,0,0,0,0,0,0,0,0,0,0,0,0
1089,1526,1520,33,0,0,0,0,0,0,0,0,0,0,0,0,0,0,0,0,0,0,0
627,1392,499,373,188,145,1330,861,1147,1272,1209,0,0,0,0,0,0,0,0,0,0,0,0
1112,1488,108,1581,172,1149,249,0,0,0,0,0,0,0,0,0,0,0,0,0,0,0,0
950,0,0,0,0,0,0,0,0,0,0,0,0,0,0,0,0,0,0,0,0,0,0
283,441,1092,1448,1422,1496,1608,0,0,0,0,0,0,0,0,0,0,0,0,0,0,0,0
637,316,692,1357,1438,988,922,0,0,0,0,0,0,0,0,0,0,0,0,0,0,0,0
0,0,0,0,0,0,0,0,0,0,0,0,0,0,0,0,0,0,0,0,0,0,0
425,339,395,442,1280,1299,0,0,0,0,0,0,0,0,0,0,0,0,0,0,0,0,0
604,1422,1400,959,1184,987,999,0,0,0,0,0,0,0,0,0,0,0,0,0,0,0,0
715,1275,1520,895,1440,171,1246,0,0,0,0,0,0,0,0,0,0,0,0,0,0,0,0
1139,498,937,278,728,1358,1149,373,53,1622,982,1331,1292,1501,98,1128,0,0,0,0,0,0,0
731,1478,466,254,654,610,620,292,1027,0,0,0,0,0,0,0,0,0,0,0,0,0,0
800,405,1006,1319,0,0,0,0,0,0,0,0,0,0,0,0,0,0,0,0,0,0,0
591,1271,706,1521,940,0,0,0,0,0,0,0,0,0,0,0,0,0,0,0,0,0,0
13,1070,108,295,966,0,0,0,0,0,0,0,0,0,0,0,0,0,0,0,0,0,0
508,1347,1243,0,0,0,0,0,0,0,0,0,0,0,0,0,0,0,0,0,0,0,0
814,1250,446,919,682,1093,0,0,0,0,0,0,0,0,0,0,0,0,0,0,0,0,0
509,1037,184,916,1095,358,606,876,633,0,0,0,0,0,0,0,0,0,0,0,0,0,0
1113,1635,0,0,0,0,0,0,0,0,0,0,0,0,0,0,0,0,0,0,0,0,0
24,0,0,0,0,0,0,0,0,0,0,0,0,0,0,0,0,0,0,0,0,0,0
235,1626,0,0,0,0,0,0,0,0,0,0,0,0,0,0,0,0,0,0,0,0,0
1508,614,198,697,1496,340,125,0,0,0,0,0,0,0,0,0,0,0,0,0,0,0,0
346,871,1087,142,86,1611,1426,427,995,1620,737,0,0,0,0,0,0,0,0,0,0,0,0
315,953,635,1512,159,1578,1251,1605,666,754,861,0,0,0,0,0,0,0,0,0,0,0,0
977,1245,1625,900,0,0,0,0,0,0,0,0,0,0,0,0,0,0,0,0,0,0,0
1581,723,732,1117,63,1284,1098,1159,1140,1112,553,1486,623,1374,1209,0,0,0,0,0,0,0,0
980,570,846,827,1345,169,1143,1287,139,1096,1493,497,0,0,0,0,0,0,0,0,0,0,0
1155,368,255,1057,1176,1562,996,1282,1258,763,392,0,0,0,0,0,0,0,0,0,0,0,0
1395,1044,1019,960,1061,760,1076,1608,734,947,1132,407,1629,0,0,0,0,0,0,0,0,0,0
714,0,0,0,0,0,0,0,0,0,0,0,0,0,0,0,0,0,0,0,0,0,0
605,-1,1333,336,371,409,0,0,0,0,0,0,0,0,0,0,0,0,0,0,0,0,0
559,1017,1609,175,622,175,745,0,0,0,0,0,0,0,0,0,0,0,0,0,0,0,0
764,1250,691,1123,39,240,0,0,0,0,0,0,0,0,0,0,0,0,0,0,0,0,0
1625,1593,1347,68,1303,1438,499,661,953,546,0,0,0,0,0,0,0,0,0,0,0,0,0
1076,660,1618,1408,-1,1456,601,988,1080,834,1587,199,1111,1295,1140,410,565,0,0,0,0,0,0
796,509,1635,584,157,401,579,858,38,1294,171,1271,883,1422,639,1416,796,1075,1086,1139,1633,467,216
675,67,846,372,1382,33,977,255,1292,371,409,267,94,1519,575,368,1096,763,1009,1341,0,0,0
488,714,139,295,1215,916,1407,1299,1526,188,1219,1261,645,1388,1044,812,1358,839,1544,1061,0,0,0
360,1464,137,667,662,1512,166,1006,1124,307,413,210,253,1104,223,1036,1420,0,0,0,0,0,0
386,1426,919,792,752,1331,230,498,1176,1192,194,10,46,769,1284,1051,1307,1460,801,996,0,0,0
1251,492,1272,373,1021,1224,86,299,1037,125,0,0,0,0,0,0,0,0,0,0,0,0,0
866,1060,795,1440,1545,840,1405,893,100,1358,1301,248,999,1184,127,852,1200,83,0,0,0,0,0
1535,995,315,861,1395,684,439,1149,415,849,783,1511,821,0,0,0,0,0,0,0,0,0,0
1327,614,109,1333,198,692,113,732,1533,1622,0,0,0,0,0,0,0,0,0,0,0,0,0
602,592,175,929,1343,642,708,1581,900,731,159,553,0,0,0,0,0,0,0,0,0,0,0
340,618,715,1170,870,1066,1027,417,1427,1532,782,0,0,0,0,0,0,0,0,0,0,0,0
633,143,133,108,1092,405,829,0,0,0,0,0,0,0,0,0,0,0,0,0,0,0,0
567,520,104,278,24,0,0,0,0,0,0,0,0,0,0,0,0,0,0,0,0,0,0
960,760,61,696,179,746,1095,790,1368,496,0,0,0,0,0,0,0,0,0,0,0,0,0
723,1620,559,435,53,476,0,0,0,0,0,0,0,0,0,0,0,0,0,0,0,0,0
578,441,1332,814,1047,159,6,446,728,494,168,994,1258,1315,800,778,1468,392,1536,119,0,0,0
495,1010,641,308,323,0,0,0,0,0,0,0,0,0,0,0,0,0,0,0,0,0,0
807,447,35,798,755,1636,490,1022,605,519,1448,1384,573,397,0,0,0,0,0,0,0,0,0
1238,888,1262,12,719,873,771,935,1578,1580,0,0,0,0,0,0,0,0,0,0,0,0,0
848,0,0,0,0,0,0,0,0,0,0,0,0,0,0,0,0,0,0,0,0,0,0
1098,1357,501,576,980,1089,395,1369,1031,429,283,1611,427,338,336,0,0,0,0,0,0,0,0
1015,1578,88,1415,113,1149,1626,872,972,749,249,442,1357,134,614,0,0,0,0,0,0,0,0
929,689,0,0,0,0,0,0,0,0,0,0,0,0,0,0,0,0,0,0,0,0,0
67,-1,1603,0,0,0,0,0,0,0,0,0,0,0,0,0,0,0,0,0,0,0,0
576,346,520,0,0,0,0,0,0,0,0,0,0,0,0,0,0,0,0,0,0,0,0
258,410,0,0,0,0,0,0,0,0,0,0,0,0,0,0,0,0,0,0,0,0,0
1524,755,1125,1282,1111,0,0,0,0,0,0,0,0,0,0,0,0,0,0,0,0,0,0
168,708,1405,1060,1075,1192,1423,162,869,38,1243,91,840,211,1611,0,0,0,0,0,0,0,0
1580,953,1546,497,360,1330,0,0,0,0,0,0,0,0,0,0,0,0,0,0,0,0,0
627,1562,660,1049,599,388,947,733,0,0,0,0,0,0,0,0,0,0,0,0,0,0,0
1132,0,0,0,0,0,0,0,0,0,0,0,0,0,0,0,0,0,0,0,0,0,0
341,10,908,373,127,1272,792,782,0,0,0,0,0,0,0,0,0,0,0,0,0,0,0
937,1006,1124,142,696,982,1371,1140,723,618,935,0,0,0,0,0,0,0,0,0,0,0,0
348,400,667,771,109,1251,0,0,0,0,0,0,0,0,0,0,0,0,0,0,0,0,0
1530,639,1143,1515,1622,1581,429,1331,0,0,0,0,0,0,0,0,0,0,0,0,0,0,0
1522,1618,857,807,1621,706,919,1373,0,0,0,0,0,0,0,0,0,0,0,0,0,0,0
761,659,561,1176,0,0,0,0,0,0,0,0,0,0,0,0,0,0,0,0,0,0,0
417,1609,1635,1347,1048,1426,307,0,0,0,0,0,0,0,0,0,0,0,0,0,0,0,0
1197,1456,1087,0,0,0,0,0,0,0,0,0,0,0,0,0,0,0,0,0,0,0,0
812,1349,164,446,0,0,0,0,0,0,0,0,0,0,0,0,0,0,0,0,0,0,0
64,1262,543,1071,108,86,573,1527,866,977,1374,988,1036,0,0,0,0,0,0,0,0,0,0
988,888,0,0,0,0,0,0,0,0,0,0,0,0,0,0,0,0,0,0,0,0,0
793,0,0,0,0,0,0,0,0,0,0,0,0,0,0,0,0,0,0,0,0,0,0
1172,790,1407,1408,633,620,849,35,0,0,0,0,0,0,0,0,0,0,0,0,0,0,0
139,1287,1152,699,1224,1232,1532,684,253,162,395,0,0,0,0,0,0,0,0,0,0,0,0
169,988,249,119,1384,866,125,1037,360,0,0,0,0,0,0,0,0,0,0,0,0,0,0
210,1587,1147,976,0,0,0,0,0,0,0,0,0,0,0,0,0,0,0,0,0,0,0
598,108,520,1022,1415,766,1369,1011,1533,0,0,0,0,0,0,0,0,0,0,0,0,0,0
248,134,732,1262,724,1451,1373,0,0,0,0,0,0,0,0,0,0,0,0,0,0,0,0
109,304,684,1294,1592,1536,441,12,211,839,313,605,1448,199,1245,168,1096,323,1545,0,0,0,0
1620,794,139,683,590,175,575,878,200,1275,336,715,804,292,1358,83,699,55,179,1312,184,1140,0
963,94,519,1098,1293,446,752,1460,1176,508,509,763,565,600,1468,371,104,29,1155,0,0,0,0
483,295,413,1371,1427,1565,494,439,569,570,592,0,0,0,0,0,0,0,0,0,0,0,0
66,1088,872,778,871,0,0,0,0,0,0,0,0,0,0,0,0,0,0,0,0,0,0
372,633,1461,415,584,1299,1544,745,1044,675,883,495,389,0,0,0,0,0,0,0,0,0,0
1108,1064,67,1284,10,283,1408,240,1486,1332,0,0,0,0,0,0,0,0,0,0,0,0,0
131,869,912,809,38,935,660,405,1171,0,0,0,0,0,0,0,0,0,0,0,0,0,0
1139,1478,1256,1555,916,937,1407,932,579,1013,488,1199,1618,1280,0,0,0,0,0,0,0,0,0
340,1260,373,606,162,1085,719,0,0,0,0,0,0,0,0,0,0,0,0,0,0,0,0
1496,1243,5,1215,255,1392,1147,1209,1224,0,0,0,0,0,0,0,0,0,0,0,0,0,0
0,0,0,0,0,0,0,0,0,0,0,0,0,0,0,0,0,0,0,0,0,0,0
384,435,623,662,106,467,1238,209,618,661,996,852,1112,0,0,0,0,0,0,0,0,0,0
447,499,137,800,573,734,0,0,0,0,0,0,0,0,0,0,0,0,0,0,0,0,0
278,639,0,0,0,0,0,0,0,0,0,0,0,0,0,0,0,0,0,0,0,0,0
782,658,1076,1326,0,0,0,0,0,0,0,0,0,0,0,0,0,0,0,0,0,0,0
1202,353,543,559,959,490,885,63,61,1089,1625,1530,821,0,0,0,0,0,0,0,0,0,0
576,666,265,1621,1295,1532,858,843,541,86,0,0,0,0,0,0,0,0,0,0,0,0,0
893,0,0,0,0,0,0,0,0,0,0,0,0,0,0,0,0,0,0,0,0,0,0
1123,390,728,0,0,0,0,0,0,0,0,0,0,0,0,0,0,0,0,0,0,0,0
1426,559,1357,0,0,0,0,0,0,0,0,0,0,0,0,0,0,0,0,0,0,0,0
641,188,339,959,1407,0,0,0,0,0,0,0,0,0,0,0,0,0,0,0,0,0,0
1202,211,590,997,1227,1349,849,1411,713,0,0,0,0,0,0,0,0,0,0,0,0,0,0
996,1031,378,0,0,0,0,0,0,0,0,0,0,0,0,0,0,0,0,0,0,0,0
240,738,922,166,972,1562,0,0,0,0,0,0,0,0,0,0,0,0,0,0,0,0,0
692,1075,541,893,0,0,0,0,0,0,0,0,0,0,0,0,0,0,0,0,0,0,0
987,390,1087,565,6,834,1333,852,0,0,0,0,0,0,0,0,0,0,0,0,0,0,0
1628,994,492,1526,200,0,0,0,0,0,0,0,0,0,0,0,0,0,0,0,0,0,0
1096,543,417,637,0,0,0,0,0,0,0,0,0,0,0,0,0,0,0,0,0,0,0
1508,145,325,1629,1512,778,1173,327,642,1626,599,0,0,0,0,0,0,0,0,0,0,0,0
137,0,0,0,0,0,0,0,0,0,0,0,0,0,0,0,0,0,0,0,0,0,0
0,0,0,0,0,0,0,0,0,0,0,0,0,0,0,0,0,0,0,0,0,0,0
1002,508,1016,1521,995,39,1080,1271,1000,1093,0,0,0,0,0,0,0,0,0,0,0,0,0
64,1303,410,1104,1488,1403,585,254,0,0,0,0,0,0,0,0,0,0,0,0,0,0,0
136,1472,33,1036,24,488,0,0,0,0,0,0,0,0,0,0,0,0,0,0,0,0,0
1420,1152,1522,843,82,0,0,0,0,0,0,0,0,0,0,0,0,0,0,0,0,0,0
372,1326,442,846,1405,0,0,0,0,0,0,0,0,0,0,0,0,0,0,0,0,0,0
576,1351,1440,755,346,307,885,63,702,706,0,0,0,0,0,0,0,0,0,0,0,0,0
1238,876,1049,0,0,0,0,0,0,0,0,0,0,0,0,0,0,0,0,0,0,0,0
771,732,12,492,198,1331,157,1088,400,804,492,1422,900,604,340,0,0,0,0,0,0,0,0
874,1048,592,1250,746,66,872,1071,226,437,1044,1606,1079,0,0,0,0,0,0,0,0,0,0
1384,567,683,858,162,1113,1147,714,0,0,0,0,0,0,0,0,0,0,0,0,0,0,0
935,1395,338,623,1493,659,0,0,0,0,0,0,0,0,0,0,0,0,0,0,0,0,0
645,1246,684,1299,1371,1124,1261,0,0,0,0,0,0,0,0,0,0,0,0,0,0,0,0
873,873,798,1422,782,912,336,447,766,800,29,194,976,0,0,0,0,0,0,0,0,0,0
499,476,0,0,0,0,0,0,0,0,0,0,0,0,0,0,0,0,0,0,0,0,0
184,1192,35,778,769,0,0,0,0,0,0,0,0,0,0,0,0,0,0,0,0,0,0
569,119,1384,1021,600,210,0,0,0,0,0,0,0,0,0,0,0,0,0,0,0,0,0
1243,610,1139,1113,0,0,0,0,0,0,0,0,0,0,0,0,0,0,0,0,0,0,0
1535,258,501,0,0,0,0,0,0,0,0,0,0,0,0,0,0,0,0,0,0,0,0
871,198,1152,714,570,508,1051,870,1629,1224,171,792,0,0,0,0,0,0,0,0,0,0,0
127,1355,1070,737,620,1496,435,1611,427,715,0,0,0,0,0,0,0,0,0,0,0,0,0
1522,307,1438,1238,0,0,0,0,0,0,0,0,0,0,0,0,0,0,0,0,0,0,0
13,1327,1246,1260,749,0,0,0,0,0,0,0,0,0,0,0,0,0,0,0,0,0,0
1203,168,0,0,0,0,0,0,0,0,0,0,0,0,0,0,0,0,0,0,0,0,0
614,-1,1148,0,0,0,0,0,0,0,0,0,0,0,0,0,0,0,0,0,0,0,0
1242,1511,390,1505,810,696,0,0,0,0,0,0,0,0,0,0,0,0,0,0,0,0,0
0,0,0,0,0,0,0,0,0,0,0,0,0,0,0,0,0,0,0,0,0,0,0
1580,1047,1621,113,1535,771,734,794,972,667,0,0,0,0,0,0,0,0,0,0,0,0,0
821,1555,893,1416,1456,200,1119,820,0,0,0,0,0,0,0,0,0,0,0,0,0,0,0
974,1427,1626,1527,601,0,0,0,0,0,0,0,0,0,0,0,0,0,0,0,0,0,0
778,343,662,628,1272,490,1095,0,0,0,0,0,0,0,0,0,0,0,0,0,0,0,0
1581,24,280,1009,0,0,0,0,0,0,0,0,0,0,0,0,0,0,0,0,0,0,0
718,1593,0,0,0,0,0,0,0,0,0,0,0,0,0,0,0,0,0,0,0,0,0
1472,723,1271,980,1631,1460,383,706,1356,573,929,0,0,0,0,0,0,0,0,0,0,0,0
591,442,684,1468,592,371,876,0,0,0,0,0,0,0,0,0,0,0,0,0,0,0,0
726,658,1357,785,732,1132,947,654,0,0,0,0,0,0,0,0,0,0,0,0,0,0,0
143,0,0,0,0,0,0,0,0,0,0,0,0,0,0,0,0,0,0,0,0,0,0
1448,1312,878,1087,1356,1472,820,0,0,0,0,0,0,0,0,0,0,0,0,0,0,0,0
1197,590,1060,576,320,1066,0,0,0,0,0,0,0,0,0,0,0,0,0,0,0,0,0
341,885,63,1330,0,0,0,0,0,0,0,0,0,0,0,0,0,0,0,0,0,0,0
0,0,0,0,0,0,0,0,0,0,0,0,0,0,0,0,0,0,0,0,0,0,0
280,1049,125,1347,439,0,0,0,0,0,0,0,0,0,0,0,0,0,0,0,0,0,0
1508,628,714,1328,1423,1609,932,715,0,0,0,0,0,0,0,0,0,0,0,0,0,0,0
1159,177,1227,1275,1331,0,0,0,0,0,0,0,0,0,0,0,0,0,0,0,0,0,0
1282,0,0,0,0,0,0,0,0,0,0,0,0,0,0,0,0,0,0,0,0,0,0
501,1262,567,1532,1000,869,0,0,0,0,0,0,0,0,0,0,0,0,0,0,0,0,0
833,84,814,0,0,0,0,0,0,0,0,0,0,0,0,0,0,0,0,0,0,0,0
940,66,86,829,546,0,0,0,0,0,0,0,0,0,0,0,0,0,0,0,0,0,0
490,1022,1580,1358,265,1427,600,0,0,0,0,0,0,0,0,0,0,0,0,0,0,0,0
307,476,755,1119,778,139,1405,240,10,0,0,0,0,0,0,0,0,0,0,0,0,0,0
466,1271,338,425,386,1261,0,0,0,0,0,0,0,0,0,0,0,0,0,0,0,0,0
223,198,1486,666,895,0,0,0,0,0,0,0,0,0,0,0,0,0,0,0,0,0,0
0,0,0,0,0,0,0,0,0,0,0,0,0,0,0,0,0,0,0,0,0,0,0
1468,752,1112,0,0,0,0,0,0,0,0,0,0,0,0,0,0,0,0,0,0,0,0
1203,142,569,0,0,0,0,0,0,0,0,0,0,0,0,0,0,0,0,0,0,0,0
6,353,1329,1332,0,0,0,0,0,0,0,0,0,0,0,0,0,0,0,0,0,0,0
1065,323,401,1608,0,0,0,0,0,0,0,0,0,0,0,0,0,0,0,0,0,0,0
1355,745,1526,1139,900,809,0,0,0,0,0,0,0,0,0,0,0,0,0,0,0,0,0
1592,1392,598,108,299,1200,623,1016,200,1456,0,0,0,0,0,0,0,0,0,0,0,0,0
254,974,1143,0,0,0,0,0,0,0,0,0,0,0,0,0,0,0,0,0,0,0,0
5,255,0,0,0,0,0,0,0,0,0,0,0,0,0,0,0,0,0,0,0,0,0
437,794,871,1060,400,1071,1355,0,0,0,0,0,0,0,0,0,0,0,0,0,0,0,0
119,1037,1328,223,1183,0,0,0,0,0,0,0,0,0,0,0,0,0,0,0,0,0,0
940,0,0,0,0,0,0,0,0,0,0,0,0,0,0,0,0,0,0,0,0,0,0
5,6,635,348,960,1609,696,0,0,0,0,0,0,0,0,0,0,0,0,0,0,0,0
1581,1416,405,497,211,1282,1508,1209,0,0,0,0,0,0,0,0,0,0,0,0,0,0,0
1505,372,373,1555,1557,0,0,0,0,0,0,0,0,0,0,0,0,0,0,0,0,0,0
1280,1557,755,254,723,383,177,1472,267,559,1620,627,1625,839,1147,0,0,0,0,0,0,0,0
1272,1581,508,0,0,0,0,0,0,0,0,0,0,0,0,0,0,0,0,0,0,0,0
783,661,520,63,1031,1331,885,0,0,0,0,0,0,0,0,0,0,0,0,0,0,0,0
226,820,974,1258,622,403,0,0,0,0,0,0,0,0,0,0,0,0,0,0,0,0,0
108,1048,1329,0,0,0,0,0,0,0,0,0,0,0,0,0,0,0,0,0,0,0,0
578,39,1608,86,1408,1478,435,1626,1284,0,0,0,0,0,0,0,0,0,0,0,0,0,0
490,299,64,1562,0,0,0,0,0,0,0,0,0,0,0,0,0,0,0,0,0,0,0
901,565,1143,1199,1347,0,0,0,0,0,0,0,0,0,0,0,0,0,0,0,0,0,0
66,100,1426,1451,187,0,0,0,0,0,0,0,0,0,0,0,0,0,0,0,0,0,0
1486,235,1519,605,1256,659,713,1621,624,0,0,0,0,0,0,0,0,0,0,0,0,0,0
1349,1520,883,769,1332,0,0,0,0,0,0,0,0,0,0,0,0,0,0,0,0,0,0
1369,812,395,292,1006,959,1149,1171,0,0,0,0,0,0,0,0,0,0,0,0,0,0,0
198,0,0,0,0,0,0,0,0,0,0,0,0,0,0,0,0,0,0,0,0,0,0
618,1301,997,1245,175,179,0,0,0,0,0,0,0,0,0,0,0,0,0,0,0,0,0
1351,0,0,0,0,0,0,0,0,0,0,0,0,0,0,0,0,0,0,0,0,0,0
996,570,878,980,1440,706,0,0,0,0,0,0,0,0,0,0,0,0,0,0,0,0,0
94,1611,790,734,885,1420,1219,1496,579,0,0,0,0,0,0,0,0,0,0,0,0,0,0
1385,1035,1093,1330,194,1132,323,0,0,0,0,0,0,0,0,0,0,0,0,0,0,0,0
1388,1503,546,53,702,0,0,0,0,0,0,0,0,0,0,0,0,0,0,0,0,0,0
959,446,1293,1197,1456,1124,602,1392,1200,829,645,403,0,0,0,0,0,0,0,0,0,0,0
752,764,1075,194,1048,0,0,0,0,0,0,0,0,0,0,0,0,0,0,0,0,0,0
13,520,697,0,0,0,0,0,0,0,0,0,0,0,0,0,0,0,0,0,0,0,0
1405,590,573,1113,0,0,0,0,0,0,0,0,0,0,0,0,0,0,0,0,0,0,0
1608,6,157,1496,145,559,139,839,955,435,1147,0,0,0,0,0,0,0,0,0,0,0,0
1508,211,1176,1626,1629,0,0,0,0,0,0,0,0,0,0,0,0,0,0,0,0,0,0
84,1060,0,0,0,0,0,0,0,0,0,0,0,0,0,0,0,0,0,0,0,0,0
1508,724,249,1093,1456,0,0,0,0,0,0,0,0,0,0,0,0,0,0,0,0,0,0
869,1440,441,1520,997,849,642,1184,633,483,580,1546,346,0,0,0,0,0,0,0,0,0,0
490,999,1315,585,0,0,0,0,0,0,0,0,0,0,0,0,0,0,0,0,0,0,0
1000,605,635,541,384,499,769,386,1209,0,0,0,0,0,0,0,0,0,0,0,0,0,0
104,1347,1587,261,0,0,0,0,0,0,0,0,0,0,0,0,0,0,0,0,0,0,0
109,565,66,0,0,0,0,0,0,0,0,0,0,0,0,0,0,0,0,0,0,0,0
627,295,932,519,1426,745,1280,143,0,0,0,0,0,0,0,0,0,0,0,0,0,0,0
255,575,731,658,1407,561,94,1215,1511,0,0,0,0,0,0,0,0,0,0,0,0,0,0
84,408,33,1343,675,622,1203,820,495,1019,125,0,0,0,0,0,0,0,0,0,0,0,0
988,1371,166,732,1408,0,0,0,0,0,0,0,0,0,0,0,0,0,0,0,0,0,0
135,1505,405,576,0,0,0,0,0,0,0,0,0,0,0,0,0,0,0,0,0,0,0
1317,1260,372,39,578,199,0,0,0,0,0,0,0,0,0,0,0,0,0,0,0,0,0
108,1605,1331,1158,484,1071,184,714,1027,10,1243,1385,0,0,0,0,0,0,0,0,0,0,0
1519,785,778,794,696,935,1326,1065,1057,848,492,439,570,569,1294,0,0,0,0,0,0,0,0
1284,1250,0,0,0,0,0,0,0,0,0,0,0,0,0,0,0,0,0,0,0,0,0
814,338,960,771,977,1292,278,598,0,0,0,0,0,0,0,0,0,0,0,0,0,0,0
307,605,280,1526,798,187,339,812,1111,509,437,1184,0,0,0,0,0,0,0,0,0,0,0
12,519,441,675,88,0,0,0,0,0,0,0,0,0,0,0,0,0,0,0,0,0,0
1385,64,1315,172,637,136,142,1172,929,1261,0,0,0,0,0,0,0,0,0,0,0,0,0
1022,1048,988,733,1347,0,0,0,0,0,0,0,0,0,0,0,0,0,0,0,0,0,0
248,1493,1051,570,654,1635,755,1626,1093,567,0,0,0,0,0,0,0,0,0,0,0,0,0
1140,1200,821,1373,388,46,0,0,0,0,0,0,0,0,0,0,0,0,0,0,0,0,0
1357,429,164,1496,778,0,0,0,0,0,0,0,0,0,0,0,0,0,0,0,0,0,0
580,1221,1369,0,0,0,0,0,0,0,0,0,0,0,0,0,0,0,0,0,0,0,0
1519,174,1242,415,1124,0,0,0,0,0,0,0,0,0,0,0,0,0,0,0,0,0,0
1392,628,1123,848,800,871,1407,1408,501,169,0,0,0,0,0,0,0,0,0,0,0,0,0
1478,255,157,1356,0,0,0,0,0,0,0,0,0,0,0,0,0,0,0,0,0,0,0
162,1176,1511,0,0,0,0,0,0,0,0,0,0,0,0,0,0,0,0,0,0,0,0
578,53,1262,1006,325,814,33,1287,1293,0,0,0,0,0,0,0,0,0,0,0,0,0,0
1203,0,0,0,0,0,0,0,0,0,0,0,0,0,0,0,0,0,0,0,0,0,0
561,585,846,793,858,610,-1,0,0,0,0,0,0,0,0,0,0,0,0,0,0,0,0
0,0,0,0,0,0,0,0,0,0,0,0,0,0,0,0,0,0,0,0,0,0,0
584,1037,1557,1055,541,601,1232,1271,0,0,0,0,0,0,0,0,0,0,0,0,0,0,0
1536,492,1501,304,1486,0,0,0,0,0,0,0,0,0,0,0,0,0,0,0,0,0,0
1329,401,689,982,159,0,0,0,0,0,0,0,0,0,0,0,0,0,0,0,0,0,0
179,908,1565,38,809,0,0,0,0,0,0,0,0,0,0,0,0,0,0,0,0,0,0
866,764,413,682,0,0,0,0,0,0,0,0,0,0,0,0,0,0,0,0,0,0,0
575,684,109,1112,278,724,916,0,0,0,0,0,0,0,0,0,0,0,0,0,0,0,0
384,602,0,0,0,0,0,0,0,0,0,0,0,0,0,0,0,0,0,0,0,0,0
113,746,953,1327,955,323,0,0,0,0,0,0,0,0,0,0,0,0,0,0,0,0,0
410,955,1555,869,578,785,1143,0,0,0,0,0,0,0,0,0,0,0,0,0,0,0,0
1071,776,435,292,292,0,0,0,0,0,0,0,0,0,0,0,0,0,0,0,0,0,0
13,1522,1486,622,699,585,1194,752,857,858,0,0,0,0,0,0,0,0,0,0,0,0,0
488,339,1144,476,0,0,0,0,0,0,0,0,0,0,0,0,0,0,0,0,0,0,0
1203,159,0,0,0,0,0,0,0,0,0,0,0,0,0,0,0,0,0,0,0,0,0
0,0,0,0,0,0,0,0,0,0,0,0,0,0,0,0,0,0,0,0,0,0,0
1132,12,994,0,0,0,0,0,0,0,0,0,0,0,0,0,0,0,0,0,0,0,0
1519,484,1092,683,996,659,0,0,0,0,0,0,0,0,0,0,0,0,0,0,0,0,0
940,885,0,0,0,0,0,0,0,0,0,0,0,0,0,0,0,0,0,0,0,0,0
1496,1017,792,1609,136,169,278,1618,383,1319,0,0,0,0,0,0,0,0,0,0,0,0,0
139,0,0,0,0,0,0,0,0,0,0,0,0,0,0,0,0,0,0,0,0,0,0
1183,977,1460,323,708,834,1369,1262,304,1209,1633,1505,1158,313,599,1546,1256,1013,177,1392,1140,0,0
846,1521,584,346,508,509,0,0,0,0,0,0,0,0,0,0,0,0,0,0,0,0,0
255,848,1478,658,0,0,0,0,0,0,0,0,0,0,0,0,0,0,0,0,0,0,0
0,0,0,0,0,0,0,0,0,0,0,0,0,0,0,0,0,0,0,0,0,0,0
0,0,0,0,0,0,0,0,0,0,0,0,0,0,0,0,0,0,0,0,0,0,0
520,172,248,55,179,769,162,606,0,0,0,0,0,0,0,0,0,0,0,0,0,0,0
900,283,0,0,0,0,0,0,0,0,0,0,0,0,0,0,0,0,0,0,0,0,0
1608,0,0,0,0,0,0,0,0,0,0,0,0,0,0,0,0,0,0,0,0,0,0
392,1330,847,166,689,372,373,645,1532,392,561,0,0,0,0,0,0,0,0,0,0,0,0
125,1051,713,732,1095,1088,1408,654,66,872,1524,980,0,0,0,0,0,0,0,0,0,0,0
893,1079,1520,384,1031,1373,706,895,1331,0,0,0,0,0,0,0,0,0,0,0,0,0,0
728,137,1098,559,407,401,437,675,684,119,91,184,0,0,0,0,0,0,0,0,0,0,0
0,0,0,0,0,0,0,0,0,0,0,0,0,0,0,0,0,0,0,0,0,0,0
75,203,113,1343,591,1532,1609,0,0,0,0,0,0,0,0,0,0,0,0,0,0,0,0
1035,1037,446,495,1330,0,0,0,0,0,0,0,0,0,0,0,0,0,0,0,0,0,0
1147,1625,1051,1111,599,732,0,0,0,0,0,0,0,0,0,0,0,0,0,0,0,0,0
567,0,0,0,0,0,0,0,0,0,0,0,0,0,0,0,0,0,0,0,0,0,0
1070,900,253,764,812,827,666,839,900,1117,565,1382,339,977,313,1093,316,1049,0,0,0,0,0
497,0,0,0,0,0,0,0,0,0,0,0,0,0,0,0,0,0,0,0,0,0,0
407,346,1373,553,1345,622,871,1546,184,0,0,0,0,0,0,0,0,0,0,0,0,0,0
415,39,0,0,0,0,0,0,0,0,0,0,0,0,0,0,0,0,0,0,0,0,0
187,1215,341,168,0,0,0,0,0,0,0,0,0,0,0,0,0,0,0,0,0,0,0
340,1011,0,0,0,0,0,0,0,0,0,0,0,0,0,0,0,0,0,0,0,0,0
1171,508,1351,346,0,0,0,0,0,0,0,0,0,0,0,0,0,0,0,0,0,0,0
929,476,1294,940,641,358,702,216,0,0,0,0,0,0,0,0,0,0,0,0,0,0,0
1017,66,872,1440,0,0,0,0,0,0,0,0,0,0,0,0,0,0,0,0,0,0,0
125,994,221,0,0,0,0,0,0,0,0,0,0,0,0,0,0,0,0,0,0,0,0
843,46,1557,353,1284,283,0,0,0,0,0,0,0,0,0,0,0,0,0,0,0,0,0
1125,0,0,0,0,0,0,0,0,0,0,0,0,0,0,0,0,0,0,0,0,0,0
1503,134,593,1388,987,1271,637,858,857,0,0,0,0,0,0,0,0,0,0,0,0,0,0
10,1555,373,336,1333,0,0,0,0,0,0,0,0,0,0,0,0,0,0,0,0,0,0
413,429,872,0,0,0,0,0,0,0,0,0,0,0,0,0,0,0,0,0,0,0,0
963,755,541,1024,778,1577,0,0,0,0,0,0,0,0,0,0,0,0,0,0,0,0,0
1282,1292,10,1196,0,0,0,0,0,0,0,0,0,0,0,0,0,0,0,0,0,0,0
1533,874,278,0,0,0,0,0,0,0,0,0,0,0,0,0,0,0,0,0,0,0,0
0,0,0,0,0,0,0,0,0,0,0,0,0,0,0,0,0,0,0,0,0,0,0
24,386,1392,0,0,0,0,0,0,0,0,0,0,0,0,0,0,0,0,0,0,0,0
278,1140,1420,145,338,848,1250,265,0,0,0,0,0,0,0,0,0,0,0,0,0,0,0
304,1013,476,33,776,485,635,1202,0,0,0,0,0,0,0,0,0,0,0,0,0,0,0
1065,738,38,1009,960,579,988,127,0,0,0,0,0,0,0,0,0,0,0,0,0,0,0
1284,316,0,0,0,0,0,0,0,0,0,0,0,0,0,0,0,0,0,0,0,0,0
1256,1317,0,0,0,0,0,0,0,0,0,0,0,0,0,0,0,0,0,0,0,0,0
919,697,0,0,0,0,0,0,0,0,0,0,0,0,0,0,0,0,0,0,0,0,0
737,64,900,0,0,0,0,0,0,0,0,0,0,0,0,0,0,0,0,0,0,0,0
812,953,1565,1593,846,0,0,0,0,0,0,0,0,0,0,0,0,0,0,0,0,0,0
793,119,633,935,1171,1520,0,0,0,0,0,0,0,0,0,0,0,0,0,0,0,0,0
1183,0,0,0,0,0,0,0,0,0,0,0,0,0,0,0,0,0,0,0,0,0,0
1631,1526,637,12,659,113,415,1057,164,1501,0,0,0,0,0,0,0,0,0,0,0,0,0
63,885,745,0,0,0,0,0,0,0,0,0,0,0,0,0,0,0,0,0,0,0,0
699,313,601,1002,795,0,0,0,0,0,0,0,0,0,0,0,0,0,0,0,0,0,0
1092,874,861,1486,1075,194,1070,1608,1521,0,0,0,0,0,0,0,0,0,0,0,0,0,0
1219,0,0,0,0,0,0,0,0,0,0,0,0,0,0,0,0,0,0,0,0,0,0
627,761,1060,0,0,0,0,0,0,0,0,0,0,0,0,0,0,0,0,0,0,0,0
401,235,667,1132,543,0,0,0,0,0,0,0,0,0,0,0,0,0,0,0,0,0,0
395,1357,1147,1388,821,435,0,0,0,0,0,0,0,0,0,0,0,0,0,0,0,0,0
431,675,0,0,0,0,0,0,0,0,0,0,0,0,0,0,0,0,0,0,0,0,0
360,240,1139,1382,756,1262,0,0,0,0,0,0,0,0,0,0,0,0,0,0,0,0,0
520,834,166,1076,1392,1194,1544,488,386,0,0,0,0,0,0,0,0,0,0,0,0,0,0
1356,133,1440,1345,353,403,1292,814,1272,29,88,0,0,0,0,0,0,0,0,0,0,0,0
308,578,749,46,878,1460,760,1374,1467,0,0,0,0,0,0,0,0,0,0,0,0,0,0
706,858,901,0,0,0,0,0,0,0,0,0,0,0,0,0,0,0,0,0,0,0,0
1307,395,1565,133,512,0,0,0,0,0,0,0,0,0,0,0,0,0,0,0,0,0,0
706,807,1621,343,769,1246,715,0,0,0,0,0,0,0,0,0,0,0,0,0,0,0,0
553,800,127,1527,223,771,947,1132,0,0,0,0,0,0,0,0,0,0,0,0,0,0,0
614,893,1438,1414,410,1075,879,999,1203,494,0,0,0,0,0,0,0,0,0,0,0,0,0
834,446,1532,689,1096,691,0,0,0,0,0,0,0,0,0,0,0,0,0,0,0,0,0
734,183,1085,1258,1374,427,1611,546,183,895,484,1436,0,0,0,0,0,0,0,0,0,0,0
1256,1415,0,0,0,0,0,0,0,0,0,0,0,0,0,0,0,0,0,0,0,0,0
1536,1618,1317,61,1047,142,0,0,0,0,0,0,0,0,0,0,0,0,0,0,0,0,0
1544,395,1521,940,1080,0,0,0,0,0,0,0,0,0,0,0,0,0,0,0,0,0,0
576,360,737,1369,407,796,919,843,598,798,1144,1461,0,0,0,0,0,0,0,0,0,0,0
778,1060,1330,1104,-1,0,0,0,0,0,0,0,0,0,0,0,0,0,0,0,0,0,0
1408,1505,937,697,1408,1048,1328,1405,235,1581,1581,348,760,1631,849,1036,1357,0,0,0,0,0,0
559,829,368,0,0,0,0,0,0,0,0,0,0,0,0,0,0,0,0,0,0,0,0
1187,1329,714,1343,1172,641,520,746,0,0,0,0,0,0,0,0,0,0,0,0,0,0,0
637,1124,852,718,872,113,883,980,684,66,145,254,0,0,0,0,0,0,0,0,0,0,0
1331,134,216,0,0,0,0,0,0,0,0,0,0,0,0,0,0,0,0,0,0,0,0
431,580,166,1210,1123,0,0,0,0,0,0,0,0,0,0,0,0,0,0,0,0,0,0
1349,1478,1545,400,0,0,0,0,0,0,0,0,0,0,0,0,0,0,0,0,0,0,0
1272,490,1000,315,870,1066,476,1628,0,0,0,0,0,0,0,0,0,0,0,0,0,0,0
339,1209,833,1262,1347,1152,820,417,713,0,0,0,0,0,0,0,0,0,0,0,0,0,0
1303,846,162,64,900,683,1524,0,0,0,0,0,0,0,0,0,0,0,0,0,0,0,0
1227,785,639,1250,1426,84,199,1275,295,0,0,0,0,0,0,0,0,0,0,0,0,0,0
635,509,1546,0,0,0,0,0,0,0,0,0,0,0,0,0,0,0,0,0,0,0,0
157,610,821,316,812,1420,389,790,1147,605,1086,325,0,0,0,0,0,0,0,0,0,0,0
1374,1194,177,340,820,495,959,1144,316,728,0,0,0,0,0,0,0,0,0,0,0,0,0
174,0,0,0,0,0,0,0,0,0,0,0,0,0,0,0,0,0,0,0,0,0,0
569,804,429,1519,0,0,0,0,0,0,0,0,0,0,0,0,0,0,0,0,0,0,0
0,0,0,0,0,0,0,0,0,0,0,0,0,0,0,0,0,0,0,0,0,0,0
1295,466,1192,637,764,501,1108,733,723,633,1426,29,0,0,0,0,0,0,0,0,0,0,0
0,0,0,0,0,0,0,0,0,0,0,0,0,0,0,0,0,0,0,0,0,0,0
1392,1080,602,1628,0,0,0,0,0,0,0,0,0,0,0,0,0,0,0,0,0,0,0
108,752,1333,0,0,0,0,0,0,0,0,0,0,0,0,0,0,0,0,0,0,0,0
1271,24,1395,565,1250,1060,661,732,782,0,0,0,0,0,0,0,0,0,0,0,0,0,0
39,974,1427,1611,600,0,0,0,0,0,0,0,0,0,0,0,0,0,0,0,0,0,0
1343,1124,553,982,0,0,0,0,0,0,0,0,0,0,0,0,0,0,0,0,0,0,0
1426,371,1405,267,738,94,508,509,1051,1215,873,1280,137,0,0,0,0,0,0,0,0,0,0
1629,989,0,0,0,0,0,0,0,0,0,0,0,0,0,0,0,0,0,0,0,0,0
0,0,0,0,0,0,0,0,0,0,0,0,0,0,0,0,0,0,0,0,0,0,0
919,171,295,953,86,127,1371,798,960,792,520,1515,1557,0,0,0,0,0,0,0,0,0,0
248,1356,1460,900,125,1521,1251,1147,561,1505,82,0,0,0,0,0,0,0,0,0,0,0,0
134,840,255,0,0,0,0,0,0,0,0,0,0,0,0,0,0,0,0,0,0,0,0
0,0,0,0,0,0,0,0,0,0,0,0,0,0,0,0,0,0,0,0,0,0,0
278,999,1326,1002,713,0,0,0,0,0,0,0,0,0,0,0,0,0,0,0,0,0,0
1461,1625,1456,1408,618,912,1125,1176,994,1221,0,0,0,0,0,0,0,0,0,0,0,0,0
567,145,1199,33,484,660,714,0,0,0,0,0,0,0,0,0,0,0,0,0,0,0,0
1411,0,0,0,0,0,0,0,0,0,0,0,0,0,0,0,0,0,0,0,0,0,0
104,778,1036,1633,187,1451,265,0,0,0,0,0,0,0,0,0,0,0,0,0,0,0,0
498,145,55,1199,976,0,0,0,0,0,0,0,0,0,0,0,0,0,0,0,0,0,0
144,184,590,476,0,0,0,0,0,0,0,0,0,0,0,0,0,0,0,0,0,0,0
1605,1526,-1,955,1048,0,0,0,0,0,0,0,0,0,0,0,0,0,0,0,0,0,0
0,0,0,0,0,0,0,0,0,0,0,0,0,0,0,0,0,0,0,0,0,0,0
12,198,604,734,1184,0,0,0,0,0,0,0,0,0,0,0,0,0,0,0,0,0,0
0,0,0,0,0,0,0,0,0,0,0,0,0,0,0,0,0,0,0,0,0,0,0
82,778,1468,893,1086,1032,749,1031,0,0,0,0,0,0,0,0,0,0,0,0,0,0,0
1087,689,614,1232,718,713,38,1557,210,0,0,0,0,0,0,0,0,0,0,0,0,0,0
216,1331,68,1503,71,996,0,0,0,0,0,0,0,0,0,0,0,0,0,0,0,0,0
1284,580,1422,658,1330,-1,383,410,0,0,0,0,0,0,0,0,0,0,0,0,0,0,0
1532,541,230,1022,1533,642,821,1580,429,610,1345,353,0,0,0,0,0,0,0,0,0,0,0
900,341,1202,869,0,0,0,0,0,0,0,0,0,0,0,0,0,0,0,0,0,0,0
1294,265,1392,1416,871,183,1258,871,0,0,0,0,0,0,0,0,0,0,0,0,0,0,0
415,1051,1611,530,0,0,0,0,0,0,0,0,0,0,0,0,0,0,0,0,0,0,0
29,0,0,0,0,0,0,0,0,0,0,0,0,0,0,0,0,0,0,0,0,0,0
883,490,427,0,0,0,0,0,0,0,0,0,0,0,0,0,0,0,0,0,0,0,0
782,1385,1303,706,1035,1093,495,752,240,738,843,1013,840,839,1080,0,0,0,0,0,0,0,0
134,253,1329,785,1024,963,1319,1620,714,866,783,304,0,0,0,0,0,0,0,0,0,0,0
847,0,0,0,0,0,0,0,0,0,0,0,0,0,0,0,0,0,0,0,0,0,0
610,0,0,0,0,0,0,0,0,0,0,0,0,0,0,0,0,0,0,0,0,0,0
0,0,0,0,0,0,0,0,0,0,0,0,0,0,0,0,0,0,0,0,0,0,0
1636,446,400,1093,1522,1152,1332,602,0,0,0,0,0,0,0,0,0,0,0,0,0,0,0
1356,1147,707,1017,561,0,0,0,0,0,0,0,0,0,0,0,0,0,0,0,0,0,0
1565,1000,371,200,654,733,0,0,0,0,0,0,0,0,0,0,0,0,0,0,0,0,0
1349,0,0,0,0,0,0,0,0,0,0,0,0,0,0,0,0,0,0,0,0,0,0
13,384,963,1293,684,682,847,708,283,919,814,755,614,145,872,879,852,972,179,870,1070,0,0
820,328,1183,1219,308,782,666,1427,1519,1546,1526,0,0,0,0,0,0,0,0,0,0,0,0
171,869,1420,1143,91,0,0,0,0,0,0,0,0,0,0,0,0,0,0,0,0,0,0
1275,1633,641,0,0,0,0,0,0,0,0,0,0,0,0,0,0,0,0,0,0,0,0
83,1555,353,0,0,0,0,0,0,0,0,0,0,0,0,0,0,0,0,0,0,0,0
442,1317,249,358,0,0,0,0,0,0,0,0,0,0,0,0,0,0,0,0,0,0,0
1068,0,0,0,0,0,0,0,0,0,0,0,0,0,0,0,0,0,0,0,0,0,0
1520,1036,1503,372,1414,1423,1006,0,0,0,0,0,0,0,0,0,0,0,0,0,0,0,0
1532,792,1347,340,0,0,0,0,0,0,0,0,0,0,0,0,0,0,0,0,0,0,0
1176,843,801,341,0,0,0,0,0,0,0,0,0,0,0,0,0,0,0,0,0,0,0
541,737,659,261,1373,0,0,0,0,0,0,0,0,0,0,0,0,0,0,0,0,0,0
1256,307,280,-1,953,0,0,0,0,0,0,0,0,0,0,0,0,0,0,0,0,0,0
1284,435,1242,368,1016,313,1521,203,1400,1625,392,795,0,0,0,0,0,0,0,0,0,0,0
0,0,0,0,0,0,0,0,0,0,0,0,0,0,0,0,0,0,0,0,0,0,0
546,922,1125,1149,1461,1544,578,1155,1343,1515,0,0,0,0,0,0,0,0,0,0,0,0,0
429,0,0,0,0,0,0,0,0,0,0,0,0,0,0,0,0,0,0,0,0,0,0
408,410,490,1022,0,0,0,0,0,0,0,0,0,0,0,0,0,0,0,0,0,0,0
1203,1522,834,593,1332,543,1261,994,1095,0,0,0,0,0,0,0,0,0,0,0,0,0,0
1486,689,417,226,559,82,0,0,0,0,0,0,0,0,0,0,0,0,0,0,0,0,0
1524,1609,1358,1032,1011,12,610,599,1144,1535,0,0,0,0,0,0,0,0,0,0,0,0,0
1209,761,627,1557,1066,1251,0,0,0,0,0,0,0,0,0,0,0,0,0,0,0,0,0
1280,1019,584,267,1631,0,0,0,0,0,0,0,0,0,0,0,0,0,0,0,0,0,0
763,1044,718,0,0,0,0,0,0,0,0,0,0,0,0,0,0,0,0,0,0,0,0
746,360,641,53,1333,0,0,0,0,0,0,0,0,0,0,0,0,0,0,0,0,0,0
628,509,1064,977,0,0,0,0,0,0,0,0,0,0,0,0,0,0,0,0,0,0,0
1092,1557,24,591,719,929,590,0,0,0,0,0,0,0,0,0,0,0,0,0,0,0,0
1149,706,733,484,0,0,0,0,0,0,0,0,0,0,0,0,0,0,0,0,0,0,0
142,1132,773,0,0,0,0,0,0,0,0,0,0,0,0,0,0,0,0,0,0,0,0
1587,407,13,1448,0,0,0,0,0,0,0,0,0,0,0,0,0,0,0,0,0,0,0
1403,82,0,0,0,0,0,0,0,0,0,0,0,0,0,0,0,0,0,0,0,0,0
699,1416,0,0,0,0,0,0,0,0,0,0,0,0,0,0,0,0,0,0,0,0,0
792,618,494,338,0,0,0,0,0,0,0,0,0,0,0,0,0,0,0,0,0,0,0
226,783,1076,0,0,0,0,0,0,0,0,0,0,0,0,0,0,0,0,0,0,0,0
1002,1501,874,761,995,0,0,0,0,0,0,0,0,0,0,0,0,0,0,0,0,0,0
1292,1524,772,372,0,0,0,0,0,0,0,0,0,0,0,0,0,0,0,0,0,0,0
248,1287,1293,1307,235,1546,1345,820,1626,0,0,0,0,0,0,0,0,0,0,0,0,0,0
1332,408,749,584,435,0,0,0,0,0,0,0,0,0,0,0,0,0,0,0,0,0,0
39,1373,240,441,0,0,0,0,0,0,0,0,0,0,0,0,0,0,0,0,0,0,0
240,-1,0,0,0,0,0,0,0,0,0,0,0,0,0,0,0,0,0,0,0,0,0
1486,955,659,1581,0,0,0,0,0,0,0,0,0,0,0,0,0,0,0,0,0,0,0
662,216,1280,895,0,0,0,0,0,0,0,0,0,0,0,0,0,0,0,0,0,0,0
61,1532,901,336,1019,683,858,1113,0,0,0,0,0,0,0,0,0,0,0,0,0,0,0
873,384,857,861,1478,0,0,0,0,0,0,0,0,0,0,0,0,0,0,0,0,0,0
806,642,1631,0,0,0,0,0,0,0,0,0,0,0,0,0,0,0,0,0,0,0,0
0,0,0,0,0,0,0,0,0,0,0,0,0,0,0,0,0,0,0,0,0,0,0
916,368,0,0,0,0,0,0,0,0,0,0,0,0,0,0,0,0,0,0,0,0,0
1113,353,806,0,0,0,0,0,0,0,0,0,0,0,0,0,0,0,0,0,0,0,0
1440,684,622,633,883,61,177,316,0,0,0,0,0,0,0,0,0,0,0,0,0,0,0
1345,1532,807,872,-1,368,628,0,0,0,0,0,0,0,0,0,0,0,0,0,0,0,0
1557,1140,0,0,0,0,0,0,0,0,0,0,0,0,0,0,0,0,0,0,0,0,0
829,397,1260,731,0,0,0,0,0,0,0,0,0,0,0,0,0,0,0,0,0,0,0
498,0,0,0,0,0,0,0,0,0,0,0,0,0,0,0,0,0,0,0,0,0,0
1144,109,1530,210,814,593,1256,1011,792,1520,1369,0,0,0,0,0,0,0,0,0,0,0,0
1508,143,0,0,0,0,0,0,0,0,0,0,0,0,0,0,0,0,0,0,0,0,0
372,1388,492,497,901,714,1524,1024,1183,1037,0,0,0,0,0,0,0,0,0,0,0,0,0
876,827,-1,546,175,0,0,0,0,0,0,0,0,0,0,0,0,0,0,0,0,0,0
368,0,0,0,0,0,0,0,0,0,0,0,0,0,0,0,0,0,0,0,0,0,0
600,1143,0,0,0,0,0,0,0,0,0,0,0,0,0,0,0,0,0,0,0,0,0
1493,821,1076,6,565,1522,0,0,0,0,0,0,0,0,0,0,0,0,0,0,0,0,0
1488,1000,33,1152,895,0,0,0,0,0,0,0,0,0,0,0,0,0,0,0,0,0,0
1047,1581,400,0,0,0,0,0,0,0,0,0,0,0,0,0,0,0,0,0,0,0,0
0,0,0,0,0,0,0,0,0,0,0,0,0,0,0,0,0,0,0,0,0,0,0
509,763,113,0,0,0,0,0,0,0,0,0,0,0,0,0,0,0,0,0,0,0,0
702,125,1070,0,0,0,0,0,0,0,0,0,0,0,0,0,0,0,0,0,0,0,0
764,839,723,1251,591,782,840,216,0,0,0,0,0,0,0,0,0,0,0,0,0,0,0
0,0,0,0,0,0,0,0,0,0,0,0,0,0,0,0,0,0,0,0,0,0,0
55,1295,666,0,0,0,0,0,0,0,0,0,0,0,0,0,0,0,0,0,0,0,0
283,749,541,1022,997,783,684,953,980,0,0,0,0,0,0,0,0,0,0,0,0,0,0
248,1158,0,0,0,0,0,0,0,0,0,0,0,0,0,0,0,0,0,0,0,0,0
699,1356,1460,1357,0,0,0,0,0,0,0,0,0,0,0,0,0,0,0,0,0,0,0
316,157,0,0,0,0,0,0,0,0,0,0,0,0,0,0,0,0,0,0,0,0,0
1622,1227,397,67,108,1347,0,0,0,0,0,0,0,0,0,0,0,0,0,0,0,0,0
142,265,738,484,1036,885,1085,0,0,0,0,0,0,0,0,0,0,0,0,0,0,0,0
645,1113,1140,929,0,0,0,0,0,0,0,0,0,0,0,0,0,0,0,0,0,0,0
1089,1326,746,1423,313,0,0,0,0,0,0,0,0,0,0,0,0,0,0,0,0,0,0
776,0,0,0,0,0,0,0,0,0,0,0,0,0,0,0,0,0,0,0,0,0,0
1385,1370,1530,467,778,0,0,0,0,0,0,0,0,0,0,0,0,0,0,0,0,0,0
75,783,10,760,960,0,0,0,0,0,0,0,0,0,0,0,0,0,0,0,0,0,0
1317,35,1255,866,573,1373,0,0,0,0,0,0,0,0,0,0,0,0,0,0,0,0,0
1357,1620,1536,1358,82,0,0,0,0,0,0,0,0,0,0,0,0,0,0,0,0,0,0
977,869,1013,1521,67,1587,0,0,0,0,0,0,0,0,0,0,0,0,0,0,0,0,0
429,1144,210,814,392,541,0,0,0,0,0,0,0,0,0,0,0,0,0,0,0,0,0
187,1451,871,895,578,620,755,1065,0,0,0,0,0,0,0,0,0,0,0,0,0,0,0
162,792,576,492,0,0,0,0,0,0,0,0,0,0,0,0,0,0,0,0,0,0,0
696,1605,919,390,1555,0,0,0,0,0,0,0,0,0,0,0,0,0,0,0,0,0,0
1275,893,530,1229,145,833,852,1357,1621,633,0,0,0,0,0,0,0,0,0,0,0,0,0
1256,1508,1631,0,0,0,0,0,0,0,0,0,0,0,0,0,0,0,0,0,0,0,0
413,614,0,0,0,0,0,0,0,0,0,0,0,0,0,0,0,0,0,0,0,0,0
699,793,1088,1328,610,33,0,0,0,0,0,0,0,0,0,0,0,0,0,0,0,0,0
437,83,1420,795,580,119,585,339,441,0,0,0,0,0,0,0,0,0,0,0,0,0,0
496,1307,0,0,0,0,0,0,0,0,0,0,0,0,0,0,0,0,0,0,0,0,0
1075,763,0,0,0,0,0,0,0,0,0,0,0,0,0,0,0,0,0,0,0,0,0
1524,341,0,0,0,0,0,0,0,0,0,0,0,0,0,0,0,0,0,0,0,0,0
392,1076,0,0,0,0,0,0,0,0,0,0,0,0,0,0,0,0,0,0,0,0,0
916,0,0,0,0,0,0,0,0,0,0,0,0,0,0,0,0,0,0,0,0,0,0
1287,1293,689,0,0,0,0,0,0,0,0,0,0,0,0,0,0,0,0,0,0,0,0
692,852,614,134,1357,0,0,0,0,0,0,0,0,0,0,0,0,0,0,0,0,0,0
299,1203,405,1522,675,1557,873,792,0,0,0,0,0,0,0,0,0,0,0,0,0,0,0
307,113,1275,1486,1152,848,1629,248,1251,498,0,0,0,0,0,0,0,0,0,0,0,0,0
692,0,0,0,0,0,0,0,0,0,0,0,0,0,0,0,0,0,0,0,0,0,0
569,68,1512,778,0,0,0,0,0,0,0,0,0,0,0,0,0,0,0,0,0,0,0
1328,734,1562,573,39,606,392,0,0,0,0,0,0,0,0,0,0,0,0,0,0,0,0
660,0,0,0,0,0,0,0,0,0,0,0,0,0,0,0,0,0,0,0,0,0,0
1256,261,63,885,1065,168,1520,723,292,1242,0,0,0,0,0,0,0,0,0,0,0,0,0
499,714,997,1098,1096,1440,1622,84,598,1374,1085,1148,-1,812,1076,0,0,0,0,0,0,0,0
1016,384,1315,339,1086,1493,1144,0,0,0,0,0,0,0,0,0,0,0,0,0,0,0,0
67,553,543,485,579,1238,746,761,1221,706,1622,0,0,0,0,0,0,0,0,0,0,0,0
1299,0,0,0,0,0,0,0,0,0,0,0,0,0,0,0,0,0,0,0,0,0,0
1143,159,1113,1505,929,1262,1635,183,974,0,0,0,0,0,0,0,0,0,0,0,0,0,0
427,325,919,-1,0,0,0,0,0,0,0,0,0,0,0,0,0,0,0,0,0,0,0
496,682,1112,1088,1532,1611,327,0,0,0,0,0,0,0,0,0,0,0,0,0,0,0,0
1117,249,801,0,0,0,0,0,0,0,0,0,0,0,0,0,0,0,0,0,0,0,0
490,484,1355,200,912,1229,738,732,849,1496,1403,0,0,0,0,0,0,0,0,0,0,0,0
108,91,821,0,0,0,0,0,0,0,0,0,0,0,0,0,0,0,0,0,0,0,0
559,372,1089,0,0,0,0,0,0,0,0,0,0,0,0,0,0,0,0,0,0,0,0
1079,795,0,0,0,0,0,0,0,0,0,0,0,0,0,0,0,0,0,0,0,0,0
847,-1,64,999,386,0,0,0,0,0,0,0,0,0,0,0,0,0,0,0,0,0,0
1536,820,684,977,0,0,0,0,0,0,0,0,0,0,0,0,0,0,0,0,0,0,0
1124,953,1341,75,0,0,0,0,0,0,0,0,0,0,0,0,0,0,0,0,0,0,0
670,1427,82,737,0,0,0,0,0,0,0,0,0,0,0,0,0,0,0,0,0,0,0
1153,1512,500,1393,1012,1044,694,783,1176,18,1584,280,0,0,0,0,0,0,0,0,0,0,0
1418,934,1352,1426,1214,1234,1335,442,1507,0,0,0,0,0,0,0,0,0,0,0,0,0,0
597,1079,0,0,0,0,0,0,0,0,0,0,0,0,0,0,0,0,0,0,0,0,0
1482,0,0,0,0,0,0,0,0,0,0,0,0,0,0,0,0,0,0,0,0,0,0
-1,485,113,0,0,0,0,0,0,0,0,0,0,0,0,0,0,0,0,0,0,0,0
1392,641,283,0,0,0,0,0,0,0,0,0,0,0,0,0,0,0,0,0,0,0,0
0,0,0,0,0,0,0,0,0,0,0,0,0,0,0,0,0,0,0,0,0,0,0
1158,1355,0,0,0,0,0,0,0,0,0,0,0,0,0,0,0,0,0,0,0,0,0
627,792,163,1195,-1,781,1090,1500,780,0,0,0,0,0,0,0,0,0,0,0,0,0,0
418,1271,10,343,847,1052,0,0,0,0,0,0,0,0,0,0,0,0,0,0,0,0,0
104,160,572,412,0,0,0,0,0,0,0,0,0,0,0,0,0,0,0,0,0,0,0
1042,725,1109,799,834,1273,1280,0,0,0,0,0,0,0,0,0,0,0,0,0,0,0,0
1083,1091,0,0,0,0,0,0,0,0,0,0,0,0,0,0,0,0,0,0,0,0,0
0,0,0,0,0,0,0,0,0,0,0,0,0,0,0,0,0,0,0,0,0,0,0
509,747,265,947,530,1532,0,0,0,0,0,0,0,0,0,0,0,0,0,0,0,0,0
452,804,1263,970,1017,199,906,906,1104,0,0,0,0,0,0,0,0,0,0,0,0,0,0
1002,777,67,1244,1374,83,342,559,976,1018,171,1009,1527,168,-1,0,0,0,0,0,0,0,0
554,433,1258,443,1567,1336,350,687,57,888,887,374,1594,0,0,0,0,0,0,0,0,0,0
1636,812,881,1229,574,-1,0,0,0,0,0,0,0,0,0,0,0,0,0,0,0,0,0
1185,395,388,570,0,0,0,0,0,0,0,0,0,0,0,0,0,0,0,0,0,0,0
12,1096,153,949,1357,546,0,0,0,0,0,0,0,0,0,0,0,0,0,0,0,0,0
1358,596,0,0,0,0,0,0,0,0,0,0,0,0,0,0,0,0,0,0,0,0,0
1304,839,1587,0,0,0,0,0,0,0,0,0,0,0,0,0,0,0,0,0,0,0,0
1363,1102,183,1522,0,0,0,0,0,0,0,0,0,0,0,0,0,0,0,0,0,0,0
