12,441,1609,94,267,91,1456,1633,64,947,1170,1049,599,785,778,1256,1546,0,0,0,0,0,0,0,0
1088,541,749,637,442,1139,1079,82,689,1408,795,707,81,1411,0,0,0,0,0,0,0,0,0,0,0
1408,1533,1384,614,1358,1328,702,800,179,584,754,137,1555,134,0,0,0,0,0,0,0,0,0,0,0
145,119,683,1295,67,1238,1593,143,1303,573,24,0,0,0,0,0,0,0,0,0,0,0,0,0,0
86,1272,901,794,131,659,790,857,795,821,226,1089,497,1580,697,0,0,0,0,0,0,0,0,0,0
187,325,258,437,1524,1017,1385,405,1036,46,1027,1527,1144,1584,0,0,0,0,0,0,0,0,0,0,0
1508,670,1227,546,1117,866,848,1405,1545,879,255,839,-1,624,977,1545,1456,0,0,0,0,0,0,0,0
1124,1438,1093,6,1104,1158,1086,600,1536,1111,1232,483,0,0,0,0,0,0,0,0,0,0,0,0,0
397,900,1224,662,912,1329,929,900,987,328,1373,315,0,0,0,0,0,0,0,0,0,0,0,0,0
745,994,261,861,198,1261,495,870,782,447,0,0,0,0,0,0,0,0,0,0,0,0,0,0,0
1544,199,1048,1209,1065,1261,1250,1530,1021,874,1392,1332,1287,1636,0,0,0,0,0,0,0,0,0,0,0
29,1347,1095,1215,427,1031,490,1016,635,171,989,888,1132,55,692,0,0,0,0,0,0,0,0,0,0
737,1301,392,579,792,1628,1427,494,1258,278,169,388,873,1622,0,0,0,0,0,0,0,0,0,0,0
1581,1511,157,1635,223,1369,1526,184,1369,0,0,0,0,0,0,0,0,0,0,0,0,0,0,0,0
1140,184,1087,667,1098,785,691,1624,567,0,0,0,0,0,0,0,0,0,0,0,0,0,0,0,0
403,415,605,307,429,35,407,1158,814,1183,520,66,403,0,0,0,0,0,0,0,0,0,0,0,0
1562,684,728,1013,1395,299,843,963,974,713,249,893,1451,807,0,0,0,0,0,0,0,0,0,0,0
1608,283,373,771,935,684,620,658,0,0,0,0,0,0,0,0,0,0,0,0,0,0,0,0,0
1356,1460,38,1505,5,559,1280,1448,280,1203,78,598,858,1622,61,0,0,0,0,0,0,0,0,0,0
162,829,1312,1229,1047,435,623,1416,1333,0,0,0,0,0,0,0,0,0,0,0,0,0,0,0,0
1284,1076,846,313,980,384,61,0,0,0,0,0,0,0,0,0,0,0,0,0,0,0,0,0,0
467,755,1468,159,1113,466,1370,601,1629,809,417,606,1080,1172,1370,38,0,0,0,0,0,0,0,0,0
1317,136,734,696,340,995,769,1493,390,553,0,0,0,0,0,0,0,0,0,0,0,0,0,0,0
561,1527,1611,1292,1060,498,639,1557,883,113,1262,1242,1522,1486,40,0,0,0,0,0,0,0,0,0,0
707,879,989,1075,1013,299,659,1333,834,1229,1251,520,38,733,401,547,413,591,179,0,0,0,0,0,0
304,1317,963,1395,343,1002,987,1076,714,1520,872,1086,1611,304,427,0,0,0,0,0,0,0,0,0,0
1400,1519,1243,637,1149,1608,5,947,0,0,0,0,0,0,0,0,0,0,0,0,0,0,0,0,0
731,210,1294,1301,353,692,1088,1080,1403,746,133,1580,1093,809,5,1562,1370,0,0,0,0,0,0,0,0
188,1496,12,1327,1332,1423,1515,1240,188,415,755,0,0,0,0,0,0,0,0,0,0,0,0,0,0
732,172,24,1530,13,1070,745,255,848,417,1415,995,1332,410,313,0,0,0,0,0,0,0,0,0,0
400,804,1628,606,1620,171,839,-1,187,1508,0,0,0,0,0,0,0,0,0,0,0,0,0,0,0
1546,488,211,1271,793,1355,307,610,198,249,1392,1545,498,166,499,0,0,0,0,0,0,0,0,0,0
1079,1139,935,258,778,870,1635,478,405,827,403,623,1299,1009,387,0,0,0,0,0,0,0,0,0,0
1503,348,162,86,39,900,633,1202,1319,0,0,0,0,0,0,0,0,0,0,0,0,0,0,0,0
1292,1031,1622,641,53,874,1522,792,1592,682,719,667,794,0,0,0,0,0,0,0,0,0,0,0,0
437,1524,697,425,67,1238,606,0,0,0,0,0,0,0,0,0,0,0,0,0,0,0,0,0,0
1152,718,1374,1486,929,795,1326,0,0,0,0,0,0,0,0,0,0,0,0,0,0,0,0,0,0
553,1493,1125,1461,737,253,0,0,0,0,0,0,0,0,0,0,0,0,0,0,0,0,0,0,0
1170,846,569,119,1287,771,230,1183,91,1407,5,1227,0,0,0,0,0,0,0,0,0,0,0,0,0
442,1312,1405,1194,157,1049,1626,1036,113,261,895,723,0,0,0,0,0,0,0,0,0,0,0,0,0
199,316,752,1636,1232,1436,624,88,1016,1448,46,10,959,1184,0,0,0,0,0,0,0,0,0,0,0
35,1357,1411,431,977,833,1144,1032,397,133,143,1440,1315,1258,1219,1159,1456,1332,1329,0,0,0,0,0,0
386,999,295,728,1609,559,494,1295,1048,512,-1,1192,996,83,1621,466,519,1061,0,0,0,0,0,0,0
1108,976,1633,754,1422,265,916,840,1345,541,283,599,573,476,796,0,0,0,0,0,0,0,0,0,0
1438,1148,760,1011,-1,1147,932,1349,137,0,0,0,0,0,0,0,0,0,0,0,0,0,0,0,0
1113,1478,858,1280,509,1215,937,278,662,1140,1284,708,0,0,0,0,0,0,0,0,0,0,0,0,0
1092,328,1544,63,885,1145,1371,186,0,0,0,0,0,0,0,0,0,0,0,0,0,0,0,0,0
139,790,446,327,64,119,782,248,1535,497,660,1117,873,1092,0,0,0,0,0,0,0,0,0,0,0
136,1526,1527,46,1438,1369,171,442,1388,1349,1173,1299,970,340,580,1330,0,0,0,0,0,0,0,0,0
728,606,1312,1031,745,795,509,29,600,1061,308,794,1371,386,1362,338,230,0,0,0,0,0,0,0,0
661,497,113,628,1123,131,1392,405,1203,496,1400,1508,972,1232,53,641,0,0,0,0,0,0,0,0,0
1048,861,1593,1557,1092,240,1621,807,900,1250,1368,883,483,760,974,1093,0,0,0,0,0,0,0,0,0
1148,776,199,682,1002,1295,820,254,339,313,980,1060,360,187,278,1341,1227,397,1183,973,776,1536,0,0,0
1006,1555,1089,1422,1562,1415,200,255,622,1087,1440,754,1331,623,1245,1261,0,0,0,0,0,0,0,0,0
466,885,785,684,783,1140,1194,1159,1080,139,1272,1501,253,55,1065,0,0,0,0,0,0,0,0,0,0
413,658,299,879,1202,515,1611,425,441,0,0,0,0,0,0,0,0,0,0,0,0,0,0,0,0
576,876,1629,125,738,358,601,1085,618,895,64,1246,858,977,1326,0,0,0,0,0,0,0,0,0,0
1436,157,1095,1358,1609,1113,1370,1319,0,0,0,0,0,0,0,0,0,0,0,0,0,0,0,0,0
265,996,1260,1511,999,702,567,683,642,792,1307,490,435,637,12,1512,0,0,0,0,0,0,0,0,0
746,1382,724,1144,1271,1581,520,1626,24,1635,415,389,543,1519,659,137,166,1229,91,1571,0,0,0,0,0
994,1521,210,1035,1075,1232,143,133,447,1013,1620,846,737,407,0,0,0,0,0,0,0,0,0,0,0
108,248,719,1019,177,1086,929,755,417,1294,809,1125,1280,1592,467,0,0,0,0,0,0,0,0,0,0
829,401,1544,1423,1108,67,635,159,579,390,959,1184,1545,839,211,919,100,605,-1,437,0,0,0,0,0
912,1580,1032,908,778,1408,827,0,0,0,0,0,0,0,0,0,0,0,0,0,0,0,0,0,0
249,675,1395,235,1405,1460,1357,1139,1242,315,348,1104,1262,226,1608,410,0,0,0,0,0,0,0,0,0
871,541,843,749,1049,599,1403,175,1256,959,10,183,0,0,0,0,0,0,0,0,0,0,0,0,0
1636,1219,585,82,495,446,1587,39,336,1096,1532,292,1243,104,947,-1,66,893,0,0,0,0,0,0,0
662,713,198,793,134,1171,782,1199,1147,932,0,0,0,0,0,0,0,0,0,0,0,0,0,0,0
5,6,1088,1215,955,1209,1520,1152,33,610,168,1374,848,573,718,439,295,0,0,0,0,0,0,0,0
764,570,798,283,1496,697,878,484,403,1522,1565,343,0,0,0,0,0,0,0,0,0,0,0,0,0
179,392,916,488,873,1496,1076,584,821,258,960,1117,602,1515,1347,512,723,974,804,0,0,0,0,0,0
1395,1079,771,624,761,627,1356,1021,814,1158,372,1384,987,395,162,1017,689,0,0,0,0,0,0,0,0
839,919,792,508,283,610,33,654,977,932,1123,476,1416,417,1294,919,1275,1371,1011,0,0,0,0,0,0
1628,852,1536,1546,771,485,280,413,995,1260,1415,633,1414,1256,1562,485,29,0,0,0,0,0,0,0,0
1555,386,384,1035,1503,999,605,1284,267,253,929,119,995,1426,484,0,0,0,0,0,0,0,0,0,0
179,790,188,1076,900,1416,1633,972,734,764,223,1333,336,1170,0,0,0,0,0,0,0,0,0,0,0
659,766,684,541,24,590,731,210,358,1606,1262,1152,1261,184,0,0,0,0,0,0,0,0,0,0,0
658,800,769,1587,1246,1319,35,1317,702,1021,1436,749,1501,466,83,1037,1282,0,0,0,0,0,0,0,0
893,614,1027,501,439,1312,1301,1358,1608,620,409,733,561,1515,1251,0,0,0,0,0,0,0,0,0,0
662,1524,82,86,661,989,442,1013,410,754,1327,1511,315,1148,833,0,0,0,0,0,0,0,0,0,0
162,565,339,494,1472,908,1086,604,425,994,1392,1629,258,1194,55,104,0,0,0,0,0,0,0,0,0
1071,400,346,696,240,707,1002,171,1369,1407,304,125,157,812,1420,0,0,0,0,0,0,0,0,0,0
1111,6,1019,133,1580,1272,827,1493,553,1209,1347,1048,100,635,857,783,847,175,405,389,0,0,0,0,0
1060,871,738,307,846,785,937,490,606,488,496,988,1293,1125,415,1530,431,348,667,0,0,0,0,0,0
567,520,1287,1171,755,980,1326,1605,637,1271,840,745,879,1631,1460,249,230,755,1405,323,390,0,0,0,0
1609,728,1307,139,360,1080,624,88,1016,1522,1199,159,109,1060,585,670,0,0,0,0,0,0,0,0,0
916,1089,1611,691,1124,1006,437,1197,746,997,888,996,1079,1593,308,1221,168,834,68,1451,0,0,0,0,0
187,1329,226,94,172,1229,1047,299,407,706,1303,39,953,1203,168,0,0,0,0,0,0,0,0,0,0
982,821,858,1075,1192,814,1224,164,708,1620,1636,327,692,1315,959,579,876,0,0,0,0,0,0,0,0
1356,216,1544,1411,495,737,248,1620,543,761,1098,142,0,0,0,0,0,0,0,0,0,0,0,0,0
592,1250,1496,46,1331,1215,373,628,1581,186,1232,1438,1113,177,0,0,0,0,0,0,0,0,0,0,0
441,1292,10,570,64,848,1085,343,1117,1258,1622,599,1049,0,0,0,0,0,0,0,0,0,0,0,0
809,872,392,793,1621,509,265,778,1061,715,1625,497,683,447,1532,1427,1139,0,0,0,0,0,0,0,0
1092,873,66,403,912,492,483,261,1173,763,569,878,67,1520,602,0,0,0,0,0,0,0,0,0,0
870,1382,829,1066,798,801,1070,13,0,0,0,0,0,0,0,0,0,0,0,0,0,0,0,0,0
5,627,395,255,38,1626,1384,1533,1635,1112,388,601,328,353,512,1143,1395,1440,963,782,1572,0,0,0,0
731,1420,1592,1355,1140,1392,848,267,1618,627,1197,1456,1581,373,1021,754,0,0,0,0,0,0,0,0,0
1546,893,249,620,194,658,724,509,1384,119,203,258,142,1373,1049,599,53,0,0,0,0,0,0,0,0
804,1295,12,1407,384,666,1215,1048,580,325,790,6,606,675,947,1139,429,654,610,12,0,0,0,0,0
929,873,1092,46,749,33,1423,211,1345,265,1037,166,435,1532,559,1395,1555,1032,760,0,0,0,0,0,0
340,179,476,447,1519,1416,575,1272,253,1036,1224,1158,386,999,216,1374,1349,541,1581,0,0,0,0,0,0
145,520,726,1496,569,1143,328,1330,353,900,820,1414,682,492,752,446,1293,1347,0,0,0,0,0,0,0
980,313,637,1620,846,339,565,1219,1117,139,497,466,737,400,1408,427,1611,622,0,0,0,0,0,0,0
1521,662,431,1530,553,996,133,1478,1250,628,0,0,0,0,0,0,0,0,0,0,0,0,0,0,0
159,661,1144,307,543,292,104,1243,737,64,1159,327,1327,893,874,796,878,866,0,0,0,0,0,0,0
199,496,1315,959,494,798,1415,761,1562,713,1501,67,883,0,0,0,0,0,0,0,0,0,0,0,0
1011,782,83,573,1606,1513,254,88,1016,935,1242,1284,0,0,0,0,0,0,0,0,0,0,0,0,0
809,1496,833,372,778,1271,499,633,697,1132,994,667,585,1301,1312,1111,1125,5,0,0,0,0,0,0,0
1626,38,164,1436,1035,659,916,348,1060,413,0,0,0,0,0,0,0,0,0,0,0,0,0,0,0
987,1388,604,171,435,783,861,1123,1009,131,1505,812,1002,1609,1326,0,0,0,0,0,0,0,0,0,0
901,1075,567,1093,684,847,1403,1587,827,1605,113,696,1262,689,55,0,0,0,0,0,0,0,0,0,0
839,488,1526,1089,1524,512,995,109,1635,1229,1047,439,390,403,483,0,0,0,0,0,0,0,0,0,0
623,821,1317,187,10,1626,683,66,24,1633,341,977,169,389,699,1113,997,0,0,0,0,0,0,0,0
1438,519,1448,624,872,814,1461,1199,415,0,0,0,0,0,0,0,0,0,0,0,0,0,0,0,0
1148,1331,641,1622,10,5,1171,0,0,0,0,0,0,0,0,0,0,0,0,0,0,0,0,0,0
1628,184,1170,1152,498,618,278,1527,162,1017,1533,707,255,1280,976,955,1292,0,0,0,0,0,0,0,0
870,401,127,972,1221,1544,395,1426,912,403,1333,1275,1511,579,745,1209,974,1369,0,0,0,0,0,0,0
590,1312,829,908,360,437,1057,1545,405,157,86,1332,1329,425,136,1086,1232,1183,495,590,0,0,0,0,0
1095,501,198,895,843,601,1486,408,940,858,392,738,1536,1608,1503,1203,1192,0,0,0,0,0,0,0,0
343,932,728,442,1245,1065,338,175,591,660,1096,336,0,0,0,0,0,0,0,0,0,0,0,0,0
809,38,10,794,778,732,541,666,1148,1159,1522,315,308,530,573,820,254,1330,68,667,0,0,0,0,0
203,883,976,1357,1423,766,1544,1438,1405,708,839,413,796,313,1292,323,485,0,0,0,0,0,0,0,0
1260,1511,340,661,194,1075,108,1032,929,764,812,749,343,431,1515,670,0,0,0,0,0,0,0,0,0
267,1282,159,977,316,737,996,987,584,346,1440,1395,1143,1112,829,641,1332,1488,1403,1370,142,0,0,0,0
1317,1388,1411,1035,1385,230,1192,1374,55,388,1312,1301,488,490,834,1326,0,0,0,0,0,0,0,0,0
497,1422,1622,1532,1368,848,1048,1460,484,893,131,1057,360,83,447,0,0,0,0,0,0,0,0,0,0
442,728,801,575,405,1468,425,1527,866,713,769,1215,662,763,1405,637,0,0,0,0,0,0,0,0,0
724,1076,601,392,435,33,1022,1108,437,483,91,972,82,585,1149,1501,1331,6,0,0,0,0,0,0,0
1626,295,940,145,1024,1545,1328,795,325,1628,1242,995,408,339,827,771,785,341,754,635,1605,1096,0,0,0
745,659,175,1403,1536,1104,937,1044,1021,1047,567,1609,199,407,509,916,371,734,1132,0,0,0,0,0,0
240,1408,858,857,997,639,184,172,604,963,642,1349,997,1562,761,0,0,0,0,0,0,0,0,0,0
683,494,600,64,932,1351,1451,1400,1461,415,1123,1635,1355,1194,39,873,0,0,0,0,0,0,0,0,0
1203,1219,1140,618,395,499,1271,1580,723,790,0,0,0,0,0,0,0,0,0,0,0,0,0,0,0
258,752,912,358,605,1611,427,73,1051,718,702,113,1088,0,0,0,0,0,0,0,0,0,0,0,0
691,1572,299,658,1232,569,1287,184,1370,466,543,843,1011,139,684,746,0,0,0,0,0,0,0,0,0
726,861,1358,1013,66,1371,255,383,1587,1015,1147,1521,1209,782,0,0,0,0,0,0,0,0,0,0,0
1071,804,974,1408,980,348,1508,94,336,1280,1593,0,0,0,0,0,0,0,0,0,0,0,0,0,0
1250,495,1093,895,1065,512,628,29,304,75,1194,1420,496,846,1124,1085,1345,495,168,593,0,0,0,0,0
1293,800,171,1155,1199,1261,384,373,1086,849,431,378,1117,183,1080,1333,579,1520,67,280,0,0,0,0,0
520,1294,592,935,989,1526,1089,1620,1000,1392,328,0,0,0,0,0,0,0,0,0,0,0,0,0,0
874,623,1295,982,793,12,13,1272,498,338,162,198,439,210,792,1307,1592,1478,783,0,0,0,0,0,0
559,1125,1006,879,999,125,1037,1519,1606,46,610,1031,53,1414,870,1009,953,988,0,0,0,0,0,0,0
1227,1319,446,1079,429,1066,401,61,249,633,599,0,0,0,0,0,0,0,0,0,0,0,0,0,0
1243,1496,1152,1486,1416,169,467,570,133,1060,654,1183,1224,935,0,0,0,0,0,0,0,0,0,0,0
1060,684,1232,466,1197,200,1395,292,734,1330,1333,1605,1123,1262,407,737,1532,1089,1125,415,0,0,0,0,0
1215,1468,929,1629,858,1332,1329,1051,1075,1275,1260,1117,0,0,0,0,0,0,0,0,0,0,0,0,0
1294,38,261,719,707,467,1148,1374,1200,1155,670,1057,1382,1098,1416,1065,714,0,0,0,0,0,0,0,0
1047,977,113,893,614,1625,1002,857,1227,878,1408,442,395,1111,1315,484,248,0,0,0,0,0,0,0,0
935,755,1355,559,373,726,145,5,6,175,315,403,187,265,834,974,1411,0,0,0,0,0,0,0,0
188,488,1112,1092,63,1515,1606,849,216,401,1044,1159,1261,1527,168,0,0,0,0,0,0,0,0,0,0
1593,1628,46,1000,384,119,1456,371,761,1224,1183,980,313,1221,0,0,0,0,0,0,0,0,0,0,0
932,519,752,1293,1532,325,760,764,593,348,328,1635,783,579,1048,0,0,0,0,0,0,0,0,0,0
353,1202,745,873,1626,1526,24,809,68,133,143,691,814,1158,546,766,1415,10,0,0,0,0,0,0,0
724,94,843,1580,1581,829,162,846,1093,384,172,95,598,131,1209,88,733,738,766,280,0,0,0,0,0
179,763,1017,417,982,800,553,1292,1215,278,0,0,0,0,0,0,0,0,0,0,0,0,0,0,0
520,718,1436,604,1086,210,731,249,618,327,0,0,0,0,0,0,0,0,0,0,0,0,0,0,0
1519,1284,661,1280,771,1021,871,728,-1,798,1572,360,1251,1407,1341,812,10,0,0,0,0,0,0,0,0
230,1229,1035,840,346,706,754,1519,659,1011,1173,383,683,567,1032,253,0,0,0,0,0,0,0,0,0
1438,1037,641,1622,136,425,633,405,1295,795,623,1113,343,888,0,0,0,0,0,0,0,0,0,0,0
600,874,1194,255,658,134,1243,1172,696,446,1246,1636,1199,1368,883,0,0,0,0,0,0,0,0,0,0
1440,82,1312,1287,1013,1307,645,1422,801,820,392,1609,723,1071,1501,1272,541,1085,0,0,0,0,0,0,0
697,295,413,67,937,1414,1545,223,1508,254,1347,692,0,0,0,0,0,0,0,0,0,0,0,0,0
485,1496,895,518,1633,565,410,976,198,210,1521,61,666,323,1493,53,1301,940,0,0,0,0,0,0,0
1524,1124,12,796,1258,732,83,1581,994,0,0,0,0,0,0,0,0,0,0,0,0,0,0,0,0
1503,1358,169,1536,283,441,1256,1546,575,1076,435,1328,0,0,0,0,0,0,0,0,0,0,0,0,0
602,592,1488,1427,501,39,388,1282,429,570,308,1049,512,0,0,0,0,0,0,0,0,0,0,0,0
1080,372,1369,1388,1317,427,639,1087,1530,431,341,29,0,0,0,0,0,0,0,0,0,0,0,0,0
573,792,1149,667,662,637,183,75,622,1587,0,0,0,0,0,0,0,0,0,0,0,0,0,0,0
718,713,1140,1330,328,360,1287,1238,754,67,801,1011,1111,1209,1192,1451,425,1229,346,746,0,0,0,0,0
1307,792,240,1415,602,592,1620,172,230,598,258,1535,1194,708,198,0,0,0,0,0,0,0,0,0,0
972,1572,437,125,1524,637,559,821,728,1358,267,94,1295,405,400,567,714,541,601,0,0,0,0,0,0
38,373,283,1400,1327,1037,1606,177,994,108,171,702,187,834,0,0,0,0,0,0,0,0,0,0,0
1312,1326,590,1232,814,771,-1,134,691,203,292,565,410,390,953,1292,1261,0,0,0,0,0,0,0,0
796,388,1621,498,1332,553,543,447,497,782,439,403,485,1002,947,407,248,0,0,0,0,0,0,0,0
68,1284,1098,46,541,466,1315,870,1587,752,1373,1144,916,937,0,0,0,0,0,0,0,0,0,0,0
1124,415,211,386,614,508,1219,75,996,849,1158,1022,496,1587,446,988,0,0,0,0,0,0,0,0,0
696,520,24,733,737,64,35,1086,1036,576,338,1057,490,1382,1460,0,0,0,0,0,0,0,0,0,0
1493,261,606,1319,12,1159,1392,1194,641,358,738,384,618,977,1493,987,0,0,0,0,0,0,0,0,0
719,6,495,442,667,1370,1087,327,1089,1631,1356,1275,0,0,0,0,0,0,0,0,0,0,0,0,0
1049,599,1246,935,1044,1258,1085,1611,427,1075,1423,1293,959,760,1173,1403,776,1384,579,1496,641,1422,0,0,0
662,628,1245,1468,900,670,1060,265,12,1070,1203,339,1272,1581,1271,0,0,0,0,0,0,0,0,0,0
1636,139,932,315,109,1065,119,216,1622,1197,1456,584,0,0,0,0,0,0,0,0,0,0,0,0,0
1515,1478,1508,982,1170,684,1071,989,395,10,997,1079,1618,0,0,0,0,0,0,0,0,0,0,0,0
1527,55,162,1605,1385,1035,-1,183,1526,159,0,0,0,0,0,0,0,0,0,0,0,0,0,0,0
929,397,623,1152,734,901,807,846,255,785,620,249,0,0,0,0,0,0,0,0,0,0,0,0,0
499,745,833,1544,1125,829,210,499,812,1438,1016,610,654,0,0,0,0,0,0,0,0,0,0,0,0
675,63,885,1526,1250,1557,955,1347,692,1147,0,0,0,0,0,0,0,0,0,0,0,0,0,0,0
429,922,1000,1343,1555,999,879,660,1108,5,-1,0,0,0,0,0,0,0,0,0,0,0,0,0,0
91,1511,184,1132,278,1609,794,793,1331,1512,974,683,1626,1024,1395,1143,0,0,0,0,0,0,0,0,0
340,127,893,133,441,682,1592,847,1031,343,0,0,0,0,0,0,0,0,0,0,0,0,0,0,0
483,580,509,1047,755,605,413,1227,1224,1200,1501,1520,1436,0,0,0,0,0,0,0,0,0,0,0,0
1536,84,179,749,963,1243,1416,795,731,689,1013,1488,143,223,1333,157,0,0,0,0,0,0,0,0,0
900,1202,565,771,211,734,1119,413,127,348,1284,908,684,159,641,1332,408,162,1460,771,593,1299,0,0,0
1006,1019,336,1112,637,1125,1246,953,1536,10,1368,1461,313,885,0,0,0,0,0,0,0,0,0,0,0
592,1451,1261,1511,1015,1011,937,849,341,66,496,199,1280,1515,216,1388,1219,697,1562,0,0,0,0,0,0
541,1088,346,606,763,980,1292,446,999,1456,1284,68,675,908,840,0,0,0,0,0,0,0,0,0,0
1546,605,280,726,425,1468,1312,278,610,796,940,0,0,0,0,0,0,0,0,0,0,0,0,0,0
315,442,1501,1436,1486,866,435,384,427,1611,852,1144,109,1229,168,484,1546,0,0,0,0,0,0,0,0
639,600,1057,792,1260,1242,1085,1374,1108,1215,1066,870,658,1493,407,1301,1013,1024,1294,1170,0,0,0,0,0
1139,1080,699,724,1245,1152,888,1608,1477,783,1070,323,833,249,1049,599,0,0,0,0,0,0,0,0,0
1371,1317,1626,520,667,295,602,546,1199,1065,253,157,1438,499,1315,1061,1373,360,235,706,1371,0,0,0,0
113,883,1609,857,829,210,1521,488,614,1328,782,177,226,1486,133,267,1374,834,0,0,0,0,0,0,0
316,230,63,1173,543,12,1488,737,188,1527,982,745,874,1140,623,55,0,0,0,0,0,0,0,0,0
1087,570,492,804,400,497,1089,1031,401,1369,1047,847,0,0,0,0,0,0,0,0,0,0,0,0,0
397,1224,761,749,843,1000,468,137,585,1508,248,766,1618,0,0,0,0,0,0,0,0,0,0,0,0
935,977,731,661,5,1095,131,299,1002,553,604,1578,1221,963,1243,755,1411,1580,1227,0,0,0,0,0,0
258,75,1605,1171,1358,778,508,1232,1021,624,1341,785,567,1356,372,713,0,0,0,0,0,0,0,0,0
1526,662,466,83,84,134,848,1565,64,0,0,0,0,0,0,0,0,0,0,0,0,0,0,0,0
895,1544,1238,1032,1192,794,373,879,1622,996,0,0,0,0,0,0,0,0,0,0,0,0,0,0,0
35,769,578,39,972,283,175,728,403,1635,483,476,437,1524,169,790,1250,485,0,0,0,0,0,0,0
627,1104,1079,405,752,1555,1307,139,1287,86,325,1184,0,0,0,0,0,0,0,0,0,0,0,0,0
1420,1416,0,0,0,0,0,0,0,0,0,0,0,0,0,0,0,0,0,0,0,0,0,0,0
976,67,793,1326,912,1416,172,1262,861,692,1075,0,0,0,0,0,0,0,0,0,0,0,0,0,0
328,820,1426,1256,327,429,559,255,194,1496,633,0,0,0,0,0,0,0,0,0,0,0,0,0,0
858,1113,1382,580,754,308,1530,1631,1149,223,13,809,24,142,893,1628,0,0,0,0,0,0,0,0,0
38,590,683,812,628,1408,1407,798,878,519,1448,1349,1395,390,0,0,0,0,0,0,0,0,0,0,0
1002,618,624,339,1292,1371,55,947,1587,999,1448,706,519,-1,1192,989,901,1096,1415,738,1618,1392,508,0,0
10,1535,579,883,834,1332,1625,199,1530,431,46,865,760,959,133,870,401,696,187,1593,1086,1520,0,0,0
605,869,606,162,600,1513,567,977,134,1496,1299,1385,1545,1512,94,267,567,623,708,0,0,0,0,0,0
1407,1408,1092,400,1611,1061,427,1301,1312,315,1355,796,1088,1284,35,940,413,441,0,0,0,0,0,0,0
682,637,1493,569,1044,628,734,248,1155,801,447,0,0,0,0,0,0,0,0,0,0,0,0,0,0
1019,125,488,839,1555,223,308,61,127,760,1170,299,1140,692,620,200,1524,839,-1,0,0,0,0,0,0
466,876,1032,253,1022,733,29,255,1629,1051,692,435,1016,0,0,0,0,0,0,0,0,0,0,0,0
635,576,893,980,1031,670,327,383,988,1194,12,1271,1581,230,1501,1532,292,1621,0,0,0,0,0,0,0
265,496,1060,53,1414,1256,874,177,1035,194,295,697,662,304,353,1345,755,1461,1618,0,0,0,0,0,0
142,793,570,497,1037,5,6,543,476,405,483,812,1147,754,1139,429,131,0,0,0,0,0,0,0,0
499,929,953,119,1144,873,719,338,0,0,0,0,0,0,0,0,0,0,0,0,0,0,0,0,0
691,1478,1087,211,172,442,1609,769,610,1384,1373,343,1148,908,0,0,0,0,0,0,0,0,0,0,0
389,388,139,804,109,67,1108,1199,403,912,1333,1080,0,0,0,0,0,0,0,0,0,0,0,0,0
683,592,602,439,299,1070,900,1075,495,1149,1620,658,1173,490,1176,82,0,0,0,0,0,0,0,0,0
1143,1113,723,722,972,1626,642,591,1238,1079,1036,1251,849,821,39,348,1065,1527,1368,323,1370,0,0,0,0
794,1111,171,996,895,198,249,684,994,1349,724,0,0,0,0,0,0,0,0,0,0,0,0,0,0
1526,1303,707,145,809,24,598,198,1503,699,871,210,731,1356,1631,1526,659,0,0,0,0,0,0,0,0
38,520,1024,179,392,386,1215,575,328,498,169,100,484,1221,336,932,315,995,1355,0,0,0,0,0,0
1420,91,848,593,75,763,1328,1405,509,136,654,341,1246,1317,1633,75,763,0,0,0,0,0,0,0,0
1605,1395,888,858,827,360,1104,866,732,373,1232,814,1521,0,0,0,0,0,0,0,0,0,0,0,0
728,1358,395,714,633,372,425,1280,1242,313,1572,1319,1245,417,494,0,0,0,0,0,0,0,0,0,0
713,1071,885,63,280,307,1544,829,0,0,0,0,0,0,0,0,0,0,0,0,0,0,0,0,0
782,1294,857,159,997,778,916,820,1327,798,599,0,0,0,0,0,0,0,0,0,0,0,0,0,0
1093,184,1546,783,407,1229,1047,1021,1436,1330,1125,415,1282,384,368,1628,1315,84,283,0,0,0,0,0,0
1532,972,1468,1035,1229,1047,1079,1260,754,1184,1508,483,738,916,804,1152,490,1565,1351,0,0,0,0,0,0
999,199,715,702,24,820,249,1403,847,1524,812,378,604,590,0,0,0,0,0,0,0,0,0,0,0
1049,599,793,624,893,439,696,1284,1221,974,1066,947,0,0,0,0,0,0,0,0,0,0,0,0,0
1384,119,1461,1330,328,343,1093,83,576,839,1140,994,1065,1147,1245,0,0,0,0,0,0,0,0,0,0
987,187,1329,591,1155,134,127,1371,766,1620,35,1388,1629,1423,769,0,0,0,0,0,0,0,0,0,0
315,1451,248,1287,211,1511,573,807,348,172,848,145,255,1060,86,390,1176,565,1215,0,0,0,0,0,0
728,162,499,814,1224,-1,570,675,316,809,1626,866,316,131,719,1530,0,0,0,0,0,0,0,0,0
142,870,401,1411,937,136,726,1415,1505,371,413,605,628,512,0,0,0,0,0,0,0,0,0,0,0
13,12,745,593,1261,840,417,442,737,200,1294,327,988,1086,425,1385,960,1414,1019,1369,1385,0,0,0,0
395,1544,1535,1293,1080,1545,912,1076,658,932,1578,1512,666,878,308,622,184,33,872,299,509,0,0,0,0
179,61,392,699,1374,1635,484,827,692,1392,874,699,584,168,713,1395,1132,498,1044,0,0,0,0,0,0
488,1628,175,353,313,91,1555,755,0,0,0,0,0,0,0,0,0,0,0,0,0,0,0,0,0
1496,1024,1609,1358,929,879,1194,1032,1036,1085,133,143,869,1000,833,800,0,0,0,0,0,0,0,0,0
683,567,691,798,1373,265,94,55,953,1526,1117,1501,29,1331,39,0,0,0,0,0,0,0,0,0,0
553,749,403,635,159,1280,6,1319,508,600,1545,1139,429,1171,1011,785,602,0,0,0,0,0,0,0,0
843,541,661,861,109,812,1301,623,1256,790,75,194,1192,1440,1436,908,0,0,0,0,0,0,0,0,0
846,410,64,1416,177,1522,1611,682,1250,1071,10,407,501,383,1271,0,0,0,0,0,0,0,0,0,0
441,53,358,959,494,1124,1282,919,1420,580,1227,724,977,1144,637,794,561,670,654,0,0,0,0,0,0
520,1219,980,278,1456,1608,1312,796,497,0,0,0,0,0,0,0,0,0,0,0,0,0,0,0,0
575,373,519,601,541,46,627,761,1317,1149,1089,1625,0,0,0,0,0,0,0,0,0,0,0,0,0
5,1536,963,1243,684,1232,849,801,1087,1326,796,1400,267,1593,718,1580,341,216,0,0,0,0,0,0,0
1292,1031,1021,734,996,1275,84,1173,771,1606,113,261,0,0,0,0,0,0,0,0,0,0,0,0,0
447,372,1605,1158,1327,226,1519,1333,125,873,1557,1343,1408,292,642,0,0,0,0,0,0,0,0,0,0
38,198,1486,466,782,1382,1370,857,435,368,778,1472,88,1633,1119,901,1572,307,858,82,0,0,0,0,0
1197,1199,1065,578,91,1592,82,466,88,1229,64,737,1609,499,592,24,307,1631,1066,38,0,0,0,0,0
5,6,86,258,1031,223,1357,483,1152,1307,1280,497,427,82,561,1515,670,490,0,0,0,0,0,0,0
485,1626,509,792,0,0,0,0,0,0,0,0,0,0,0,0,0,0,0,0,0,0,0,0,0
108,439,714,1293,139,226,820,75,591,827,940,1251,1328,0,0,0,0,0,0,0,0,0,0,0,0
637,283,947,997,1370,1351,724,0,0,0,0,0,0,0,0,0,0,0,0,0,0,0,0,0,0
861,1123,675,764,1416,593,1326,378,248,1019,1032,1096,1238,976,125,67,866,996,397,0,0,0,0,0,0
604,1093,1636,39,348,1312,1200,425,639,1368,987,708,1405,840,187,1451,684,53,1501,0,0,0,0,0,0
441,198,1002,1622,1331,754,512,692,580,893,29,628,235,0,0,0,0,0,0,0,0,0,0,0,0
1536,778,35,728,916,982,1520,1478,1112,1158,265,707,1400,1395,1011,760,1374,266,0,0,0,0,0,0,0
1526,1317,1625,1315,494,142,783,384,738,407,1526,994,131,386,999,812,325,304,360,0,0,0,0,0,0
216,1303,659,1408,1407,1580,127,373,870,316,484,1486,1284,134,1171,829,0,0,0,0,0,0,0,0,0
1608,658,341,734,1060,849,1183,980,498,1049,159,599,488,1512,1061,600,546,0,0,0,0,0,0,0,0
405,315,327,1132,55,1159,1629,1000,109,1292,642,313,1565,0,0,0,0,0,0,0,0,0,0,0,0
567,602,368,713,1219,1287,495,338,104,169,501,804,873,1519,1593,13,353,1202,403,400,0,0,0,0,0
575,798,413,346,446,1275,94,267,1024,769,953,133,1124,358,1088,0,0,0,0,0,0,0,0,0,0
1108,624,372,1086,278,1422,1546,590,696,328,569,570,1392,1371,66,0,0,0,0,0,0,0,0,0,0
627,175,437,1524,1242,1511,188,719,249,1224,33,935,733,620,1611,1075,565,0,0,0,0,0,0,0,0
417,683,184,715,858,83,1345,113,848,1147,520,1246,177,0,0,0,0,0,0,0,0,0,0,0,0
782,937,1414,776,697,553,871,261,1149,1461,1006,623,749,1070,1358,606,162,1017,339,0,0,0,0,0,0
932,171,1312,1503,874,809,1221,584,210,1635,1369,1605,1009,431,1496,790,0,0,0,0,0,0,0,0,0
598,1061,600,1044,1015,1155,179,661,1258,1555,654,1587,1203,299,771,722,0,0,0,0,0,0,0,0,0
383,100,796,869,731,785,1117,1232,755,1143,137,157,1125,0,0,0,0,0,0,0,0,0,0,0,0
1493,1037,1140,1545,846,879,761,371,908,343,1620,1581,442,1057,1319,800,307,1448,1085,1113,0,0,0,0,0
834,1048,68,1438,1095,1051,1508,814,1021,1047,821,1521,1420,0,0,0,0,0,0,0,0,0,0,0,0
410,442,769,1328,840,697,1044,734,731,715,645,622,390,1194,879,1382,265,0,0,0,0,0,0,0,0
658,255,999,1049,61,1095,699,1451,1347,1112,670,133,496,199,559,1301,1272,1271,431,0,0,0,0,0,0
417,24,872,579,980,1104,53,959,1438,308,807,1524,1555,0,0,0,0,0,0,0,0,0,0,0,0
598,1088,46,1416,869,495,139,752,1319,38,219,278,888,592,1357,1371,1075,1197,1292,755,131,108,0,0,0
996,1017,1087,91,125,407,1170,977,1625,1089,88,929,1330,1065,109,1287,745,325,0,0,0,0,0,0,0
1503,573,718,1295,1000,1392,1159,1345,804,1202,1093,1293,83,143,230,1158,947,169,0,0,0,0,0,0,0
427,1203,601,1070,13,166,691,1423,168,1527,801,1505,876,800,1403,660,408,66,0,0,0,0,0,0,0
591,1532,84,431,820,1013,1331,33,519,68,159,1368,211,203,425,883,795,476,1512,1037,0,0,0,0,0
683,642,183,1544,159,392,1119,307,413,1411,1016,1521,1092,982,724,1605,1284,10,68,0,0,0,0,0,0
633,1282,963,1024,901,1251,338,1578,1468,175,654,955,1251,1317,313,719,1358,0,0,0,0,0,0,0,0
707,1019,1519,575,1238,1079,1440,878,1280,494,283,738,1415,371,1629,1355,1486,261,492,878,623,0,0,0,0
1536,1533,373,696,1250,1636,1022,610,1611,858,569,437,809,1580,1581,415,1006,1057,497,509,0,0,0,0,0
1035,1374,384,172,177,1060,1232,1436,315,1242,1215,346,606,295,1546,1219,1526,405,776,667,1496,0,0,0,0
708,358,1176,1620,1562,1125,1149,846,1155,580,1486,1261,1227,1633,313,508,0,0,0,0,0,0,0,0,0
1229,1047,1152,258,814,1224,839,488,499,1183,553,1245,520,328,280,1426,340,1511,64,1113,641,0,0,0,0
628,1221,782,35,484,248,737,0,0,0,0,0,0,0,0,0,0,0,0,0,0,0,0,0,0
932,1374,336,1096,187,1351,994,1635,439,728,1036,253,0,0,0,0,0,0,0,0,0,0,0,0,0
162,67,1108,164,988,383,5,6,726,1123,662,157,0,0,0,0,0,0,0,0,0,0,0,0,0
987,1461,637,576,1520,483,861,1098,1184,1284,885,796,1326,94,267,403,0,0,0,0,0,0,0,0,0
827,1349,188,1048,699,866,600,1422,976,1085,1388,372,870,590,0,0,0,0,0,0,0,0,0,0,0
179,1307,386,1256,912,1488,847,198,1243,368,1148,1184,1143,249,1427,1572,1303,0,0,0,0,0,0,0,0
585,1171,702,593,848,989,790,620,771,1032,1144,834,1333,689,0,0,0,0,0,0,0,0,0,0,0
1420,-1,240,235,1609,900,1192,1294,1076,1400,666,466,82,1515,692,467,360,75,1124,1369,0,0,0,0,0
682,1592,792,684,783,1086,490,1021,447,210,1628,639,343,501,733,1384,1533,1002,1332,1260,1275,1329,0,0,0
255,1478,1203,68,1319,792,752,360,1176,490,1224,1515,1508,1392,812,699,1123,0,0,0,0,0,0,0,0
1070,1544,338,982,240,738,858,1351,1051,1096,578,871,1411,488,839,834,1356,1631,1592,1035,1385,0,0,0,0
177,1024,963,447,543,1184,133,1243,400,53,1622,339,1019,1416,699,1158,980,579,585,1066,339,0,0,0,0
328,46,714,83,1625,878,1526,1524,988,1629,100,1355,340,1227,508,390,1119,358,1635,108,0,0,0,0,0
1197,188,1451,187,372,977,75,194,785,1192,801,1152,198,495,908,0,0,0,0,0,0,0,0,0,0
1519,795,1369,484,441,1125,684,38,584,728,1326,575,1317,1076,0,0,0,0,0,0,0,0,0,0,0
683,1250,519,1349,749,610,1307,771,996,1536,249,466,343,1368,1242,0,0,0,0,0,0,0,0,0,0
1037,1620,559,66,415,1461,388,541,601,368,175,1414,1262,1148,561,388,0,0,0,0,0,0,0,0,0
1002,1171,576,846,315,397,848,316,879,1219,718,713,5,6,1013,1031,308,869,0,0,0,0,0,0,0
718,1593,1405,840,1085,1312,821,437,1200,546,341,216,670,689,606,0,0,0,0,0,0,0,0,0,0
1343,1468,1533,1460,248,1578,809,109,467,1173,1093,162,1017,235,131,0,0,0,0,0,0,0,0,0,0
184,1087,1295,348,427,639,1159,353,642,1089,1301,442,1294,1057,127,760,666,618,0,0,0,0,0,0,0
827,1545,874,1098,769,498,520,591,804,86,1327,732,1047,1032,1232,1158,1016,745,827,1284,0,0,0,0,0
179,1527,134,1036,866,1015,230,157,849,159,861,483,439,1113,1370,888,1374,0,0,0,0,0,0,0,0
1333,1546,392,91,278,104,292,1144,1605,1104,1606,1229,223,0,0,0,0,0,0,0,0,0,0,0,0
425,143,793,429,876,29,1048,1261,1147,64,737,299,1522,1486,580,796,383,1636,35,0,0,0,0,0,0
1565,1080,1293,1440,1143,932,916,1152,691,1215,1373,408,987,1124,0,0,0,0,0,0,0,0,0,0,0
1426,67,872,1149,807,1420,1006,1303,1408,1407,929,624,1202,900,1512,1581,1271,1260,1422,0,0,0,0,0,0
12,1284,401,-1,682,384,496,199,1086,604,136,113,327,1347,598,1520,1438,283,707,1095,960,0,0,0,0
171,953,1246,702,386,782,567,592,1532,972,645,696,125,-1,976,0,0,0,0,0,0,0,0,0,0
13,166,754,1139,395,798,1511,1170,407,895,1251,778,1292,0,0,0,0,0,0,0,0,0,0,0,0
783,573,304,994,501,697,1496,1194,628,1609,1358,1423,1075,313,935,1436,622,1626,1194,0,0,0,0,0,0
660,755,94,267,1400,885,1611,1328,734,731,39,554,261,820,172,211,623,654,593,600,667,0,0,0,0
1403,210,1238,1472,1388,373,937,137,1060,1384,119,265,485,833,940,692,512,485,0,0,0,0,0,0,0
139,1037,839,1605,1036,253,1032,1047,61,888,960,223,623,1592,852,738,1037,313,88,139,0,0,0,0,0
1385,1035,1405,1545,1199,143,974,226,498,794,1125,1061,873,1243,1493,39,578,131,1347,1371,809,0,0,0,0
485,1562,879,-1,1622,395,1565,1192,315,1031,980,654,1227,415,1622,843,1486,1496,1407,1408,1403,0,0,0,0
1011,760,1328,769,442,179,543,840,390,199,496,104,1079,977,1478,1021,953,0,0,0,0,0,0,0,0
707,1303,435,142,1349,408,1075,1608,579,1080,1420,1355,0,0,0,0,0,0,0,0,0,0,0,0,0
1384,35,754,576,292,384,1194,1048,692,1200,885,63,1246,1503,1117,618,184,0,0,0,0,0,0,0,0
1284,916,1215,1006,1060,1232,660,1144,870,401,834,812,1009,258,1088,0,0,0,0,0,0,0,0,0,0
605,413,157,13,745,1326,821,866,771,94,255,38,1626,187,1451,265,793,1468,0,0,0,0,0,0,0
137,10,86,1086,1368,490,429,494,1315,565,602,93,1535,1112,1456,1415,940,0,0,0,0,0,0,0,0
1013,1294,1143,667,24,447,29,358,874,718,658,82,689,1224,814,1521,1158,1219,893,755,1183,1327,0,0,0
1203,1327,175,1356,1260,1532,210,1333,1369,0,0,0,0,0,0,0,0,0,0,0,0,0,0,0,0
719,731,203,392,1312,637,1581,497,108,764,593,109,713,846,168,1527,734,848,0,0,0,0,0,0,0
901,963,1171,113,994,783,714,360,55,1132,662,1301,0,0,0,0,0,0,0,0,0,0,0,0,0
883,1512,441,659,627,431,488,1438,1440,1611,1593,776,833,691,346,947,0,0,0,0,0,0,0,0,0
12,83,715,666,959,33,278,604,159,1044,483,327,752,682,955,425,341,0,0,0,0,0,0,0,0
691,785,248,171,598,1374,0,0,0,0,0,0,0,0,0,0,0,0,0,0,0,0,0,0,0
728,1108,67,467,1152,976,639,1357,427,900,796,1140,64,827,439,573,1066,1519,1400,792,996,136,0,0,0
997,295,858,1423,1173,512,559,405,235,1319,1631,684,541,601,0,0,0,0,0,0,0,0,0,0,0
1522,1414,592,696,188,508,699,395,795,1332,1070,746,645,133,0,0,0,0,0,0,0,0,0,0,0
1170,1307,1124,169,338,509,1587,1293,724,908,1242,1147,0,0,0,0,0,0,0,0,0,0,0,0,0
1526,1089,1555,1292,299,737,407,988,1347,1636,847,499,1245,0,0,0,0,0,0,0,0,0,0,0,0
670,622,1148,820,585,1330,675,0,0,0,0,0,0,0,0,0,0,0,0,0,0,0,0,0,0
1578,283,932,75,873,829,876,546,373,1411,584,1057,1508,870,484,1152,0,0,0,0,0,0,0,0,0
1520,1238,1388,372,1104,1229,624,567,590,5,857,125,1221,1282,211,466,1262,0,0,0,0,0,0,0,0
164,1200,852,1152,403,1333,834,1199,1009,91,1192,1341,684,627,766,1631,1024,1243,692,75,0,0,0,0,0
216,467,1331,976,893,1016,249,372,325,1347,1147,1194,662,495,847,1403,265,1227,0,0,0,0,0,0,0
738,1096,240,1327,937,1636,5,641,53,1545,1503,553,1522,1332,0,0,0,0,0,0,0,0,0,0,0
953,1524,255,812,162,1144,724,732,1501,1520,67,1388,796,1202,900,1261,1209,198,1486,0,0,0,0,0,0
509,916,764,606,258,1123,861,1044,109,0,0,0,0,0,0,0,0,0,0,0,0,0,0,0,0
508,519,1448,371,1011,12,1280,494,585,1170,1626,1468,0,0,0,0,0,0,0,0,0,0,0,0,0
567,1626,1427,746,996,1460,666,754,1139,429,278,1251,254,46,519,0,0,0,0,0,0,0,0,0,0
718,888,127,61,292,1070,1246,988,590,1295,600,1415,119,1384,833,512,230,940,372,718,0,0,0,0,0
858,1048,1275,566,1555,879,442,963,974,1357,490,1351,820,570,520,1113,0,0,0,0,0,0,0,0,0
734,1293,466,782,624,340,184,731,194,1315,593,1527,328,713,697,1013,299,699,1108,0,0,0,0,0,0
1496,579,308,1546,1085,188,1057,82,1371,661,1488,763,866,389,982,0,0,0,0,0,0,0,0,0,0
543,410,1229,1047,1242,1260,1224,614,1149,94,1519,143,133,388,431,0,0,0,0,0,0,0,0,0,0
667,392,1087,1326,1184,702,1461,415,1075,38,1605,1625,1089,1526,172,793,66,691,0,0,0,0,0,0,0
1536,849,1079,682,383,179,546,104,947,1284,1451,338,187,1098,0,0,0,0,0,0,0,0,0,0,0
696,425,1060,1635,1392,827,1423,715,1093,1119,1609,1358,1319,871,1392,1369,1021,253,0,0,0,0,0,0,0
6,437,1303,1407,1408,386,839,1426,484,994,1368,1633,637,171,55,1221,783,175,0,0,0,0,0,0,0
1472,1343,1035,591,1262,39,869,-1,798,575,846,728,755,997,1370,1307,929,159,1423,0,0,0,0,0,0
1395,1143,785,267,737,1256,183,343,1521,1158,1581,313,0,0,0,0,0,0,0,0,0,0,0,0,0
313,622,131,1017,35,1080,261,1197,307,1227,368,670,804,0,0,0,0,0,0,0,0,0,0,0,0
1071,336,1065,919,1400,599,1049,584,1232,1086,1031,977,1301,1312,358,0,0,0,0,0,0,0,0,0,0
932,1349,1405,573,1140,1572,1330,235,348,955,1544,1356,995,1508,248,315,1148,0,0,0,0,0,0,0,0
1606,1515,1420,226,497,64,1245,29,33,1002,88,1125,1292,0,0,0,0,0,0,0,0,0,0,0,0
360,407,600,501,683,1117,814,210,139,1512,1219,405,1328,689,633,0,0,0,0,0,0,0,0,0,0
908,84,10,499,476,1438,1076,714,1392,873,447,488,441,0,0,0,0,0,0,0,0,0,0,0,0
1358,1609,769,295,1183,1104,929,755,1511,397,1044,801,879,1519,1295,843,1027,1544,1019,1284,0,0,0,0,0
143,848,1468,1357,1139,119,1384,13,254,684,1636,912,403,1000,446,1125,415,879,0,0,0,0,0,0,0
794,901,1620,1461,1405,255,580,1633,814,1427,1456,371,1562,1049,599,389,708,0,0,0,0,0,0,0,0
728,1013,883,900,1076,1512,346,1440,871,35,490,1117,1148,796,476,24,1294,579,139,820,1260,883,1013,0,0
1532,292,919,1312,600,1061,783,641,1505,395,776,732,1515,1526,0,0,0,0,0,0,0,0,0,0,0
431,137,667,1555,378,483,1493,1503,660,410,565,1261,1199,622,198,249,29,0,0,0,0,0,0,0,0
1414,1385,1035,691,1087,405,699,932,637,829,265,1215,778,1331,401,724,1144,995,1051,501,0,0,0,0,0
64,188,1113,5,6,1203,570,569,869,878,1355,1256,267,94,343,1123,689,1611,0,0,0,0,0,0,0
642,683,590,216,1581,1608,1328,658,963,1024,916,1369,466,604,573,0,0,0,0,0,0,0,0,0,0
809,1219,278,846,1143,1545,793,494,1111,576,639,104,55,847,1048,654,1031,508,0,0,0,0,0,0,0
133,804,1070,12,1345,737,1170,109,893,162,61,960,610,210,1021,1016,575,798,1065,0,0,0,0,0,0
485,1159,1108,702,602,947,546,1093,908,325,223,1284,427,1593,713,1272,1271,1522,840,0,0,0,0,0,0
812,179,1224,847,1245,1621,1158,1374,0,0,0,0,0,0,0,0,0,0,0,0,0,0,0,0,0
618,895,861,1243,697,592,1448,39,578,1349,519,541,46,800,33,1158,1436,0,0,0,0,0,0,0,0
601,1587,1246,715,1092,666,987,1625,1089,447,1119,413,1373,1628,1371,1524,1057,304,734,827,0,0,0,0,0
1197,386,1580,1411,1478,348,1326,1280,199,496,1536,392,1037,1019,53,0,0,0,0,0,0,0,0,0,0
662,1496,177,1392,100,754,200,1032,253,1368,977,1047,627,761,1292,0,0,0,0,0,0,0,0,0,0
1307,792,86,175,142,790,852,171,988,733,628,692,598,1333,299,1301,0,0,0,0,0,0,0,0,0
858,1416,874,745,1282,372,373,1388,1232,935,1229,1332,82,1508,1580,1080,0,0,0,0,0,0,0,0,0
620,1347,553,1426,1520,623,187,1557,873,488,508,0,0,0,0,0,0,0,0,0,0,0,0,0,0
714,1415,1351,172,1075,1192,953,1319,520,1626,38,497,1184,1415,682,1486,0,0,0,0,0,0,0,0,0
849,1086,136,258,876,591,340,1071,696,328,1438,283,731,0,0,0,0,0,0,0,0,0,0,0,0
738,1303,707,184,341,338,1022,327,1631,1460,1098,360,994,10,0,0,0,0,0,0,0,0,0,0,0
230,336,719,108,131,1605,492,1395,0,0,0,0,0,0,0,0,0,0,0,0,0,0,0,0,0
91,618,134,699,1328,336,1144,439,733,383,1587,1293,654,0,0,0,0,0,0,0,0,0,0,0,0
637,1636,567,1626,869,849,340,1047,1184,821,1493,431,1530,1024,1456,778,745,143,373,785,1016,0,0,0,0
606,341,1341,1536,1461,198,598,719,1221,752,38,702,145,798,575,133,0,0,0,0,0,0,0,0,0
139,801,1147,883,977,1060,1159,1403,175,888,327,1080,1524,315,937,599,216,1343,591,10,0,0,0,0,0
714,715,39,578,339,230,639,64,1022,624,441,400,1395,389,388,1272,602,0,0,0,0,0,0,0,0
395,761,989,722,1416,1545,408,1501,13,211,508,1092,873,1373,530,1295,1503,0,0,0,0,0,0,0,0
1057,1176,763,63,360,1384,292,447,1250,633,935,67,1227,1036,33,265,1468,1519,0,0,0,0,0,0,0
203,496,368,255,1243,1075,1303,405,622,1411,1224,1238,1242,1095,0,0,0,0,0,0,0,0,0,0,0
1301,392,885,358,707,187,1332,857,1403,1592,658,1608,959,483,580,0,0,0,0,0,0,0,0,0,0
386,879,113,846,1620,1158,172,834,1333,1403,0,0,0,0,0,0,0,0,0,0,0,0,0,0,0
267,94,177,226,718,809,437,995,75,1317,35,771,662,1486,198,0,0,0,0,0,0,0,0,0,0
179,1312,728,410,466,908,1048,1031,313,249,940,1292,804,1203,84,1625,0,0,0,0,0,0,0,0,0
987,614,1358,484,601,1085,833,1331,0,0,0,0,0,0,0,0,0,0,0,0,0,0,0,0,0
1049,1512,1438,283,1027,1076,68,796,1282,839,1629,131,628,1633,100,809,417,520,960,988,0,0,0,0,0
164,1256,1173,820,490,795,724,1112,476,1086,1357,684,1555,254,1006,0,0,0,0,0,0,0,0,0,0
66,872,600,1111,1143,713,1605,1294,746,573,6,0,0,0,0,0,0,0,0,0,0,0,0,0,0
1544,963,1496,659,1415,308,1307,1215,1140,1374,519,169,162,1562,0,0,0,0,0,0,0,0,0,0,0
1209,512,1155,691,1087,576,919,840,782,316,348,1132,947,157,1382,541,843,0,0,0,0,0,0,0,0
1125,605,137,1532,972,328,1330,1065,922,166,852,12,1070,1392,1035,1209,0,0,0,0,0,0,0,0,0
1079,1557,692,307,1448,1478,1385,1422,699,1271,723,1051,1066,755,754,1139,1572,0,0,0,0,0,0,0,0
1019,793,1388,29,278,726,738,737,299,1355,796,1565,413,642,1515,61,1229,0,0,0,0,0,0,0,0
900,590,104,1261,446,1319,637,1581,1021,397,593,901,82,0,0,0,0,0,0,0,0,0,0,0,0
210,666,1245,1347,1329,353,760,0,0,0,0,0,0,0,0,0,0,0,0,0,0,0,0,0,0
1284,509,916,994,1635,403,912,86,999,467,498,343,1148,1183,1426,1628,1345,1200,55,953,1451,1593,0,0,0
392,338,592,1071,602,1294,179,1478,1258,1280,13,541,749,137,1460,872,66,0,0,0,0,0,0,0,0
292,188,1440,410,565,593,1527,413,307,499,1331,1104,1229,1117,1032,1022,929,1388,604,1592,857,188,959,1545,0
1197,876,1271,1608,1562,1087,1303,598,994,400,403,353,1448,972,175,1147,1329,343,1373,1016,0,0,0,0,0
980,1407,1408,199,308,1356,1631,1488,175,1403,707,834,492,599,843,1486,131,0,0,0,0,0,0,0,0
254,100,1511,1275,1260,820,858,963,1024,184,1049,1085,172,1414,425,713,1183,935,1520,692,88,0,0,0,0
223,1044,304,280,157,997,778,937,1242,546,801,999,1000,1013,442,82,585,485,0,0,0,0,0,0,0
932,1021,624,134,1532,94,267,327,446,1420,248,484,1369,576,1251,1611,427,240,1423,530,210,0,0,0,0
1622,53,1319,1219,1111,600,1017,1496,1526,900,1261,530,1139,0,0,0,0,0,0,0,0,0,0,0,0
64,1125,415,1524,437,1272,785,408,339,921,996,955,1505,662,108,136,0,0,0,0,0,0,0,0,0
1092,873,91,795,610,561,1057,871,1199,732,1158,127,494,1301,1250,1403,783,1374,0,0,0,0,0,0,0
912,645,1203,1565,1171,1243,295,38,590,435,341,1293,840,1629,512,1065,573,417,33,0,0,0,0,0,0
1170,1224,340,397,1587,171,754,1149,1124,814,133,346,1035,1349,519,553,1159,1392,1123,0,0,0,0,0,0
606,488,1472,1436,642,35,383,1144,724,575,919,119,67,866,869,388,483,0,0,0,0,0,0,0,0
1317,1405,265,1544,437,1400,1037,1194,667,1384,520,162,846,216,661,883,1209,145,1086,0,0,0,0,0,0
1140,974,75,328,718,790,86,1357,1341,495,1287,1501,1227,734,0,0,0,0,0,0,0,0,0,0,0
64,737,1002,1256,1333,211,476,1580,187,1351,490,1079,498,895,0,0,0,0,0,0,0,0,0,0,0
755,1232,429,1312,567,683,833,1119,1328,83,166,682,1451,1011,977,431,0,0,0,0,0,0,0,0,0
728,1358,1061,793,666,1503,1088,1426,908,447,1143,1626,164,24,689,1319,0,0,0,0,0,0,0,0,0
1080,1155,1075,358,325,812,829,1493,1385,628,1152,1112,388,804,893,0,0,0,0,0,0,0,0,0,0
1536,1533,849,809,870,401,235,1019,1284,1096,278,654,1519,6,1006,1468,874,659,10,1347,601,200,1618,0,0
386,1215,1427,368,947,508,1295,1332,1522,1578,719,1113,-1,570,916,0,0,0,0,0,0,0,0,0,0
745,874,113,1633,407,1098,879,953,763,198,441,1345,795,0,0,0,0,0,0,0,0,0,0,0,0
1089,497,699,61,1095,1606,579,501,1628,760,315,995,702,569,989,848,0,0,0,0,0,0,0,0,0
987,1070,12,1282,384,405,159,1009,940,746,1192,1051,63,684,1148,466,982,635,0,0,0,0,0,0,0
1515,1451,339,1593,512,1403,908,769,248,1221,64,254,253,1031,932,0,0,0,0,0,0,0,0,0,0
86,1581,1086,1139,1096,1022,610,1149,1461,1423,738,1505,1243,785,793,987,109,834,171,198,1329,304,1486,0,0
476,12,108,1416,874,1328,1295,661,100,699,839,601,1002,1315,142,194,187,661,1015,1635,164,497,1061,746,0
1280,1024,745,895,1071,1526,1605,794,267,719,131,169,68,977,446,1636,336,82,0,0,0,0,0,0,0
637,1087,1215,1403,230,1508,794,162,901,579,1333,1066,622,360,576,1251,1202,55,959,0,0,0,0,0,0
728,660,439,373,604,1079,1524,796,699,1000,734,1374,283,145,1565,1197,1347,1065,1224,343,210,0,0,0,0
567,878,592,590,313,782,760,916,840,488,1609,1358,1017,1530,569,442,827,812,0,0,0,0,0,0,0
166,137,29,1147,386,1373,1555,226,338,1511,1108,1260,315,397,1061,947,662,541,809,0,0,0,0,0,0
724,565,1104,24,645,1345,184,390,1117,407,1183,912,0,0,0,0,0,0,0,0,0,0,0,0,0
240,1618,1356,1460,614,593,792,157,392,1536,885,413,639,1611,1076,1422,972,1440,900,1140,1468,0,0,0,0
292,1200,682,852,820,778,1060,383,800,1080,495,139,417,1312,1049,599,995,159,1578,754,466,0,0,0,0
1557,873,1070,795,1355,1420,1194,888,1113,198,814,401,929,341,0,0,0,0,0,0,0,0,0,0,0
83,84,871,1493,127,1258,494,1395,346,829,384,737,1092,1357,1089,119,1533,1021,1572,1199,692,0,0,0,0
46,749,1159,1438,713,501,1580,764,843,1544,848,143,866,91,1229,1521,584,707,1009,1368,0,0,0,0,0
642,580,683,771,697,308,846,1173,405,490,1292,1148,1051,1203,715,316,1271,134,1093,1057,0,0,0,0,0
605,561,1088,328,1171,691,1006,485,1496,790,1032,849,1047,624,125,299,1170,6,1262,1272,0,0,0,0,0
1065,340,627,1184,199,546,976,578,1035,327,988,996,1330,575,0,0,0,0,0,0,0,0,0,0,0
922,499,1075,1562,371,658,1478,666,732,441,33,654,249,937,1371,997,857,731,307,733,0,0,0,0,0
94,1312,325,1405,323,1503,1545,431,821,200,211,427,1341,833,776,1155,1472,179,520,0,0,0,0,0,0
1256,600,258,876,1382,1192,1098,1284,1456,1501,172,1385,1532,1282,1426,1427,1011,0,0,0,0,0,0,0,0
467,1317,940,39,543,1144,623,168,1527,598,1486,1332,999,1625,278,1631,1294,0,0,0,0,0,0,0,0
573,879,953,675,763,403,994,104,1411,620,1628,13,1608,0,0,0,0,0,0,0,0,0,0,0,0
35,628,447,1633,883,113,38,1132,1303,659,175,1629,0,0,0,0,0,0,0,0,0,0,0,0,0
1219,425,75,183,1036,606,726,861,216,1326,1275,1242,982,216,980,1119,0,0,0,0,0,0,0,0,0
1405,292,642,1293,343,1333,1545,576,1572,1373,821,1031,876,761,353,175,0,0,0,0,0,0,0,0,0
405,1515,1057,82,1371,1626,-1,728,764,1438,0,0,0,0,0,0,0,0,0,0,0,0,0,0,0
283,499,1017,846,94,1282,1526,1605,546,1080,1287,210,249,1158,143,763,980,413,0,0,0,0,0,0,0
794,1317,976,67,157,179,580,937,1060,1096,133,390,12,371,1415,1202,900,659,447,1275,628,0,0,0,0
1011,316,960,61,177,1215,575,792,495,216,1021,1183,666,1284,790,1098,602,495,0,0,0,0,0,0,0
483,1292,446,64,299,995,592,425,1246,0,0,0,0,0,0,0,0,0,0,0,0,0,0,0,0
662,1303,719,1125,1403,1423,1032,1635,119,804,1271,53,0,0,0,0,0,0,0,0,0,0,0,0,0
901,1123,916,383,328,267,265,200,1562,963,1330,0,0,0,0,0,0,0,0,0,0,0,0,0,0
497,661,1061,600,1022,1436,929,490,718,1192,194,1143,1301,883,188,397,1229,91,0,0,0,0,0,0,0
1037,885,726,125,211,1006,796,1527,109,0,0,0,0,0,0,0,0,0,0,0,0,0,0,0,0
1521,1224,162,339,801,878,605,1524,508,46,749,852,1200,637,1407,0,0,0,0,0,0,0,0,0,0
1328,1545,226,972,1621,1468,987,1087,1035,108,1414,1315,622,1173,127,136,1170,849,1232,1331,1251,169,639,0,0
988,1243,879,999,754,754,401,0,0,0,0,0,0,0,0,0,0,0,0,0,0,0,0,0,0
341,39,702,55,1089,1503,435,778,1085,145,1636,1219,752,606,395,0,0,0,0,0,0,0,0,0,0
12,1070,1512,1578,1395,1382,1341,1358,408,585,1343,392,0,0,0,0,0,0,0,0,0,0,0,0,0
623,760,1427,308,599,1501,230,501,1149,1124,734,866,737,248,1065,1009,1152,1147,1587,793,1261,0,0,0,0
1319,431,1530,689,1513,1508,584,1132,278,0,0,0,0,0,0,0,0,0,0,0,0,0,0,0,0
794,1620,782,492,684,336,834,570,1345,601,1245,624,0,0,0,0,0,0,0,0,0,0,0,0,0
606,1438,304,1086,1611,427,1049,541,618,895,113,171,6,407,977,240,0,0,0,0,0,0,0,0,0
696,940,745,1159,373,1546,520,0,0,0,0,0,0,0,0,0,0,0,0,0,0,0,0,0,0
1565,697,255,658,707,874,590,437,104,1148,869,415,829,0,0,0,0,0,0,0,0,0,0,0,0
198,139,63,346,1002,467,997,0,0,0,0,0,0,0,0,0,0,0,0,0,0,0,0,0,0
683,1294,724,1144,820,1203,1048,1227,131,861,691,654,804,1076,142,1315,606,0,0,0,0,0,0,0,0
708,1392,1140,567,959,1370,1113,888,485,675,809,386,893,1460,561,723,814,348,0,0,0,0,0,0,0
1533,852,1092,292,29,919,579,24,590,771,707,689,1628,852,142,1606,610,1036,833,1312,922,0,0,0,0
1009,429,1170,1256,494,336,1227,1085,1520,1521,639,169,1245,731,0,0,0,0,0,0,0,0,0,0,0
995,1438,592,194,1192,166,641,162,876,1519,168,724,798,1440,1143,1609,1104,253,840,389,0,0,0,0,0
761,766,1618,940,1426,749,1522,1140,623,1468,895,1215,139,1271,446,1047,821,0,0,0,0,0,0,0,0
1089,1508,972,1536,1024,1243,754,125,83,10,1098,1148,1605,38,159,1209,1037,0,0,0,0,0,0,0,0
1203,340,1219,1512,248,1578,1592,136,1200,1284,235,226,360,1049,315,223,763,980,1460,1356,627,659,0,0,0
177,874,869,1581,1086,1021,372,1472,929,1327,-1,1555,1544,598,1272,0,0,0,0,0,0,0,0,0,0
682,1524,261,871,484,719,339,1351,1295,658,255,1057,410,299,827,1224,230,1436,866,341,0,0,0,0,0
1006,1124,415,1044,1144,316,94,267,738,1395,1184,760,1315,600,829,33,732,1022,1183,1488,1382,0,0,0,0
199,295,872,66,384,699,488,1625,1451,1000,1293,1065,108,1096,408,1608,0,0,0,0,0,0,0,0,0
254,1173,1635,1112,278,172,1478,893,1349,1159,1357,559,809,1562,543,91,0,0,0,0,0,0,0,0,0
782,447,1087,1557,900,179,109,211,708,1420,793,1333,1194,628,0,0,0,0,0,0,0,0,0,0,0
325,1132,485,1328,1405,1221,1369,328,431,75,996,1284,792,1319,495,437,883,1272,1622,0,0,0,0,0,0
1331,645,119,1051,635,371,738,405,501,794,1493,1621,839,1515,670,401,1227,1002,0,0,0,0,0,0,0
814,1158,171,752,706,728,846,13,216,1411,604,1197,83,1093,466,386,0,0,0,0,0,0,0,0,0
519,601,1448,800,654,1032,1611,108,403,131,1486,63,637,1526,82,1075,1530,0,0,0,0,0,0,0,0
932,68,1275,1117,1527,593,888,1368,573,1048,783,666,1461,702,546,602,520,960,947,1284,0,0,0,0,0
1392,570,569,820,145,1287,395,113,373,35,1407,1636,847,576,490,442,86,1330,820,908,0,0,0,0,0
39,1080,1505,578,265,916,184,618,1358,976,1031,1280,1326,870,67,1347,692,348,0,0,0,0,0,0,0
858,157,848,283,1125,1355,100,778,1371,776,1385,994,834,1546,1301,606,755,1113,553,0,0,0,0,0,0
675,1070,1633,1079,977,624,622,1532,696,439,1629,127,346,1373,1202,353,585,0,0,0,0,0,0,0,0
605,575,407,879,188,499,435,413,280,307,1119,425,509,508,368,974,0,0,0,0,0,0,0,0,0
1013,1147,1388,1250,1423,691,785,198,1152,857,1408,1403,175,313,392,874,164,0,0,0,0,0,0,0,0
591,662,1258,1374,541,684,338,697,1496,1199,187,1593,718,1262,512,591,0,0,0,0,0,0,0,0,0
627,10,12,1395,847,1027,38,520,697,496,1592,188,407,645,1015,1019,849,467,1021,624,895,261,0,0,0
325,641,53,1414,1113,1405,1330,223,35,1080,327,852,348,578,83,495,1287,988,0,0,0,0,0,0,0
559,599,1461,397,1075,620,1580,1581,977,388,1280,1303,707,1420,947,0,0,0,0,0,0,0,0,0,0
1088,661,119,1636,1319,429,1139,400,912,75,955,435,125,136,295,1345,702,410,541,0,0,0,0,0,0
1256,1532,667,1194,996,976,1355,570,569,600,1272,871,1331,341,1036,1368,131,628,109,827,812,994,870,0,0
766,384,734,1468,1016,164,879,999,1415,658,1608,1098,766,1011,959,63,1415,166,0,0,0,0,0,0,0
1565,605,696,876,754,139,1219,1512,1438,922,1301,1197,431,1530,1199,987,1422,358,499,0,0,0,0,0,0
778,1388,210,1224,785,1358,1051,66,1544,1070,1403,666,699,437,635,159,1522,1140,1066,1051,0,0,0,0,0
1536,1625,1374,483,184,339,1158,1385,1035,240,39,1202,1392,1159,719,829,796,573,989,738,546,0,0,0,0
1117,328,606,1209,1527,1546,1061,1111,1032,929,1031,315,995,1400,1202,1373,982,353,752,0,0,0,0,0,0
1203,576,278,1119,84,61,997,1370,198,143,1416,796,602,249,1022,389,1456,683,373,760,0,0,0,0,0
267,718,299,798,401,1086,691,1171,732,253,67,1238,794,1620,1173,1251,585,169,1622,46,0,0,0,0,0
1626,776,145,171,1215,172,1200,265,682,1371,752,1307,1044,1262,1275,1227,425,248,1229,0,0,0,0,0,0
728,1440,439,953,1524,916,885,235,1545,226,1486,1326,142,1526,313,33,1341,0,0,0,0,0,0,0,0
1124,1125,6,723,1104,893,392,68,1284,737,623,584,1329,1295,809,24,670,501,1557,0,0,0,0,0,0
1606,738,371,175,1333,833,485,567,1411,713,1155,55,901,1407,1408,0,0,0,0,0,0,0,0,0,0
1282,724,598,1065,1176,1315,1057,561,659,590,1048,820,447,769,610,980,654,230,1501,684,0,0,0,0,0
1095,869,960,211,200,386,307,793,1002,618,1436,490,857,1555,378,834,187,1328,1635,1221,1060,61,292,0,0
1535,91,1047,1192,1243,509,508,198,1426,395,1172,800,692,1347,1147,900,0,0,0,0,0,0,0,0,0
745,1629,593,848,1478,658,1017,162,846,1293,343,807,1621,1382,662,484,1093,1356,1232,0,0,0,0,0,0
1092,-1,839,64,699,1578,1037,1087,699,1024,963,870,801,579,1250,706,733,1369,731,0,0,0,0,0,0
543,1149,1423,134,642,858,888,1013,1427,415,113,1292,1049,157,994,1144,1108,1143,0,0,0,0,0,0,0
633,714,94,1183,755,346,390,637,5,639,763,340,1511,1158,383,492,417,441,0,0,0,0,0,0,0
254,771,360,782,604,1184,127,408,592,1351,1460,442,427,1611,403,1605,1112,1333,593,336,0,0,0,0,0
789,1394,1250,1335,753,948,1013,1536,1301,830,373,1315,1061,1374,848,1401,1031,1235,1511,1507,1152,1242,1458,1401,1250
1393,43,507,130,1028,215,879,190,1532,1393,557,861,120,576,138,792,1418,0,0,0,0,0,0,0,0
24,145,281,573,1513,1125,722,256,638,168,921,433,1153,71,610,646,453,1132,795,0,0,0,0,0,0
846,510,162,1230,942,519,434,458,1519,1400,83,412,1061,600,565,1144,1530,82,0,0,0,0,0,0,0
160,1052,1046,1475,-1,1359,255,1585,876,1403,1119,1509,1269,1483,681,111,1522,820,1230,1527,38,0,0,0,0
1044,157,86,633,1012,908,997,304,427,1630,1289,1044,967,1238,935,1324,1048,1074,253,0,0,0,0,0,0
1019,758,55,947,405,315,995,159,1597,837,1248,494,1363,1102,800,435,1594,324,626,1060,1367,0,0,0,0
5,6,553,1493,1101,1273,443,724,1309,555,1555,397,1260,771,1520,1162,707,1313,200,0,0,0,0,0,0
1109,1065,1011,1227,1181,1199,614,857,858,388,608,943,1608,658,177,0,0,0,0,0,0,0,0,0,0
1225,1612,163,372,687,1203,52,783,1216,1482,1092,552,1108,1411,325,0,0,0,0,0,0,0,0,0,0
574,1323,353,659,1087,404,1083,234,1005,1467,559,321,772,1442,1362,387,61,1009,0,0,0,0,0,0,0
179,1413,478,1010,185,1294,924,322,881,780,198,233,239,1628,776,141,0,0,0,0,0,0,0,0,0
493,1521,1626,832,386,1171,691,1267,627,487,410,83,254,628,1635,116,719,248,1578,0,0,0,0,0,0
782,1042,1328,655,1042,191,864,1304,1606,670,692,154,696,1334,1361,1059,795,0,0,0,0,0,0,0,0
447,164,181,237,109,977,781,639,1303,1192,1173,1089,1625,399,1245,1070,0,0,0,0,0,0,0,0,0
970,483,580,512,804,692,249,1336,1271,1352,484,0,0,0,0,0,0,0,0,0,0,0,0,0,0
1588,418,-1,326,994,1388,754,1090,187,67,1022,929,624,637,747,94,1619,1144,1388,1006,137,0,0,0,0
599,1049,579,11,713,718,840,56,1326,799,408,1262,1389,311,348,0,0,0,0,0,0,0,0,0,0
1621,485,697,188,1047,200,1415,836,124,476,1234,1051,995,1321,1119,299,0,0,0,0,0,0,0,0,0
1345,609,337,199,1311,785,1357,64,213,1486,591,1343,1373,667,0,0,0,0,0,0,0,0,0,0,0
666,1142,592,1295,834,1096,700,127,760,1275,706,400,1035,708,1149,1006,0,0,0,0,0,0,0,0,0
1622,1399,1566,661,194,22,640,547,750,934,1517,0,0,0,0,0,0,0,0,0,0,0,0,0,0
1274,685,955,81,1437,987,1195,740,725,588,1372,959,442,1419,1214,136,1151,0,0,0,0,0,0,0,0
29,812,1510,997,417,809,1562,604,155,361,1091,131,278,0,0,0,0,0,0,0,0,0,0,0,0
