1262,1144,840,1633,1631,476,1621,226,812,754,373,771,1317,194,1532,1037,0,0,0,0,0,0,0,0
1522,1620,1440,1395,392,388,1420,661,131,82,1545,1327,1332,0,0,0,0,0,0,0,0,0,0,0
901,794,299,145,1626,38,1294,578,746,593,1448,179,39,61,0,0,0,0,0,0,0,0,0,0
169,338,809,188,749,541,839,211,834,1629,1104,1199,714,1565,0,0,0,0,0,0,0,0,0,0
316,1312,1351,1044,339,1519,1333,1368,1508,1172,1176,446,0,0,0,0,0,0,0,0,0,0,0,0
1119,620,1075,601,848,1079,88,372,977,1536,235,323,1426,999,484,0,0,0,0,0,0,0,0,0
963,1243,667,1284,64,598,1299,35,1388,265,1015,1472,0,0,0,0,0,0,0,0,0,0,0,0
561,1555,1635,94,846,1501,1092,1557,0,0,0,0,0,0,0,0,0,0,0,0,0,0,0,0
255,1022,1149,718,1261,798,801,702,732,0,0,0,0,0,0,0,0,0,0,0,0,0,0,0
1002,1503,804,1307,1319,1232,1520,278,737,407,1478,696,1229,0,0,0,0,0,0,0,0,0,0,0
1272,413,610,1373,883,1345,1622,55,947,785,662,829,0,0,0,0,0,0,0,0,0,0,0,0
1019,1143,1246,778,315,336,723,1580,249,0,0,0,0,0,0,0,0,0,0,0,0,0,0,0
519,932,879,1143,488,916,1021,1132,0,0,0,0,0,0,0,0,0,0,0,0,0,0,0,0
1461,987,953,1608,1096,1017,559,415,1250,0,0,0,0,0,0,0,0,0,0,0,0,0,0,0
1415,386,1301,134,800,1215,1140,508,1546,283,1456,1581,783,637,0,0,0,0,0,0,0,0,0,0
340,624,1511,328,1089,682,1098,401,633,1282,0,0,0,0,0,0,0,0,0,0,0,0,0,0
1369,405,706,553,261,1606,395,996,660,1636,670,408,683,642,1593,0,0,0,0,0,0,0,0,0
752,1024,24,590,520,792,327,171,623,109,108,796,1526,1521,113,0,0,0,0,0,0,0,0,0
1436,136,1295,447,6,565,807,492,53,295,0,0,0,0,0,0,0,0,0,0,0,0,0,0
627,761,919,1006,728,1609,0,0,0,0,0,0,0,0,0,0,0,0,0,0,0,0,0,0
707,605,604,988,1374,139,1192,0,0,0,0,0,0,0,0,0,0,0,0,0,0,0,0,0
200,83,1108,67,1242,63,769,1329,0,0,0,0,0,0,0,0,0,0,0,0,0,0,0,0
1438,1095,137,1331,1221,760,0,0,0,0,0,0,0,0,0,0,0,0,0,0,0,0,0,0
821,827,833,982,0,0,0,0,0,0,0,0,0,0,0,0,0,0,0,0,0,0,0,0
620,1227,397,790,1047,778,1562,39,935,627,166,1635,590,24,0,0,0,0,0,0,0,0,0,0
292,55,1451,407,248,821,1155,1087,488,265,1468,125,0,0,0,0,0,0,0,0,0,0,0,0
38,1608,798,1242,315,171,1232,497,959,1478,1301,706,1075,1536,746,194,0,0,0,0,0,0,0,0
157,86,1546,46,131,403,390,299,88,1521,0,0,0,0,0,0,0,0,0,0,0,0,0,0
1272,1411,593,1104,995,635,341,187,339,425,0,0,0,0,0,0,0,0,0,0,0,0,0,0
226,769,1024,1275,1329,1319,94,127,541,749,0,0,0,0,0,0,0,0,0,0,0,0,0,0
1197,1015,1392,1194,1280,1355,509,133,963,1496,0,0,0,0,0,0,0,0,0,0,0,0,0,0
1544,413,183,1565,707,1303,1085,172,955,584,0,0,0,0,0,0,0,0,0,0,0,0,0,0
1139,1416,874,1011,371,1293,1261,1317,1066,136,901,872,1331,0,0,0,0,0,0,0,0,0,0,0
1123,1315,1086,1368,848,66,295,1200,1581,0,0,0,0,0,0,0,0,0,0,0,0,0,0,0
691,395,839,1527,728,1609,876,1629,0,0,0,0,0,0,0,0,0,0,0,0,0,0,0,0
1159,1284,68,792,1307,908,567,1016,977,624,1159,0,0,0,0,0,0,0,0,0,0,0,0,0
91,177,1140,592,1172,1519,796,1407,278,1096,441,0,0,0,0,0,0,0,0,0,0,0,0,0
1385,1108,83,715,1511,1051,1341,113,261,466,0,0,0,0,0,0,0,0,0,0,0,0,0,0
1405,1448,1486,702,304,519,869,1199,0,0,0,0,0,0,0,0,0,0,0,0,0,0,0,0
585,919,764,1070,108,336,987,1229,0,0,0,0,0,0,0,0,0,0,0,0,0,0,0,0
1374,812,692,485,776,1017,683,1256,1036,1520,0,0,0,0,0,0,0,0,0,0,0,0,0,0
1243,785,1022,1000,373,996,1456,484,1057,1526,1152,1631,783,800,405,388,0,0,0,0,0,0,0,0
553,1493,883,666,408,737,1170,0,0,0,0,0,0,0,0,0,0,0,0,0,0,0,0,0
575,499,660,340,1262,610,980,1327,0,0,0,0,0,0,0,0,0,0,0,0,0,0,0,0
13,12,1505,492,1294,1147,1048,1633,1501,1171,696,1192,569,0,0,0,0,0,0,0,0,0,0,0
801,658,1621,64,997,0,0,0,0,0,0,0,0,0,0,0,0,0,0,0,0,0,0,0
389,714,1332,256,143,1512,733,5,1593,833,0,0,0,0,0,0,0,0,0,0,0,0,0,0
435,1002,622,982,0,0,0,0,0,0,0,0,0,0,0,0,0,0,0,0,0,0,0,0
1087,839,253,1329,1472,852,737,64,1486,999,1347,707,977,833,0,0,0,0,0,0,0,0,0,0
230,1501,929,267,699,1060,834,1251,323,771,1242,1065,622,159,0,0,0,0,0,0,0,0,0,0
172,1287,573,1622,1370,697,82,846,1016,1411,1155,947,119,0,0,0,0,0,0,0,0,0,0,0
591,1535,1423,795,1405,873,708,1132,1331,1384,658,392,1227,0,0,0,0,0,0,0,0,0,0,0
1159,1565,794,901,598,371,240,1633,0,0,0,0,0,0,0,0,0,0,0,0,0,0,0,0
496,682,1592,1096,530,415,1194,0,0,0,0,0,0,0,0,0,0,0,0,0,0,0,0,0
645,667,1027,763,125,1140,1280,113,283,745,713,0,0,0,0,0,0,0,0,0,0,0,0,0
565,1400,1578,134,801,417,798,1426,1037,313,635,997,783,1521,0,0,0,0,0,0,0,0,0,0
1544,585,1557,1092,976,339,1119,1124,570,1385,413,683,1258,0,0,0,0,0,0,0,0,0,0,0
1555,883,935,372,278,1332,341,1524,1203,600,1158,0,0,0,0,0,0,0,0,0,0,0,0,0
210,249,55,1017,728,179,1395,1345,1368,637,1451,390,1199,439,0,0,0,0,0,0,0,0,0,0
188,265,1456,497,1171,446,1098,1315,1488,919,1229,0,0,0,0,0,0,0,0,0,0,0,0,0
177,796,1275,861,543,494,869,1125,847,955,1609,0,0,0,0,0,0,0,0,0,0,0,0,0
691,1307,1605,226,1000,1408,1628,590,67,1022,0,0,0,0,0,0,0,0,0,0,0,0,0,0
248,299,136,429,559,1448,1260,1606,0,0,0,0,0,0,0,0,0,0,0,0,0,0,0,0
104,580,483,593,1351,812,769,442,878,403,0,0,0,0,0,0,0,0,0,0,0,0,0,0
353,1373,1587,340,1374,278,0,0,0,0,0,0,0,0,0,0,0,0,0,0,0,0,0,0
1085,916,1356,261,68,1112,606,1512,194,995,0,0,0,0,0,0,0,0,0,0,0,0,0,0
627,755,989,395,1221,670,1436,1511,425,937,0,0,0,0,0,0,0,0,0,0,0,0,0,0
1143,1319,1440,280,307,994,895,407,1139,0,0,0,0,0,0,0,0,0,0,0,0,0,0,0
1104,348,143,1505,546,821,0,0,0,0,0,0,0,0,0,0,0,0,0,0,0,0,0,0
397,437,91,639,0,0,0,0,0,0,0,0,0,0,0,0,0,0,0,0,0,0,0,0
724,848,858,0,0,0,0,0,0,0,0,0,0,0,0,0,0,0,0,0,0,0,0,0
235,689,360,1407,198,304,386,702,0,0,0,0,0,0,0,0,0,0,0,0,0,0,0,0
719,561,10,327,682,1328,593,623,1088,1016,496,198,1139,1315,407,299,0,0,0,0,0,0,0,0
1414,484,280,1119,1143,1170,13,1282,658,255,1384,1544,1508,1606,1009,1112,0,0,0,0,0,0,0,0
869,1307,211,384,959,127,1051,752,0,0,0,0,0,0,0,0,0,0,0,0,0,0,0,0
258,1368,172,67,814,684,1392,1345,763,689,1349,861,0,0,0,0,0,0,0,0,0,0,0,0
627,820,821,785,1243,1243,145,874,0,0,0,0,0,0,0,0,0,0,0,0,0,0,0,0
1527,1522,1486,403,1505,1258,390,199,1369,1065,0,0,0,0,0,0,0,0,0,0,0,0,0,0
592,1312,1294,1317,1633,1519,1019,435,157,809,520,119,1395,0,0,0,0,0,0,0,0,0,0,0
600,1108,955,82,1221,1382,1520,1176,0,0,0,0,0,0,0,0,0,0,0,0,0,0,0,0
1293,383,591,606,620,1075,429,754,699,683,295,1015,0,0,0,0,0,0,0,0,0,0,0,0
29,628,553,55,996,1079,1478,0,0,0,0,0,0,0,0,0,0,0,0,0,0,0,0,0
662,-1,371,1408,39,348,706,829,988,1117,0,0,0,0,0,0,0,0,0,0,0,0,0,0
1301,1013,541,179,576,893,878,876,932,916,0,0,0,0,0,0,0,0,0,0,0,0,0,0
1280,1199,1011,1370,1184,977,488,0,0,0,0,0,0,0,0,0,0,0,0,0,0,0,0,0
509,567,1124,1006,598,1242,372,373,109,1609,0,0,0,0,0,0,0,0,0,0,0,0,0,0
187,1416,395,397,378,1021,895,618,1358,261,883,1511,0,0,0,0,0,0,0,0,0,0,0,0
995,315,633,307,530,1557,1461,1096,715,184,834,0,0,0,0,0,0,0,0,0,0,0,0,0
113,579,1203,1303,559,497,604,637,579,883,0,0,0,0,0,0,0,0,0,0,0,0,0,0
1002,1125,1343,1194,1532,175,1581,1095,798,778,1493,624,929,1017,846,0,0,0,0,0,0,0,0,0
1351,1000,794,1037,223,731,1388,0,0,0,0,0,0,0,0,0,0,0,0,0,0,0,0,0
1546,714,1578,169,83,46,1488,847,1224,1140,94,1622,641,982,0,0,0,0,0,0,0,0,0,0
499,1621,1451,1148,783,1272,1411,1085,230,1436,0,0,0,0,0,0,0,0,0,0,0,0,0,0
1260,340,159,360,501,565,1427,793,188,660,512,737,1087,235,1024,726,1521,622,0,0,0,0,0,0
358,508,401,1061,1027,667,495,1524,1620,0,0,0,0,0,0,0,0,0,0,0,0,0,0,0
494,1315,1256,139,368,437,761,760,766,389,388,0,0,0,0,0,0,0,0,0,0,0,0,0
796,10,1618,1017,1609,728,1284,405,109,497,248,488,339,408,1358,133,1203,83,746,738,240,0,0,0
682,996,873,188,1111,427,407,499,157,346,592,1587,1076,1341,1486,1011,0,0,0,0,0,0,0,0
307,833,1544,177,315,1546,935,425,763,1355,0,0,0,0,0,0,0,0,0,0,0,0,0,0
1245,1124,637,373,733,1631,39,1202,900,353,1416,874,908,1261,0,0,0,0,0,0,0,0,0,0
1057,1140,843,1149,1125,1408,755,162,166,1227,1326,439,0,0,0,0,0,0,0,0,0,0,0,0
1373,1295,715,1044,1635,1199,1242,1079,468,1224,814,604,316,437,0,0,0,0,0,0,0,0,0,0
24,761,871,1088,1258,1250,901,1555,131,641,1451,82,1282,1385,0,0,0,0,0,0,0,0,0,0
847,278,187,1319,0,0,0,0,0,0,0,0,0,0,0,0,0,0,0,0,0,0,0,0
977,395,976,1520,1522,1524,142,1578,1436,1625,38,1521,1158,476,1002,0,0,0,0,0,0,0,0,0
684,821,1000,731,798,1440,267,1345,726,1611,559,483,0,0,0,0,0,0,0,0,0,0,0,0
211,1096,807,785,642,1626,940,1108,872,13,94,0,0,0,0,0,0,0,0,0,0,0,0,0
1371,1351,1209,119,692,415,1461,1251,338,0,0,0,0,0,0,0,0,0,0,0,0,0,0,0
552,392,1536,1493,143,441,598,304,113,261,29,1315,494,413,879,790,0,0,0,0,0,0,0,0
999,1065,606,1035,360,561,570,88,878,1532,1317,1021,12,1070,719,512,0,0,0,0,0,0,0,0
885,164,447,348,1093,33,429,0,0,0,0,0,0,0,0,0,0,0,0,0,0,0,0,0
1299,1152,501,858,809,1184,67,371,916,1287,1104,974,0,0,0,0,0,0,0,0,0,0,0,0
1420,184,869,1147,982,199,323,400,1048,1303,659,699,1488,283,226,869,0,0,0,0,0,0,0,0
372,169,792,620,661,593,795,388,495,1505,573,0,0,0,0,0,0,0,0,0,0,0,0,0
766,159,870,255,1080,0,0,0,0,0,0,0,0,0,0,0,0,0,0,0,0,0,0,0
1292,1580,0,0,0,0,0,0,0,0,0,0,0,0,0,0,0,0,0,0,0,0,0,0
1085,567,732,601,1006,610,249,1422,171,834,61,1307,1333,1343,530,0,0,0,0,0,0,0,0,0
662,108,1112,403,1392,922,368,624,599,0,0,0,0,0,0,0,0,0,0,0,0,0,0,0
754,435,584,1113,1262,1411,1143,776,0,0,0,0,0,0,0,0,0,0,0,0,0,0,0,0
1260,1256,1329,670,866,0,0,0,0,0,0,0,0,0,0,0,0,0,0,0,0,0,0,0
575,1414,-1,1171,731,1628,852,1341,793,94,843,1527,593,0,0,0,0,0,0,0,0,0,0,0
1448,1287,1139,1486,1219,35,0,0,0,0,0,0,0,0,0,0,0,0,0,0,0,0,0,0
627,659,442,749,573,1611,1416,874,1251,169,0,0,0,0,0,0,0,0,0,0,0,0,0,0
159,1096,265,847,1403,604,916,660,1238,1520,108,726,1440,719,0,0,0,0,0,0,0,0,0,0
136,431,1530,1245,1562,0,0,0,0,0,0,0,0,0,0,0,0,0,0,0,0,0,0,0
240,1618,187,1593,1578,328,820,1147,388,187,67,1044,75,1079,1227,1104,360,565,0,0,0,0,0,0
1533,373,778,1317,1451,1192,1022,1332,1522,1526,0,0,0,0,0,0,0,0,0,0,0,0,0,0
642,567,29,1108,849,654,295,299,1019,0,0,0,0,0,0,0,0,0,0,0,0,0,0,0
315,702,670,1349,519,1327,292,697,1032,624,1000,0,0,0,0,0,0,0,0,0,0,0,0,0
131,248,861,1621,203,893,1002,0,0,0,0,0,0,0,0,0,0,0,0,0,0,0,0,0
1608,1246,446,888,858,0,0,0,0,0,0,0,0,0,0,0,0,0,0,0,0,0,0,0
814,1224,323,476,1420,483,764,405,1546,1092,1095,809,1071,602,0,0,0,0,0,0,0,0,0,0
1347,512,1292,24,509,145,384,1060,994,0,0,0,0,0,0,0,0,0,0,0,0,0,0,0
1326,407,754,0,0,0,0,0,0,0,0,0,0,0,0,0,0,0,0,0,0,0,0,0
620,1294,1256,1580,490,1606,1626,0,0,0,0,0,0,0,0,0,0,0,0,0,0,0,0,0
947,55,1047,1519,1149,623,821,336,1013,91,1140,184,249,0,0,0,0,0,0,0,0,0,0,0
628,827,1076,441,1037,166,1158,1155,316,610,1370,415,1061,1111,0,0,0,0,0,0,0,0,0,0
989,255,1194,1511,606,982,200,1625,397,1358,0,0,0,0,0,0,0,0,0,0,0,0,0,0
807,839,1555,1144,368,1508,157,873,1557,935,1356,1293,327,435,0,0,0,0,0,0,0,0,0,0
872,497,622,1261,600,879,1423,645,953,1545,466,1089,785,1371,908,0,0,0,0,0,0,0,0,0
1407,1408,801,194,1438,714,591,1021,0,0,0,0,0,0,0,0,0,0,0,0,0,0,0,0
592,708,707,171,796,199,1203,1199,0,0,0,0,0,0,0,0,0,0,0,0,0,0,0,0
1006,1125,1035,579,340,33,1282,1232,1333,834,987,0,0,0,0,0,0,0,0,0,0,0,0,0
348,667,1592,10,1098,1501,383,0,0,0,0,0,0,0,0,0,0,0,0,0,0,0,0,0
585,1524,1436,960,834,336,1262,847,175,1493,55,1132,338,1307,792,1009,0,0,0,0,0,0,0,0
1076,1202,184,1251,1287,1486,304,0,0,0,0,0,0,0,0,0,0,0,0,0,0,0,0,0
1242,315,1511,353,1343,591,706,1373,86,1089,0,0,0,0,0,0,0,0,0,0,0,0,0,0
210,543,565,707,1303,820,520,1626,1275,0,0,0,0,0,0,0,0,0,0,0,0,0,0,0
1633,1229,1423,509,988,383,91,1557,1092,255,1478,761,1456,83,1224,1079,635,1374,1620,1243,0,0,0,0
947,1158,1611,1620,1200,1184,1328,1351,339,0,0,0,0,0,0,0,0,0,0,0,0,0,0,0
963,1024,157,1280,1271,731,1426,1501,1111,0,0,0,0,0,0,0,0,0,0,0,0,0,0,0
1299,187,661,1587,1019,827,1555,295,1095,1140,874,0,0,0,0,0,0,0,0,0,0,0,0,0
211,1147,203,1284,1098,719,692,1209,726,908,1172,1245,1407,0,0,0,0,0,0,0,0,0,0,0
893,618,1438,637,1395,801,10,94,267,754,429,490,1143,0,0,0,0,0,0,0,0,0,0,0
1468,119,1384,602,98,84,66,1326,340,1530,601,1330,0,0,0,0,0,0,0,0,0,0,0,0
795,628,1527,323,408,1415,1144,183,200,814,64,0,0,0,0,0,0,0,0,0,0,0,0,0
1329,1016,1006,1246,592,1461,1544,0,0,0,0,0,0,0,0,0,0,0,0,0,0,0,0,0
702,848,675,763,1368,113,29,13,0,0,0,0,0,0,0,0,0,0,0,0,0,0,0,0
1369,804,873,900,0,0,0,0,0,0,0,0,0,0,0,0,0,0,0,0,0,0,0,0
384,972,435,198,1520,895,578,0,0,0,0,0,0,0,0,0,0,0,0,0,0,0,0,0
1403,437,1327,392,143,133,390,346,976,0,0,0,0,0,0,0,0,0,0,0,0,0,0,0
937,929,1261,483,278,169,935,12,0,0,0,0,0,0,0,0,0,0,0,0,0,0,0,0
796,1519,766,1535,488,226,771,1215,188,714,662,870,401,0,0,0,0,0,0,0,0,0,0,0
633,916,1047,598,1015,1044,108,812,403,373,348,871,61,569,1331,0,0,0,0,0,0,0,0,0
684,783,1194,75,1358,982,821,425,996,1533,682,400,328,0,0,0,0,0,0,0,0,0,0,0
1505,1061,6,371,989,1440,723,778,1013,1021,371,0,0,0,0,0,0,0,0,0,0,0,0,0
280,1382,561,683,932,427,1356,1460,0,0,0,0,0,0,0,0,0,0,0,0,0,0,0,0
696,940,839,1508,1355,1124,995,407,0,0,0,0,0,0,0,0,0,0,0,0,0,0,0,0
796,1317,953,620,734,1140,1085,383,752,0,0,0,0,0,0,0,0,0,0,0,0,0,0,0
1333,1009,395,795,235,1368,980,313,610,395,1415,488,265,1294,1098,879,-1,0,0,0,0,0,0,0
771,935,776,848,691,211,600,410,0,0,0,0,0,0,0,0,0,0,0,0,0,0,0,0
109,373,1271,0,0,0,0,0,0,0,0,0,0,0,0,0,0,0,0,0,0,0,0,0
989,125,94,635,0,0,0,0,0,0,0,0,0,0,0,0,0,0,0,0,0,0,0,0
1369,508,1221,1565,1461,1384,960,316,1076,1629,0,0,0,0,0,0,0,0,0,0,0,0,0,0
999,840,960,194,1158,1358,846,592,0,0,0,0,0,0,0,0,0,0,0,0,0,0,0,0
407,188,1440,1373,733,360,5,249,0,0,0,0,0,0,0,0,0,0,0,0,0,0,0,0
1526,883,812,718,778,658,1532,766,1618,1144,1524,498,576,1096,35,1272,1436,0,0,0,0,0,0,0
119,1555,162,606,1312,1119,67,199,10,1183,692,1251,0,0,0,0,0,0,0,0,0,0,0,0
1260,1275,1292,64,737,1087,1511,358,1501,1512,699,0,0,0,0,0,0,0,0,0,0,0,0,0
715,1578,157,1227,1448,728,1621,1048,667,1533,0,0,0,0,0,0,0,0,0,0,0,0,0,0
127,820,553,1280,1112,878,798,1032,708,1505,579,790,512,0,0,0,0,0,0,0,0,0,0,0
1408,1002,143,29,628,403,100,172,988,1611,746,0,0,0,0,0,0,0,0,0,0,0,0,0
177,46,982,800,1527,1606,1071,0,0,0,0,0,0,0,0,0,0,0,0,0,0,0,0,0
1035,1385,490,1086,53,86,496,295,541,601,599,994,0,0,0,0,0,0,0,0,0,0,0,0
1382,801,1519,340,1242,66,1411,833,175,346,1544,0,0,0,0,0,0,0,0,0,0,0,0,0
661,908,200,1037,0,0,0,0,0,0,0,0,0,0,0,0,0,0,0,0,0,0,0,0
1089,1215,1000,1006,1468,932,1546,1422,575,1307,821,0,0,0,0,0,0,0,0,0,0,0,0,0
1192,134,519,223,323,0,0,0,0,0,0,0,0,0,0,0,0,0,0,0,0,0,0,0
675,809,763,211,662,1626,1250,1478,0,0,0,0,0,0,0,0,0,0,0,0,0,0,0,0
88,1229,1047,1016,1159,1051,872,755,0,0,0,0,0,0,0,0,0,0,0,0,0,0,0,0
866,104,292,590,916,397,1224,1327,0,0,0,0,0,0,0,0,0,0,0,0,0,0,0,0
39,869,761,955,368,0,0,0,0,0,0,0,0,0,0,0,0,0,0,0,0,0,0,0
737,340,1242,1260,429,497,490,1333,908,734,55,1519,1037,0,0,0,0,0,0,0,0,0,0,0
793,1557,353,876,1625,715,733,0,0,0,0,0,0,0,0,0,0,0,0,0,0,0,0,0
763,283,38,417,1095,1438,1371,64,659,1293,519,388,425,0,0,0,0,0,0,0,0,0,0,0
1076,658,1243,1017,689,1628,852,211,1408,133,1087,372,895,83,131,699,0,0,0,0,0,0,0,0
546,1143,66,872,0,0,0,0,0,0,0,0,0,0,0,0,0,0,0,0,0,0,0,0
576,783,1369,1331,125,5,6,0,0,0,0,0,0,0,0,0,0,0,0,0,0,0,0,0
989,988,1075,1192,1232,661,1382,1440,1395,1368,0,0,0,0,0,0,0,0,0,0,0,0,0,0
994,755,386,708,63,580,0,0,0,0,0,0,0,0,0,0,0,0,0,0,0,0,0,0
1468,53,760,1327,143,1280,999,821,373,801,575,1472,1013,624,0,0,0,0,0,0,0,0,0,0
1272,723,795,874,1416,0,0,0,0,0,0,0,0,0,0,0,0,0,0,0,0,0,0,0
645,1521,620,1530,785,328,75,1347,1261,660,1057,188,1147,692,0,0,0,0,0,0,0,0,0,0
108,1303,1626,230,339,1085,336,1532,610,827,1009,0,0,0,0,0,0,0,0,0,0,0,0,0
1113,888,383,764,1527,168,724,1536,1609,1251,169,307,598,883,401,602,0,0,0,0,0,0,0,0
628,29,1098,1456,1436,1501,846,829,1200,134,567,0,0,0,0,0,0,0,0,0,0,0,0,0
476,662,1227,1488,46,843,601,1349,198,812,778,752,485,0,0,0,0,0,0,0,0,0,0,0
1149,796,972,857,997,937,171,1140,1633,654,0,0,0,0,0,0,0,0,0,0,0,0,0,0
702,996,498,1051,203,0,0,0,0,0,0,0,0,0,0,0,0,0,0,0,0,0,0,0
1238,1565,82,360,400,348,1555,794,466,0,0,0,0,0,0,0,0,0,0,0,0,0,0,0
682,12,1358,1370,893,1355,0,0,0,0,0,0,0,0,0,0,0,0,0,0,0,0,0,0
1578,88,1229,977,1605,439,119,1388,395,24,1170,590,798,159,0,0,0,0,0,0,0,0,0,0
1256,509,916,749,873,1426,697,940,696,728,508,1357,1581,1245,413,0,0,0,0,0,0,0,0,0
407,746,637,833,1496,606,987,1070,39,1608,578,1194,0,0,0,0,0,0,0,0,0,0,0,0
1036,1282,919,1448,807,1621,1533,84,1172,1384,932,0,0,0,0,0,0,0,0,0,0,0,0,0
1606,719,809,390,929,792,1319,847,1271,0,0,0,0,0,0,0,0,0,0,0,0,0,0,0
1238,100,627,972,248,1355,1256,427,1147,1199,602,512,249,0,0,0,0,0,0,0,0,0,0,0
1158,1621,728,901,794,1096,974,0,0,0,0,0,0,0,0,0,0,0,0,0,0,0,0,0
1159,384,83,1149,530,1088,1581,254,1032,490,441,1512,1301,0,0,0,0,0,0,0,0,0,0,0
1587,878,575,235,338,1358,1609,670,1606,88,255,658,1496,1243,0,0,0,0,0,0,0,0,0,0
1521,696,496,194,1341,75,1629,1280,0,0,0,0,0,0,0,0,0,0,0,0,0,0,0,0
624,35,292,1132,982,0,0,0,0,0,0,0,0,0,0,0,0,0,0,0,0,0,0,0
812,1200,1080,498,623,1635,1098,1027,10,633,1533,699,211,1251,0,0,0,0,0,0,0,0,0,0
437,1312,179,1530,1287,1125,86,0,0,0,0,0,0,0,0,0,0,0,0,0,0,0,0,0
1019,162,940,109,336,785,755,715,0,0,0,0,0,0,0,0,0,0,0,0,0,0,0,0
916,200,989,1369,1326,1328,1426,1192,1173,0,0,0,0,0,0,0,0,0,0,0,0,0,0,0
599,1408,1015,371,1093,692,358,1565,0,0,0,0,0,0,0,0,0,0,0,0,0,0,0,0
995,0,0,0,0,0,0,0,0,0,0,0,0,0,0,0,0,0,0,0,0,0,0,0
12,827,0,0,0,0,0,0,0,0,0,0,0,0,0,0,0,0,0,0,0,0,0,0
1515,1427,719,1373,1555,1307,499,157,675,660,922,1333,403,166,0,0,0,0,0,0,0,0,0,0
136,1124,400,804,1303,172,0,0,0,0,0,0,0,0,0,0,0,0,0,0,0,0,0,0
39,68,888,265,168,848,1527,683,1051,1261,1048,570,960,0,0,0,0,0,0,0,0,0,0,0
708,1405,1275,1562,145,1013,605,389,1636,315,1327,893,0,0,0,0,0,0,0,0,0,0,0,0
1260,340,1016,299,442,519,0,0,0,0,0,0,0,0,0,0,0,0,0,0,0,0,0,0
413,372,1044,29,738,240,1246,0,0,0,0,0,0,0,0,0,0,0,0,0,0,0,0,0
476,1420,397,1108,883,104,661,749,639,622,0,0,0,0,0,0,0,0,0,0,0,0,0,0
628,484,373,1021,604,977,1152,1112,131,108,1075,0,0,0,0,0,0,0,0,0,0,0,0,0
1036,24,866,713,520,567,1002,466,1478,378,800,1293,1292,0,0,0,0,0,0,0,0,0,0,0
1317,592,446,752,1148,718,1037,1392,637,559,429,1626,1294,435,1066,0,0,0,0,0,0,0,0,0
84,807,1395,1440,565,278,654,1095,689,0,0,0,0,0,0,0,0,0,0,0,0,0,0,0
1140,6,565,602,592,200,1456,1093,316,569,499,1343,0,0,0,0,0,0,0,0,0,0,0,0
738,371,24,870,1327,442,1009,1125,38,792,1307,888,977,1521,1036,61,960,1262,0,0,0,0,0,0
1448,1349,82,358,785,171,1565,1557,1092,1373,573,670,1172,707,598,0,0,0,0,0,0,0,0,0
1032,846,100,484,1408,782,1388,368,1329,210,372,0,0,0,0,0,0,0,0,0,0,0,0,0
684,1184,1333,403,1395,1357,1086,861,483,1420,476,559,1524,0,0,0,0,0,0,0,0,0,0,0
407,64,553,1493,1578,328,1015,776,1060,299,1605,618,895,0,0,0,0,0,0,0,0,0,0,0
188,338,1415,488,125,211,1108,1317,230,847,485,697,0,0,0,0,0,0,0,0,0,0,0,0
1436,1461,1400,1609,1017,1209,1006,580,575,660,119,719,1117,145,427,1088,0,0,0,0,0,0,0,0
1258,397,1260,940,821,1488,989,386,996,75,1358,1192,131,261,999,1515,1508,1319,885,223,0,0,0,0
1111,600,1112,109,519,401,633,1451,353,88,1047,666,1384,0,0,0,0,0,0,0,0,0,0,0
935,1243,624,1051,384,623,1328,1369,1635,343,431,159,857,682,0,0,0,0,0,0,0,0,0,0
689,1606,-1,1532,108,843,997,157,827,1622,0,0,0,0,0,0,0,0,0,0,0,0,0,0
1147,1124,415,392,702,848,778,746,-1,0,0,0,0,0,0,0,0,0,0,0,0,0,0,0
794,1098,840,790,699,1299,0,0,0,0,0,0,0,0,0,0,0,0,0,0,0,0,0,0
1238,467,658,659,323,307,605,878,1261,807,94,425,1202,0,0,0,0,0,0,0,0,0,0,0
662,1194,67,771,871,783,1057,1176,177,585,313,12,0,0,0,0,0,0,0,0,0,0,0,0
378,1356,1460,1368,265,53,635,1215,637,194,1536,0,0,0,0,0,0,0,0,0,0,0,0,0
1468,916,0,0,0,0,0,0,0,0,0,0,0,0,0,0,0,0,0,0,0,0,0,0
496,1587,883,955,1526,1636,620,1075,601,570,1271,1625,0,0,0,0,0,0,0,0,0,0,0,0
1123,728,1562,1027,1284,829,546,599,1049,654,1016,254,1631,104,820,798,0,0,0,0,0,0,0,0
1345,1221,13,733,543,723,388,389,0,0,0,0,0,0,0,0,0,0,0,0,0,0,0,0
1096,959,127,769,1048,1148,0,0,0,0,0,0,0,0,0,0,0,0,0,0,0,0,0,0
249,1152,390,1251,1224,1440,508,133,0,0,0,0,0,0,0,0,0,0,0,0,0,0,0,0
339,1347,1351,610,1512,692,33,340,1061,0,0,0,0,0,0,0,0,0,0,0,0,0,0,0
869,796,659,800,346,610,718,1395,769,782,340,1280,395,666,1620,1295,1519,1407,980,713,0,0,0,0
682,1625,1301,1400,307,1275,1027,499,731,734,675,169,1011,61,1229,0,0,0,0,0,0,0,0,0
1368,492,1621,1172,38,708,1405,198,804,0,0,0,0,0,0,0,0,0,0,0,0,0,0,0
439,1287,940,360,1545,639,427,575,1021,1456,83,601,987,585,1515,0,0,0,0,0,0,0,0,0
738,371,559,642,1246,0,0,0,0,0,0,0,0,0,0,0,0,0,0,0,0,0,0,0
807,660,1333,1408,94,405,400,827,622,235,809,0,0,0,0,0,0,0,0,0,0,0,0,0
976,977,210,935,425,661,0,0,0,0,0,0,0,0,0,0,0,0,0,0,0,0,0,0
829,847,1608,719,1374,-1,1526,0,0,0,0,0,0,0,0,0,0,0,0,0,0,0,0,0
591,226,119,1416,874,794,955,86,200,519,509,100,901,0,0,0,0,0,0,0,0,0,0,0
1557,602,373,1403,1436,1415,0,0,0,0,0,0,0,0,0,0,0,0,0,0,0,0,0,0
1124,484,240,1194,761,766,159,996,29,0,0,0,0,0,0,0,0,0,0,0,0,0,0,0
1192,39,667,900,689,670,1016,1061,1315,343,848,593,0,0,0,0,0,0,0,0,0,0,0,0
476,1159,947,567,315,746,0,0,0,0,0,0,0,0,0,0,0,0,0,0,0,0,0,0
1581,1232,13,283,696,1215,916,1472,53,706,353,1440,401,0,0,0,0,0,0,0,0,0,0,0
1243,1369,113,323,1227,1565,1343,1572,1024,0,0,0,0,0,0,0,0,0,0,0,0,0,0,0
467,752,662,1382,1370,431,1293,1505,0,0,0,0,0,0,0,0,0,0,0,0,0,0,0,0
988,578,1148,466,895,852,1332,1152,1147,348,1209,403,1635,508,614,211,1282,1521,0,0,0,0,0,0
1149,1461,358,888,785,82,1544,658,0,0,0,0,0,0,0,0,0,0,0,0,0,0,0,0
437,953,573,265,1108,726,299,1618,843,792,1319,0,0,0,0,0,0,0,0,0,0,0,0,0
1197,1183,24,590,108,392,861,1460,338,0,0,0,0,0,0,0,0,0,0,0,0,0,0,0
584,1593,1351,127,723,496,109,1371,1356,633,0,0,0,0,0,0,0,0,0,0,0,0,0,0
1085,618,-1,878,873,134,801,1112,255,1341,341,136,0,0,0,0,0,0,0,0,0,0,0,0
1125,1065,724,1420,1448,1002,821,1095,1199,1284,1629,1060,1347,814,1224,216,820,1203,1092,1622,388,0,0,0
137,1119,407,790,1096,565,177,5,1392,870,707,0,0,0,0,0,0,0,0,0,0,0,0,0
785,1373,1405,1505,900,1202,338,278,1395,1420,164,1414,1423,340,1224,0,0,0,0,0,0,0,0,0
1148,392,812,1108,497,579,1384,728,1358,843,872,1047,316,0,0,0,0,0,0,0,0,0,0,0
1243,427,955,100,734,731,604,498,476,1173,959,0,0,0,0,0,0,0,0,0,0,0,0,0
1258,1374,1000,1522,833,614,1629,1555,1096,1061,1315,494,1124,683,591,127,417,1085,0,0,0,0,0,0
565,1104,960,593,1621,974,413,388,1048,0,0,0,0,0,0,0,0,0,0,0,0,0,0,0
618,723,1416,606,1013,371,55,796,1149,610,0,0,0,0,0,0,0,0,0,0,0,0,0,0
1172,628,861,546,1426,386,1527,1488,0,0,0,0,0,0,0,0,0,0,0,0,0,0,0,0
66,1580,1271,847,139,495,908,255,667,908,1098,1027,341,137,0,0,0,0,0,0,0,0,0,0
763,874,1392,692,573,171,0,0,0,0,0,0,0,0,0,0,0,0,0,0,0,0,0,0
829,1066,661,660,1159,1565,125,0,0,0,0,0,0,0,0,0,0,0,0,0,0,0,0,0
1275,1227,783,1403,1002,1593,439,1468,1284,199,407,0,0,0,0,0,0,0,0,0,0,0,0,0
1080,719,119,994,666,1620,1532,820,724,726,1152,0,0,0,0,0,0,0,0,0,0,0,0,0
1117,776,834,94,1075,1192,620,1079,578,699,0,0,0,0,0,0,0,0,0,0,0,0,0,0
982,10,446,519,1349,1345,230,1370,437,1245,0,0,0,0,0,0,0,0,0,0,0,0,0,0
662,131,1408,995,315,749,83,258,203,61,1460,143,1328,0,0,0,0,0,0,0,0,0,0,0
1155,1327,718,1070,876,1246,1438,343,1456,373,200,0,0,0,0,0,0,0,0,0,0,0,0,0
240,738,248,384,1633,1229,1035,1519,400,142,1256,706,0,0,0,0,0,0,0,0,0,0,0,0
893,1158,484,280,1119,561,1301,348,1203,0,0,0,0,0,0,0,0,0,0,0,0,0,0,0
1329,1440,1143,972,84,1351,1197,980,1295,1544,24,1017,559,0,0,0,0,0,0,0,0,0,0,0
467,198,313,46,641,0,0,0,0,0,0,0,0,0,0,0,0,0,0,0,0,0,0,0
912,645,846,605,307,64,800,1287,1448,295,1496,1215,809,590,187,1057,1451,530,292,947,108,1095,0,0
1369,600,1400,575,1089,378,1636,782,1292,283,0,0,0,0,0,0,0,0,0,0,0,0,0,0
183,821,157,113,1521,210,1051,1123,1140,752,764,0,0,0,0,0,0,0,0,0,0,0,0,0
1071,323,642,754,1019,509,0,0,0,0,0,0,0,0,0,0,0,0,0,0,0,0,0,0
732,390,833,113,429,1411,203,1519,1427,1461,415,1125,386,1037,794,622,1426,1087,0,0,0,0,0,0
1382,1098,1330,760,1095,600,425,1061,210,0,0,0,0,0,0,0,0,0,0,0,0,0,0,0
82,637,1592,1587,1388,955,1416,265,916,792,0,0,0,0,0,0,0,0,0,0,0,0,0,0
39,1460,1123,1347,883,888,0,0,0,0,0,0,0,0,0,0,0,0,0,0,0,0,0,0
977,184,1456,662,1319,495,0,0,0,0,0,0,0,0,0,0,0,0,0,0,0,0,0,0
683,1368,1293,-1,1312,10,508,340,1242,1557,1009,0,0,0,0,0,0,0,0,0,0,0,0,0
1331,723,1013,585,610,804,814,0,0,0,0,0,0,0,0,0,0,0,0,0,0,0,0,0
1448,1329,1031,849,171,908,1392,796,1420,1143,1512,1159,136,0,0,0,0,0,0,0,0,0,0,0
847,601,1060,1622,821,1526,520,0,0,0,0,0,0,0,0,0,0,0,0,0,0,0,0,0
871,895,719,869,1532,1080,1636,223,308,947,177,0,0,0,0,0,0,0,0,0,0,0,0,0
441,733,1438,283,1315,143,972,1280,1403,496,442,0,0,0,0,0,0,0,0,0,0,0,0,0
645,734,807,1520,109,628,476,848,168,1341,341,1048,0,0,0,0,0,0,0,0,0,0,0,0
1245,553,240,754,1139,1022,935,1328,346,1593,718,937,0,0,0,0,0,0,0,0,0,0,0,0
1295,1170,624,1047,661,1057,778,782,360,745,1261,776,0,0,0,0,0,0,0,0,0,0,0,0
1158,1152,763,541,546,492,431,378,1530,388,0,0,0,0,0,0,0,0,0,0,0,0,0,0
783,323,1194,1496,633,485,614,1333,1275,0,0,0,0,0,0,0,0,0,0,0,0,0,0,0
1299,1117,1006,1301,179,658,253,567,900,573,697,137,1369,0,0,0,0,0,0,0,0,0,0,0
1076,33,325,46,764,1332,29,1027,0,0,0,0,0,0,0,0,0,0,0,0,0,0,0,0
691,1200,1282,162,769,0,0,0,0,0,0,0,0,0,0,0,0,0,0,0,0,0,0,0
708,1251,435,497,447,959,400,642,194,0,0,0,0,0,0,0,0,0,0,0,0,0,0,0
1508,446,1440,83,761,728,627,1317,755,0,0,0,0,0,0,0,0,0,0,0,0,0,0,0
827,861,1370,1262,1515,55,1132,0,0,0,0,0,0,0,0,0,0,0,0,0,0,0,0,0
1219,395,1625,159,707,798,0,0,0,0,0,0,0,0,0,0,0,0,0,0,0,0,0,0
405,38,714,1578,210,278,654,1628,1400,0,0,0,0,0,0,0,0,0,0,0,0,0,0,0
1343,1076,667,1098,498,982,1125,1224,61,0,0,0,0,0,0,0,0,0,0,0,0,0,0,0
1427,1060,849,39,900,1349,628,623,29,785,1384,84,793,1451,431,1171,999,67,0,0,0,0,0,0
1155,235,210,1415,1295,763,754,0,0,0,0,0,0,0,0,0,0,0,0,0,0,0,0,0
1071,592,386,570,1261,1242,1112,194,1371,1511,1426,576,388,389,1111,0,0,0,0,0,0,0,0,0
0,0,0,0,0,0,0,0,0,0,0,0,0,0,0,0,0,0,0,0,0,0,0,0
1512,812,662,870,0,0,0,0,0,0,0,0,0,0,0,0,0,0,0,0,0,0,0,0
953,10,179,1312,682,0,0,0,0,0,0,0,0,0,0,0,0,0,0,0,0,0,0,0
415,839,200,0,0,0,0,0,0,0,0,0,0,0,0,0,0,0,0,0,0,0,0,0
1327,425,724,1369,561,1329,162,1123,1301,606,373,1021,0,0,0,0,0,0,0,0,0,0,0,0
584,283,1287,988,922,1356,893,437,0,0,0,0,0,0,0,0,0,0,0,0,0,0,0,0
1048,1057,1202,1405,1448,1351,1065,1282,395,1555,1009,1108,1520,143,168,1388,492,1331,323,53,248,1631,1460,0
1147,1620,553,1505,1299,866,249,1373,1147,1215,265,995,315,0,0,0,0,0,0,0,0,0,0,0
614,666,1243,1250,723,937,1436,467,1079,383,1532,1293,230,104,0,0,0,0,0,0,0,0,0,0
661,602,1358,6,82,1508,519,876,932,341,0,0,0,0,0,0,0,0,0,0,0,0,0,0
737,654,64,1625,261,100,405,1307,916,0,0,0,0,0,0,0,0,0,0,0,0,0,0,0
1203,216,1232,691,1219,1027,1011,408,46,1565,1629,86,546,829,0,0,0,0,0,0,0,0,0,0
1332,955,871,901,1315,1272,1580,633,1258,1184,0,0,0,0,0,0,0,0,0,0,0,0,0,0
169,827,307,1119,569,0,0,0,0,0,0,0,0,0,0,0,0,0,0,0,0,0,0,0
255,203,1124,1461,814,1016,963,1117,1096,0,0,0,0,0,0,0,0,0,0,0,0,0,0,0
593,1606,622,490,1395,346,977,0,0,0,0,0,0,0,0,0,0,0,0,0,0,0,0,0
1478,660,1152,1522,834,336,1608,728,821,435,1501,699,800,1251,0,0,0,0,0,0,0,0,0,0
1493,840,1209,171,599,1587,1192,1089,620,1087,1002,139,35,1400,1368,659,1303,0,0,0,0,0,0,0
795,1194,1420,483,1031,211,1609,590,707,960,0,0,0,0,0,0,0,0,0,0,0,0,0,0
1260,340,575,1422,559,778,0,0,0,0,0,0,0,0,0,0,0,0,0,0,0,0,0,0
194,809,83,661,947,442,1341,604,1192,1002,509,1149,1280,108,827,1416,1415,0,0,0,0,0,0,0
1060,135,1258,1111,1578,937,606,371,164,1618,0,0,0,0,0,0,0,0,0,0,0,0,0,0
724,1144,633,82,1606,908,1148,13,1070,667,1098,543,439,997,857,1593,1016,660,0,0,0,0,0,0
336,807,64,5,999,187,1319,495,953,446,0,0,0,0,0,0,0,0,0,0,0,0,0,0
935,66,1426,395,1555,1006,1635,1224,1611,1358,728,431,267,86,0,0,0,0,0,0,0,0,0,0
834,131,235,119,1384,427,699,258,1027,1520,0,0,0,0,0,0,0,0,0,0,0,0,0,0
839,1104,575,639,1227,340,732,490,35,959,61,1019,0,0,0,0,0,0,0,0,0,0,0,0
408,466,183,995,812,67,1200,1472,963,1076,401,763,675,893,210,0,0,0,0,0,0,0,0,0
1170,166,137,1262,1197,1629,858,313,88,1292,338,383,0,0,0,0,0,0,0,0,0,0,0,0
1355,1152,1522,718,1202,637,177,1438,188,1565,1505,339,0,0,0,0,0,0,0,0,0,0,0,0
576,10,1229,888,1448,1303,24,1085,373,1086,1232,0,0,0,0,0,0,0,0,0,0,0,0,0
916,392,1468,1293,253,200,1456,1493,323,1535,169,1299,876,622,1620,901,1327,1423,253,125,0,0,0,0
723,1272,184,1251,254,1532,6,1488,745,1295,1329,1332,659,1392,623,0,0,0,0,0,0,0,0,0
847,1580,250,1581,754,1108,113,1486,198,0,0,0,0,0,0,0,0,0,0,0,0,0,0,0
1194,794,618,1545,1427,0,0,0,0,0,0,0,0,0,0,0,0,0,0,0,0,0,0,0
292,530,714,1093,488,840,1282,0,0,0,0,0,0,0,0,0,0,0,0,0,0,0,0,0
1215,265,484,223,955,989,1317,0,0,0,0,0,0,0,0,0,0,0,0,0,0,0,0,0
922,923,1051,702,476,1524,821,584,316,1546,1519,0,0,0,0,0,0,0,0,0,0,0,0,0
1501,1608,1626,776,485,670,0,0,0,0,0,0,0,0,0,0,0,0,0,0,0,0,0,0
1633,1022,1312,1113,565,492,1044,570,1526,0,0,0,0,0,0,0,0,0,0,0,0,0,0,0
848,1253,429,402,29,0,0,0,0,0,0,0,0,0,0,0,0,0,0,0,0,0,0,0
766,988,1407,386,211,1015,1330,599,602,870,592,549,0,0,0,0,0,0,0,0,0,0,0,0
1183,1112,569,368,976,-1,792,1333,-1,512,0,0,0,0,0,0,0,0,0,0,0,0,0,0
1357,501,843,1349,885,1557,261,974,441,499,0,0,0,0,0,0,0,0,0,0,0,0,0,0
1202,249,1345,1414,254,570,1532,885,63,1448,0,0,0,0,0,0,0,0,0,0,0,0,0,0
843,68,1415,1593,812,1009,559,1496,846,1271,1148,561,0,0,0,0,0,0,0,0,0,0,0,0
83,800,1258,1000,403,1060,386,661,0,0,0,0,0,0,0,0,0,0,0,0,0,0,0,0
84,431,602,974,476,94,267,248,1578,553,1521,1158,0,0,0,0,0,0,0,0,0,0,0,0
873,618,935,1183,466,0,0,0,0,0,0,0,0,0,0,0,0,0,0,0,0,0,0,0
1369,395,869,441,427,0,0,0,0,0,0,0,0,0,0,0,0,0,0,0,0,0,0,0
104,947,1530,1385,145,255,658,783,0,0,0,0,0,0,0,0,0,0,0,0,0,0,0,0
1416,874,715,1260,508,550,372,778,313,0,0,0,0,0,0,0,0,0,0,0,0,0,0,0
893,1327,1229,1047,666,1292,1117,1221,1505,955,512,1527,172,413,584,12,265,113,0,0,0,0,0,0
315,707,940,895,994,278,576,792,870,496,840,368,162,187,1329,0,0,0,0,0,0,0,0,0
635,437,1295,702,136,179,1219,-1,1112,304,794,782,0,0,0,0,0,0,0,0,0,0,0,0
605,371,1032,1526,848,1546,1403,737,131,171,883,0,0,0,0,0,0,0,0,0,0,0,0,0
1027,199,1460,888,1113,734,1070,847,253,1620,283,1555,731,1438,0,0,0,0,0,0,0,0,0,0
932,240,1587,134,1315,1427,0,0,0,0,0,0,0,0,0,0,0,0,0,0,0,0,0,0
1256,1633,64,299,235,1592,1243,46,408,1031,490,578,963,401,1426,1057,0,0,0,0,0,0,0,0
839,1085,763,1611,793,133,1261,654,1232,1016,308,0,0,0,0,0,0,0,0,0,0,0,0,0
348,39,795,1065,719,1275,1503,1242,1021,1520,373,1486,0,0,0,0,0,0,0,0,0,0,0,0
858,1478,341,1272,723,1524,1303,1545,1022,714,392,0,0,0,0,0,0,0,0,0,0,0,0,0
1493,726,982,1170,752,35,1388,1096,667,194,0,0,0,0,0,0,0,0,0,0,0,0,0,0
1147,1565,1184,530,637,1125,1621,91,1171,108,1333,1629,908,1461,749,804,0,0,0,0,0,0,0,0
809,573,585,360,807,6,1511,1203,796,0,0,0,0,0,0,0,0,0,0,0,0,0,0,0
645,912,1544,485,827,706,565,1075,1089,1625,639,699,13,1144,340,0,0,0,0,0,0,0,0,0
0,0,0,0,0,0,0,0,0,0,0,0,0,0,0,0,0,0,0,0,0,0,0,0
1146,960,1299,732,1280,353,1202,1093,1199,1456,200,223,0,0,0,0,0,0,0,0,0,0,0,0
624,1060,610,567,1215,1468,1149,137,1620,1557,400,1104,339,249,55,645,1526,0,0,0,0,0,0,0
1089,1251,1625,602,441,883,895,1545,618,827,435,0,0,0,0,0,0,0,0,0,0,0,0,0
706,733,1535,728,1158,0,0,0,0,0,0,0,0,0,0,0,0,0,0,0,0,0,0,0
253,900,210,873,839,0,0,0,0,0,0,0,0,0,0,0,0,0,0,0,0,0,0,0
1626,1327,439,1287,39,798,0,0,0,0,0,0,0,0,0,0,0,0,0,0,0,0,0,0
1261,1349,397,0,0,0,0,0,0,0,0,0,0,0,0,0,0,0,0,0,0,0,0,0
1076,1075,997,142,1621,1199,1382,0,0,0,0,0,0,0,0,0,0,0,0,0,0,0,0,0
177,100,675,194,732,1022,68,782,662,0,0,0,0,0,0,0,0,0,0,0,0,0,0,0
1139,1423,999,755,1203,820,299,1108,407,0,0,0,0,0,0,0,0,0,0,0,0,0,0,0
1124,1006,64,1581,849,530,989,371,1294,139,543,804,1219,919,1635,1152,0,0,0,0,0,0,0,0
1125,226,484,427,604,1512,166,639,0,0,0,0,0,0,0,0,0,0,0,0,0,0,0,0
1013,1312,348,1493,553,982,590,1416,198,336,980,313,783,1414,691,869,0,0,0,0,0,0,0,0
1123,1232,86,0,0,0,0,0,0,0,0,0,0,0,0,0,0,0,0,0,0,0,0,0
157,1256,447,10,1258,1374,1315,0,0,0,0,0,0,0,0,0,0,0,0,0,0,0,0,0
265,187,1451,1221,0,0,0,0,0,0,0,0,0,0,0,0,0,0,0,0,0,0,0,0
384,778,1631,1260,1227,340,829,800,0,0,0,0,0,0,0,0,0,0,0,0,0,0,0,0
994,697,893,872,809,127,125,497,1032,88,794,1111,600,267,994,874,0,0,0,0,0,0,0,0
738,1307,792,723,1272,1197,1456,1087,1503,1562,654,94,392,996,164,1618,119,1415,561,1508,308,159,0,0
1555,866,953,776,168,240,403,1192,75,1332,1329,408,0,0,0,0,0,0,0,0,0,0,0,0
184,496,82,360,413,963,1144,1170,1303,203,1024,415,1587,1080,0,0,0,0,0,0,0,0,0,0
1299,769,1536,1488,1515,425,1521,901,5,1357,1501,541,1017,1609,752,341,1183,977,0,0,0,0,0,0
38,0,0,0,0,0,0,0,0,0,0,0,0,0,0,0,0,0,0,0,0,0,0,0
91,104,292,1440,692,1098,1347,0,0,0,0,0,0,0,0,0,0,0,0,0,0,0,0,0
162,1496,46,843,885,1011,6,1317,592,346,24,1345,929,633,760,1633,1524,0,0,0,0,0,0,0
1070,1422,576,338,878,809,1172,392,520,796,807,1511,766,1333,1009,0,0,0,0,0,0,0,0,0
1035,1209,137,1456,1358,728,1609,339,878,1532,1280,885,171,628,0,0,0,0,0,0,0,0,0,0
1544,172,639,1456,1112,846,763,340,790,769,1343,6,1171,1562,0,0,0,0,0,0,0,0,0,0
738,497,1625,1108,1238,893,575,323,1448,1626,785,870,1294,157,1407,699,1087,689,61,0,0,0,0,0
737,64,407,397,494,600,179,1013,1451,869,145,33,1440,953,1545,1328,0,0,0,0,0,0,0,0
1356,633,642,714,1503,1578,384,1148,708,1282,142,0,0,0,0,0,0,0,0,0,0,0,0,0
1522,403,1636,752,499,1536,1088,519,299,1079,584,1260,1227,660,1158,1488,916,265,605,706,386,0,0,0
988,1351,1468,1420,749,541,216,210,0,0,0,0,0,0,0,0,0,0,0,0,0,0,0,0
1256,922,1152,1486,530,937,12,166,776,485,1496,963,1098,667,1243,974,1460,88,883,778,0,0,0,0
1505,395,1221,659,235,692,177,1414,732,86,839,1611,1408,1515,546,707,567,104,0,0,0,0,0,0
378,1019,1327,947,593,858,203,675,1280,427,702,0,0,0,0,0,0,0,0,0,0,0,0,0
960,1369,1015,442,1608,1374,696,592,1315,1049,1261,857,895,618,1395,162,0,0,0,0,0,0,0,0
94,1622,476,1326,1232,1159,1565,1149,1021,771,873,-1,0,0,0,0,0,0,0,0,0,0,0,0
561,82,1176,1125,408,602,1370,512,1478,1628,143,1368,1057,929,249,0,0,0,0,0,0,0,0,0
627,994,1075,336,662,866,989,1197,792,139,1319,746,1080,1371,1089,627,795,0,0,0,0,0,0,0
1349,1272,1580,794,1620,353,1533,119,1508,733,1271,1124,1215,1113,804,0,0,0,0,0,0,0,0,0
1117,1022,405,183,358,413,0,0,0,0,0,0,0,0,0,0,0,0,0,0,0,0,0,0
5,726,316,431,169,1251,760,812,46,559,133,1530,691,1250,585,798,0,0,0,0,0,0,0,0
194,159,843,372,624,1016,1317,570,483,1635,861,0,0,0,0,0,0,0,0,0,0,0,0,0
1086,1002,852,1384,447,1140,874,348,1060,1520,995,1347,484,606,1345,0,0,0,0,0,0,0,0,0
940,1426,1405,0,0,0,0,0,0,0,0,0,0,0,0,0,0,0,0,0,0,0,0,0
1618,371,834,508,821,1170,1438,1416,1572,134,848,0,0,0,0,0,0,0,0,0,0,0,0,0
343,368,1303,401,175,1123,1527,987,955,1307,1423,1357,313,610,1144,410,999,0,0,0,0,0,0,0
1037,755,68,1284,1581,1143,83,292,1024,1119,0,0,0,0,0,0,0,0,0,0,0,0,0,0
39,639,1512,341,633,1544,299,576,267,937,1080,1326,585,847,66,0,0,0,0,0,0,0,0,0
1535,1572,1626,1143,343,280,1209,315,1332,177,706,1258,94,0,0,0,0,0,0,0,0,0,0,0
1478,1621,1349,1368,407,737,1416,88,1317,1343,670,0,0,0,0,0,0,0,0,0,0,0,0,0
323,1373,142,1144,109,346,857,1280,963,997,1170,0,0,0,0,0,0,0,0,0,0,0,0,0
1095,1111,1061,43,821,35,435,999,0,0,0,0,0,0,0,0,0,0,0,0,0,0,0,0
812,488,980,1369,579,1032,33,624,708,606,1405,846,995,947,0,0,0,0,0,0,0,0,0,0
1076,1260,397,1224,796,1328,519,210,0,0,0,0,0,0,0,0,0,0,0,0,0,0,0,0
1436,1536,230,1521,778,734,199,1329,1635,600,593,1527,0,0,0,0,0,0,0,0,0,0,0,0
885,63,1331,726,1123,605,10,1284,108,5,1388,1232,64,0,0,0,0,0,0,0,0,0,0,0
858,793,1460,211,1016,290,1155,1605,602,0,0,0,0,0,0,0,0,0,0,0,0,0,0,0
1202,405,216,1215,1085,1333,1356,1345,0,0,0,0,0,0,0,0,0,0,0,0,0,0,0,0
776,766,953,1400,745,1392,1312,496,1587,1256,1511,883,1456,1108,0,0,0,0,0,0,0,0,0,0
1611,427,987,900,1009,1242,0,0,0,0,0,0,0,0,0,0,0,0,0,0,0,0,0,0
888,1159,1629,131,1000,699,553,261,1027,39,0,0,0,0,0,0,0,0,0,0,0,0,0,0
723,1022,667,520,760,755,1139,0,0,0,0,0,0,0,0,0,0,0,0,0,0,0,0,0
316,265,1358,0,0,0,0,0,0,0,0,0,0,0,0,0,0,0,0,0,0,0,0,0
870,1385,512,809,1440,1395,829,1117,1327,509,661,1315,719,0,0,0,0,0,0,0,0,0,0,0
184,1002,431,38,798,996,0,0,0,0,0,0,0,0,0,0,0,0,0,0,0,0,0,0
484,764,977,1287,278,732,543,13,467,371,1625,795,1194,590,1125,0,0,0,0,0,0,0,0,0
415,203,390,1330,328,932,785,960,684,580,408,1545,637,1303,1148,104,1533,292,0,0,0,0,0,0
935,1503,1021,1620,848,168,1496,976,1147,929,912,1199,384,1382,1088,871,499,1384,12,662,645,0,0,0
0,0,0,0,0,0,0,0,0,0,0,0,0,0,0,0,0,0,0,0,0,0,0,0
1243,134,974,1261,254,1532,360,0,0,0,0,0,0,0,0,0,0,0,0,0,0,0,0,0
1250,570,1172,989,200,1119,388,794,55,561,573,658,1112,340,429,1294,417,908,0,0,0,0,0,0
793,847,1275,1044,553,265,1468,1448,746,230,299,579,1368,1535,0,0,0,0,0,0,0,0,0,0
1370,804,1075,1440,109,0,0,0,0,0,0,0,0,0,0,0,0,0,0,0,0,0,0,0
800,622,1414,315,1227,1385,325,1420,658,1262,1415,989,0,0,0,0,0,0,0,0,0,0,0,0
659,1202,1031,719,761,857,1287,33,755,1438,1503,353,397,932,1392,1636,0,0,0,0,0,0,0,0
1089,1173,1176,1388,1520,1111,1147,670,35,198,561,86,689,203,223,1422,488,840,0,0,0,0,0,0
861,1086,829,390,1333,1096,280,183,159,307,733,713,1119,1035,1581,0,0,0,0,0,0,0,0,0
573,794,5,1521,1545,1022,953,248,1221,1578,1108,790,846,1238,752,0,0,0,0,0,0,0,0,0
323,801,1606,442,999,1251,912,1307,1555,1293,413,1501,1605,1312,1423,386,1092,1478,0,0,0,0,0,0
1327,1076,1229,91,871,1524,1533,1088,618,895,1243,188,1315,974,0,0,0,0,0,0,0,0,0,0
400,600,1426,977,1066,782,723,1085,870,1580,1562,1013,541,388,446,0,0,0,0,0,0,0,0,0
795,667,1319,1246,604,1104,812,1140,417,0,0,0,0,0,0,0,0,0,0,0,0,0,0,0
187,1299,253,142,1232,1400,125,606,383,1098,1015,792,960,162,1036,843,1496,389,0,0,0,0,0,0
1522,46,1117,177,1011,1317,1633,754,0,0,0,0,0,0,0,0,0,0,0,0,0,0,0,0
624,1032,134,1197,610,955,1260,1511,1405,1557,0,0,0,0,0,0,0,0,0,0,0,0,0,0
1427,38,809,692,645,575,0,0,0,0,0,0,0,0,0,0,0,0,0,0,0,0,0,0
916,1622,1345,726,763,771,546,1215,749,1183,900,1242,715,734,1329,408,1351,0,0,0,0,0,0,0
620,466,661,637,519,1349,1049,599,883,1009,738,601,1209,371,0,0,0,0,0,0,0,0,0,0
336,403,1301,959,68,1436,441,1256,760,0,0,0,0,0,0,0,0,0,0,0,0,0,0,0
343,1403,908,368,821,699,405,498,1203,501,467,216,0,0,0,0,0,0,0,0,0,0,0,0
1294,675,1331,1384,1258,0,0,0,0,0,0,0,0,0,0,0,0,0,0,0,0,0,0,0
283,1152,66,255,1199,714,1245,0,0,0,0,0,0,0,0,0,0,0,0,0,0,0,0,0
1356,1460,660,820,706,425,0,0,0,0,0,0,0,0,0,0,0,0,0,0,0,0,0,0
1629,883,639,592,175,164,702,0,0,0,0,0,0,0,0,0,0,0,0,0,0,0,0,0
1303,839,401,254,1461,530,662,980,976,108,168,1472,0,0,0,0,0,0,0,0,0,0,0,0
691,248,1493,1250,1460,1221,304,1456,492,5,6,371,879,804,590,1557,24,1070,579,401,0,0,0,0
1019,641,976,1580,749,168,1609,715,1315,794,1088,1183,771,159,997,541,908,618,0,0,0,0,0,0
989,223,726,1192,873,580,1075,1546,86,1095,849,1232,0,0,0,0,0,0,0,0,0,0,0,0
328,1327,1515,642,1438,261,0,0,0,0,0,0,0,0,0,0,0,0,0,0,0,0,0,0
427,900,614,494,1374,893,876,1423,-1,900,1202,0,0,0,0,0,0,0,0,0,0,0,0,0
0,0,0,0,0,0,0,0,0,0,0,0,0,0,0,0,0,0,0,0,0,0,0,0
295,390,543,660,1358,812,982,1125,1158,313,0,0,0,0,0,0,0,0,0,0,0,0,0,0
1013,378,658,442,1242,714,1478,1152,1572,1096,723,1611,235,0,0,0,0,0,0,0,0,0,0,0
484,1408,637,895,600,783,338,1371,593,576,763,240,959,1522,35,1066,199,1407,265,666,1035,1385,1060,0
871,1016,1149,1155,75,1633,1620,861,1021,1440,339,0,0,0,0,0,0,0,0,0,0,0,0,0
82,987,1200,670,-1,578,821,346,483,761,125,384,599,870,142,1520,1303,1011,707,61,883,623,1422,1496
108,373,1071,912,874,1271,1562,397,584,697,627,1388,878,798,689,1621,1194,1521,935,1511,1606,702,1416,0
573,738,64,901,1535,1403,847,1622,512,972,624,1605,0,0,0,0,0,0,0,0,0,0,0,0
675,407,843,194,635,166,567,1370,601,699,169,498,620,325,495,1061,801,1420,0,0,0,0,0,0
782,731,977,1009,1262,1501,561,1258,187,713,1031,1292,1006,388,254,0,0,0,0,0,0,0,0,0
323,211,1089,1625,661,278,1333,1461,848,706,0,0,0,0,0,0,0,0,0,0,0,0,0,0
1057,-1,1108,922,682,633,1532,316,1202,1345,852,1628,137,509,1343,258,508,162,792,1319,1032,0,0,0
292,1002,1526,1368,1015,1176,360,1238,67,1384,1111,1124,1159,0,0,0,0,0,0,0,0,0,0,0
960,139,113,1144,340,728,164,447,662,38,210,833,1209,1347,0,0,0,0,0,0,0,0,0,0
1349,994,0,0,0,0,0,0,0,0,0,0,0,0,0,0,0,0,0,0,0,0,0,0
1229,820,0,0,0,0,0,0,0,0,0,0,0,0,0,0,0,0,0,0,0,0,0,0
1357,1527,336,1098,68,1508,413,1448,1626,1626,66,857,0,0,0,0,0,0,0,0,0,0,0,0
585,858,1092,659,437,91,1524,605,846,1243,1287,171,0,0,0,0,0,0,0,0,0,0,0,0
-1,1199,1113,598,885,175,307,280,769,172,1536,1293,1587,389,1330,341,0,0,0,0,0,0,0,0
55,1301,407,299,179,340,794,1609,177,858,570,211,1224,194,578,1044,893,143,0,0,0,0,0,0
1519,1032,1104,1544,265,1258,1085,1493,395,368,793,1024,292,1593,1315,1113,857,0,0,0,0,0,0,0
752,1093,1423,792,1229,495,512,258,1019,955,801,0,0,0,0,0,0,0,0,0,0,0,0,0
10,38,1461,718,1087,86,660,645,1448,1147,1065,261,0,0,0,0,0,0,0,0,0,0,0,0
496,783,1148,0,0,0,0,0,0,0,0,0,0,0,0,0,0,0,0,0,0,0,0,0
1139,604,1333,403,849,565,1527,255,1112,593,977,0,0,0,0,0,0,0,0,0,0,0,0,0
12,1587,1329,1451,1317,778,530,1022,0,0,0,0,0,0,0,0,0,0,0,0,0,0,0,0
541,46,1170,728,1124,683,1508,994,1358,0,0,0,0,0,0,0,0,0,0,0,0,0,0,0
1503,1415,235,989,840,1411,210,1532,254,1521,982,429,0,0,0,0,0,0,0,0,0,0,0,0
1202,1060,372,119,1545,785,162,870,1184,1456,1111,1400,0,0,0,0,0,0,0,0,0,0,0,0
1303,338,576,707,667,641,1158,0,0,0,0,0,0,0,0,0,0,0,0,0,0,0,0,0
1371,1522,584,1070,437,1580,675,885,405,937,1520,1468,584,0,0,0,0,0,0,0,0,0,0,0
940,1000,1200,339,1515,0,0,0,0,0,0,0,0,0,0,0,0,0,0,0,0,0,0,0
733,307,888,66,697,519,755,172,0,0,0,0,0,0,0,0,0,0,0,0,0,0,0,0
997,635,1271,1016,734,390,0,0,0,0,0,0,0,0,0,0,0,0,0,0,0,0,0,0
439,0,0,0,0,0,0,0,0,0,0,0,0,0,0,0,0,0,0,0,0,0,0,0
425,699,633,987,1031,980,248,1572,-1,0,0,0,0,0,0,0,0,0,0,0,0,0,0,0
29,719,497,1625,1071,1209,1486,0,0,0,0,0,0,0,0,0,0,0,0,0,0,0,0,0
476,226,1407,216,1295,871,0,0,0,0,0,0,0,0,0,0,0,0,0,0,0,0,0,0
1009,1422,624,348,413,605,1629,360,63,662,410,895,1262,763,39,0,0,0,0,0,0,0,0,0
795,1192,64,1013,0,0,0,0,0,0,0,0,0,0,0,0,0,0,0,0,0,0,0,0
963,1203,1546,0,0,0,0,0,0,0,0,0,0,0,0,0,0,0,0,0,0,0,0,0
1173,814,400,328,737,499,0,0,0,0,0,0,0,0,0,0,0,0,0,0,0,0,0,0
91,278,1284,199,1621,0,0,0,0,0,0,0,0,0,0,0,0,0,0,0,0,0,0,0
1106,1614,1326,1371,1011,136,204,1352,292,373,35,1016,1183,960,795,1396,346,1284,881,265,0,0,0,0
1636,99,783,64,1411,1243,942,552,361,0,0,0,0,0,0,0,0,0,0,0,0,0,0,0
1215,916,637,1563,733,599,297,53,1505,833,776,1262,584,157,1509,820,1203,1374,22,0,0,0,0,0
283,660,1482,1521,1132,141,576,800,-1,0,0,0,0,0,0,0,0,0,0,0,0,0,0,0
1627,1248,277,316,659,1609,832,847,1331,360,0,0,0,0,0,0,0,0,0,0,0,0,0,0
338,1242,955,1356,1361,1579,389,1442,887,1251,0,0,0,0,0,0,0,0,0,0,0,0,0,0
81,401,870,641,174,1082,654,0,0,0,0,0,0,0,0,0,0,0,0,0,0,0,0,0
1283,1199,1261,169,1059,1232,0,0,0,0,0,0,0,0,0,0,0,0,0,0,0,0,0,0
684,510,1458,694,162,285,1620,559,453,173,0,0,0,0,0,0,0,0,0,0,0,0,0,0
722,1109,974,501,247,339,0,0,0,0,0,0,0,0,0,0,0,0,0,0,0,0,0,0
1403,628,1234,528,1185,1047,646,722,0,0,0,0,0,0,0,0,0,0,0,0,0,0,0,0
867,921,488,1367,371,1104,839,1566,1584,1399,1096,934,344,0,0,0,0,0,0,0,0,0,0,0
1362,-1,1513,1270,1074,830,0,0,0,0,0,0,0,0,0,0,0,0,0,0,0,0,0,0
1012,997,780,480,392,-1,1250,813,706,350,93,0,0,0,0,0,0,0,0,0,0,0,0,0
1461,321,1532,590,24,1618,1606,766,1500,0,0,0,0,0,0,0,0,0,0,0,0,0,0,0
1151,1027,497,1460,719,0,0,0,0,0,0,0,0,0,0,0,0,0,0,0,0,0,0,0
1195,295,1389,1110,1037,1423,52,1087,0,0,0,0,0,0,0,0,0,0,0,0,0,0,0,0
1302,1263,368,434,685,764,967,1163,1416,1484,0,0,0,0,0,0,0,0,0,0,0,0,0,0
1336,499,1342,1214,1619,1235,761,43,494,374,0,0,0,0,0,0,0,0,0,0,0,0,0,0
984,1394,82,1250,0,0,0,0,0,0,0,0,0,0,0,0,0,0,0,0,0,0,0,0
959,-1,493,687,3,526,1181,431,1341,0,0,0,0,0,0,0,0,0,0,0,0,0,0,0
1083,541,658,821,608,1344,572,387,109,168,1359,0,0,0,0,0,0,0,0,0,0,0,0,0
869,1309,1299,39,1189,707,1015,0,0,0,0,0,0,0,0,0,0,0,0,0,0,0,0,0
1455,1269,771,1517,1216,0,0,0,0,0,0,0,0,0,0,0,0,0,0,0,0,0,0,0
